0.019043
0.019043
0.019043
0.026855
0.003418
0.000000
-0.003906
0.011230
-0.007813
0.015137
0.007324
0.003418
-0.003906
0.022949
0.000000
0.030762
0.019043
0.019043
0.022949
0.007324
0.026855
0.035156
0.022949
0.011230
-0.003906
0.022949
0.003418
0.019043
0.011230
0.003418
0.015137
0.019043
-0.007813
0.003418
0.011230
0.003418
0.000000
0.000000
-0.003906
0.011230
0.011230
0.030762
0.022949
0.019043
0.035156
0.015137
0.019043
0.022949
0.022949
0.011230
0.019043
0.019043
0.003418
0.019043
0.019043
0.011230
0.022949
0.019043
0.026855
0.022949
0.026855
0.030762
0.030762
0.011230
-0.012207
0.019043
0.003418
0.011230
0.019043
0.015137
0.011230
0.000000
0.019043
0.003418
0.015137
0.003418
0.015137
0.015137
0.007324
0.011230
0.019043
-0.003906
0.019043
0.011230
0.019043
0.030762
0.000000
0.019043
0.019043
0.011230
0.015137
0.011230
0.022949
0.022949
0.019043
0.019043
0.019043
0.019043
0.019043
-0.003906
-0.003906
0.015137
0.003418
0.000000
0.003418
0.022949
0.000000
0.011230
0.007324
-0.003906
0.011230
0.011230
0.022949
0.007324
0.022949
0.019043
0.019043
0.019043
0.015137
0.022949
0.022949
0.000000
0.011230
0.011230
0.026855
0.015137
0.003418
0.019043
0.022949
0.007324
-0.007813
0.003418
0.019043
0.019043
0.019043
0.007324
-0.031738
-0.007813
0.000000
0.007324
0.000000
0.019043
0.011230
0.019043
0.007324
0.000000
0.007324
0.015137
0.019043
0.007324
-0.007813
-0.012207
0.003418
-0.016113
0.003418
0.007324
0.019043
0.000000
0.011230
0.019043
0.019043
0.003418
0.015137
0.026855
0.000000
0.007324
0.019043
0.019043
-0.016113
0.000000
-0.020020
0.003418
-0.007813
0.003418
0.003418
-0.003906
0.000000
-0.016113
-0.003906
0.003418
-0.012207
0.003418
-0.016113
-0.016113
-0.003906
-0.012207
-0.012207
-0.012207
-0.023926
-0.031738
-0.016113
-0.016113
-0.012207
0.011230
0.019043
0.003418
-0.003906
0.019043
0.000000
-0.016113
-0.023926
-0.027832
-0.020020
-0.007813
0.000000
0.003418
-0.027832
0.003418
-0.020020
-0.027832
-0.003906
-0.012207
-0.003906
-0.012207
-0.031738
-0.003906
-0.012207
-0.012207
-0.027832
-0.023926
-0.007813
-0.007813
-0.023926
0.011230
-0.016113
-0.016113
-0.016113
-0.012207
-0.012207
-0.003906
0.000000
0.000000
-0.012207
-0.023926
-0.020020
-0.003906
-0.020020
-0.031738
-0.007813
0.007324
-0.023926
-0.031738
-0.003906
0.003418
-0.020020
0.000000
-0.023926
-0.031738
-0.012207
0.019043
0.007324
-0.003906
-0.016113
-0.007813
0.019043
0.000000
-0.003906
-0.020020
0.000000
-0.020020
-0.012207
-0.016113
0.000000
0.000000
-0.012207
-0.016113
-0.020020
-0.012207
0.000000
-0.016113
-0.003906
-0.016113
0.007324
-0.012207
0.003418
0.003418
-0.003906
-0.007813
-0.016113
-0.003906
-0.016113
0.000000
-0.007813
-0.016113
-0.016113
-0.007813
0.000000
-0.023926
-0.012207
-0.003906
0.000000
0.003418
0.000000
-0.016113
-0.007813
0.011230
-0.012207
0.011230
-0.003906
-0.016113
-0.003906
-0.016113
0.003418
0.000000
-0.016113
0.000000
-0.007813
0.003418
-0.020020
-0.012207
-0.016113
0.003418
0.000000
-0.016113
0.000000
-0.012207
0.007324
0.003418
-0.020020
-0.012207
0.007324
-0.012207
-0.012207
0.000000
0.007324
-0.016113
-0.007813
0.003418
-0.007813
0.011230
0.000000
-0.016113
0.003418
-0.023926
-0.003906
-0.012207
0.011230
-0.003906
0.003418
0.000000
0.011230
-0.003906
-0.007813
-0.027832
0.015137
-0.020020
0.007324
0.003418
0.011230
0.003418
-0.003906
0.003418
0.000000
-0.007813
-0.003906
-0.003906
-0.007813
0.019043
0.000000
-0.003906
0.000000
0.003418
0.019043
-0.020020
0.000000
-0.007813
-0.007813
-0.007813
-0.007813
-0.016113
-0.016113
-0.016113
-0.012207
0.000000
-0.003906
-0.003906
-0.020020
-0.023926
-0.016113
-0.020020
-0.020020
0.003418
-0.016113
0.003418
-0.016113
-0.016113
0.003418
-0.007813
-0.020020
-0.016113
-0.012207
-0.016113
0.003418
-0.007813
0.007324
-0.012207
-0.003906
0.003418
0.003418
0.007324
0.019043
0.019043
-0.007813
-0.016113
0.003418
-0.023926
-0.012207
-0.007813
0.019043
-0.027832
-0.003906
-0.020020
-0.020020
-0.003906
0.011230
0.000000
0.003418
-0.007813
-0.007813
-0.007813
-0.007813
-0.003906
0.003418
0.011230
-0.020020
-0.012207
0.011230
0.000000
-0.016113
0.019043
-0.003906
0.019043
0.000000
-0.003906
0.003418
-0.012207
0.000000
-0.020020
-0.003906
-0.016113
-0.003906
0.000000
0.000000
-0.003906
-0.007813
0.007324
-0.023926
0.019043
-0.023926
-0.007813
0.000000
0.003418
-0.016113
-0.016113
-0.007813
-0.020020
0.007324
-0.016113
0.007324
0.011230
0.003418
-0.007813
0.019043
0.003418
0.000000
-0.007813
-0.003906
-0.007813
-0.012207
-0.012207
0.011230
0.003418
-0.007813
0.000000
0.000000
0.007324
-0.007813
-0.012207
-0.007813
0.003418
0.007324
0.019043
-0.016113
-0.003906
0.003418
-0.003906
0.003418
-0.016113
-0.020020
-0.020020
-0.012207
-0.012207
-0.016113
-0.007813
-0.003906
0.015137
0.003418
-0.012207
-0.016113
-0.003906
-0.003906
0.003418
0.000000
-0.020020
0.003418
-0.003906
-0.012207
-0.020020
0.003418
-0.003906
-0.007813
-0.007813
0.000000
-0.023926
-0.012207
0.000000
-0.003906
-0.012207
-0.012207
0.007324
0.003418
-0.016113
-0.020020
-0.016113
0.007324
0.000000
-0.007813
0.007324
-0.016113
-0.020020
-0.003906
-0.012207
-0.007813
-0.003906
-0.016113
-0.012207
0.011230
-0.016113
-0.016113
-0.031738
-0.016113
-0.031738
-0.027832
-0.007813
-0.016113
-0.016113
-0.012207
-0.016113
0.000000
-0.007813
0.007324
0.003418
-0.012207
0.003418
-0.003906
0.003418
-0.016113
0.007324
0.000000
-0.007813
0.000000
-0.012207
-0.007813
-0.016113
-0.016113
-0.012207
-0.003906
0.003418
-0.012207
-0.003906
-0.003906
-0.007813
-0.020020
-0.003906
-0.007813
-0.003906
0.003418
-0.007813
-0.003906
-0.003906
0.000000
-0.007813
0.003418
0.003418
-0.016113
0.000000
0.003418
-0.007813
-0.012207
-0.016113
-0.007813
-0.016113
-0.012207
-0.007813
-0.012207
-0.003906
-0.023926
0.003418
-0.023926
-0.027832
0.003418
0.011230
0.007324
-0.016113
0.003418
-0.003906
-0.007813
0.000000
0.000000
0.003418
0.000000
-0.012207
-0.023926
-0.020020
-0.003906
-0.020020
-0.003906
-0.012207
-0.003906
-0.003906
-0.016113
0.003418
-0.016113
-0.007813
-0.016113
-0.003906
0.007324
-0.007813
0.011230
0.000000
-0.007813
-0.012207
-0.007813
-0.003906
-0.012207
0.003418
-0.007813
-0.012207
0.000000
-0.023926
-0.016113
0.003418
0.000000
-0.020020
-0.016113
-0.003906
-0.012207
-0.027832
-0.020020
-0.012207
-0.027832
-0.031738
-0.016113
0.003418
0.003418
0.003418
0.019043
0.019043
0.000000
0.003418
0.003418
-0.012207
0.015137
0.003418
0.022949
-0.016113
0.019043
0.003418
0.007324
0.019043
0.000000
-0.007813
0.011230
-0.007813
-0.016113
-0.003906
0.000000
0.019043
0.003418
0.015137
0.035156
-0.003906
0.000000
-0.016113
0.007324
0.000000
0.000000
-0.007813
-0.012207
-0.007813
0.000000
0.011230
0.003418
-0.007813
0.011230
0.000000
-0.016113
-0.012207
-0.023926
0.003418
0.003418
0.003418
0.003418
0.000000
-0.039551
0.007324
-0.012207
-0.007813
-0.012207
0.000000
-0.007813
-0.012207
-0.016113
0.015137
0.019043
-0.012207
-0.016113
-0.003906
-0.035645
0.035156
-0.003906
-0.055664
0.109863
0.022949
-0.023926
0.003418
0.003418
0.003418
-0.063477
-0.012207
0.011230
0.011230
0.015137
0.015137
0.015137
0.019043
-0.007813
0.000000
-0.020020
-0.027832
-0.012207
-0.023926
-0.031738
0.000000
0.011230
-0.012207
-0.016113
-0.012207
-0.020020
-0.016113
-0.003906
-0.020020
-0.043457
-0.083008
0.000000
-0.020020
0.035156
0.022949
0.019043
0.007324
-0.039551
-0.035645
-0.186035
0.007324
0.026855
0.046875
0.003418
-0.016113
-0.023926
-0.031738
-0.020020
-0.043457
-0.016113
0.007324
-0.016113
-0.035645
-0.059570
-0.059570
-0.047363
-0.031738
-0.027832
-0.035645
-0.027832
-0.043457
-0.071289
-0.071289
-0.059570
-0.039551
-0.059570
-0.059570
-0.055664
-0.059570
-0.043457
-0.055664
-0.051270
-0.047363
-0.047363
-0.035645
-0.012207
-0.035645
-0.007813
-0.027832
-0.023926
-0.043457
-0.067383
-0.055664
-0.071289
-0.083008
-0.059570
-0.035645
-0.051270
-0.047363
-0.023926
-0.012207
0.007324
0.019043
-0.031738
-0.016113
-0.047363
-0.020020
-0.035645
-0.027832
-0.031738
0.003418
-0.023926
-0.027832
-0.003906
-0.003906
0.003418
-0.012207
0.003418
0.030762
0.022949
0.046875
0.062500
0.058594
0.026855
0.050781
0.066406
0.050781
0.035156
0.074707
0.050781
0.050781
0.030762
0.022949
0.030762
0.050781
0.046875
0.050781
0.066406
0.062500
0.105957
0.039063
0.086426
0.090332
0.082520
0.058594
0.058594
0.035156
0.066406
0.054688
0.066406
0.058594
0.054688
0.039063
0.058594
0.066406
0.058594
0.042969
0.039063
0.030762
0.035156
0.007324
0.000000
0.011230
0.003418
0.019043
-0.016113
0.019043
0.078613
0.042969
0.042969
0.030762
0.007324
0.003418
0.015137
0.026855
0.046875
0.050781
0.022949
0.074707
0.070313
0.074707
0.098145
0.078613
0.039063
0.039063
0.035156
0.035156
0.035156
0.026855
0.011230
0.000000
0.019043
0.042969
0.054688
0.050781
0.050781
0.050781
0.042969
0.058594
0.062500
0.039063
0.062500
0.070313
0.086426
0.062500
0.054688
0.035156
0.019043
0.019043
0.011230
0.039063
0.058594
0.066406
0.074707
0.086426
0.094238
0.086426
0.070313
0.062500
0.050781
0.046875
0.035156
0.046875
0.058594
-0.106934
0.157227
0.030762
0.050781
0.082520
0.042969
0.039063
0.026855
0.035156
0.046875
0.039063
0.035156
0.035156
0.058594
0.066406
0.058594
0.070313
0.078613
0.066406
0.074707
0.039063
0.066406
0.042969
0.046875
0.022949
0.022949
0.019043
0.039063
0.050781
0.090332
0.019043
0.058594
0.042969
0.058594
0.054688
0.082520
0.062500
0.090332
0.086426
0.082520
0.062500
0.042969
0.026855
0.035156
0.035156
0.019043
0.030762
0.039063
0.046875
0.074707
0.074707
0.074707
0.086426
0.066406
0.058594
0.082520
0.066406
0.054688
0.050781
0.035156
0.042969
0.070313
0.066406
0.058594
0.046875
0.062500
0.035156
0.050781
0.054688
0.039063
0.058594
0.050781
0.050781
0.046875
0.082520
0.054688
0.066406
0.054688
0.019043
0.030762
0.022949
0.022949
0.019043
0.035156
0.058594
0.042969
0.046875
0.050781
0.042969
0.042969
0.050781
0.022949
0.058594
0.058594
0.050781
0.042969
0.050781
0.058594
0.050781
0.042969
0.030762
0.035156
0.022949
0.030762
0.026855
0.026855
0.019043
0.035156
0.035156
0.035156
0.026855
0.026855
0.019043
-0.003906
0.019043
0.000000
0.019043
0.019043
0.011230
0.030762
0.015137
0.019043
0.026855
0.022949
0.011230
0.015137
-0.012207
0.058594
0.000000
0.042969
0.000000
0.007324
0.015137
0.003418
0.003418
0.007324
-0.023926
-0.020020
-0.016113
-0.020020
-0.016113
-0.007813
-0.007813
-0.007813
-0.007813
0.007324
-0.007813
0.000000
-0.003906
-0.003906
0.003418
0.000000
0.000000
-0.007813
-0.020020
-0.047363
-0.012207
-0.016113
-0.012207
-0.012207
-0.016113
-0.020020
-0.020020
-0.012207
-0.020020
-0.016113
-0.020020
-0.047363
-0.020020
-0.020020
-0.016113
-0.031738
-0.027832
-0.023926
-0.027832
-0.016113
-0.012207
-0.003906
-0.007813
-0.016113
-0.020020
-0.023926
-0.016113
-0.016113
-0.020020
-0.016113
-0.020020
-0.012207
-0.031738
-0.012207
-0.020020
-0.020020
-0.003906
-0.020020
-0.007813
0.000000
-0.020020
-0.003906
-0.027832
-0.027832
-0.012207
-0.007813
-0.035645
-0.012207
-0.031738
0.003418
-0.016113
-0.020020
-0.027832
0.000000
-0.016113
-0.016113
-0.007813
0.003418
-0.003906
-0.003906
-0.012207
-0.020020
-0.023926
-0.020020
-0.007813
-0.020020
-0.012207
-0.003906
-0.031738
-0.020020
-0.016113
-0.020020
-0.007813
-0.007813
-0.023926
-0.003906
-0.003906
-0.020020
-0.016113
-0.003906
0.015137
-0.003906
-0.020020
0.000000
-0.007813
0.007324
-0.003906
-0.007813
0.019043
-0.016113
-0.016113
-0.020020
-0.012207
0.003418
-0.020020
-0.020020
-0.012207
-0.020020
-0.031738
-0.027832
-0.027832
-0.075195
-0.027832
-0.016113
-0.012207
-0.027832
-0.016113
0.003418
-0.020020
-0.012207
0.003418
-0.027832
-0.020020
-0.007813
-0.020020
-0.003906
-0.020020
0.000000
-0.027832
-0.027832
-0.016113
0.000000
0.007324
-0.007813
-0.012207
0.003418
0.003418
0.000000
-0.007813
-0.003906
-0.003906
0.011230
0.000000
0.019043
0.000000
0.000000
-0.007813
0.003418
-0.016113
-0.003906
0.003418
-0.016113
-0.007813
-0.016113
-0.016113
0.019043
0.007324
-0.003906
-0.016113
-0.012207
0.000000
0.003418
0.019043
0.003418
-0.016113
0.019043
-0.012207
0.003418
0.019043
0.000000
0.000000
0.026855
0.007324
0.000000
0.003418
-0.003906
0.007324
0.019043
-0.016113
0.019043
-0.016113
0.000000
-0.020020
-0.016113
-0.016113
-0.020020
-0.003906
-0.016113
-0.023926
-0.003906
-0.007813
-0.007813
0.003418
0.003418
0.003418
-0.016113
0.011230
0.019043
0.000000
0.019043
0.000000
-0.016113
0.003418
-0.003906
0.000000
-0.012207
-0.003906
-0.023926
-0.027832
-0.003906
-0.007813
-0.012207
-0.007813
-0.007813
-0.003906
0.003418
0.003418
0.019043
-0.016113
0.011230
-0.023926
-0.020020
-0.016113
0.011230
-0.003906
0.000000
0.003418
0.007324
-0.003906
0.000000
-0.007813
-0.012207
0.003418
-0.003906
0.000000
0.007324
0.026855
-0.007813
-0.003906
0.000000
-0.023926
-0.003906
-0.023926
0.000000
0.003418
-0.007813
0.003418
0.019043
-0.007813
-0.016113
0.011230
-0.012207
-0.007813
-0.007813
0.019043
0.019043
-0.012207
-0.012207
-0.007813
0.003418
-0.007813
-0.020020
-0.012207
-0.007813
-0.012207
-0.016113
-0.016113
0.007324
-0.020020
-0.003906
0.007324
0.007324
0.015137
0.007324
-0.003906
0.022949
0.015137
0.019043
0.022949
0.015137
0.022949
0.019043
0.003418
0.022949
0.007324
0.003418
0.000000
0.019043
0.019043
0.003418
-0.003906
-0.007813
-0.020020
0.015137
-0.016113
0.019043
0.019043
-0.003906
-0.003906
0.003418
0.003418
0.003418
0.019043
0.022949
0.019043
0.022949
0.003418
0.003418
0.007324
-0.016113
0.015137
-0.003906
0.019043
0.007324
0.019043
-0.007813
0.015137
0.000000
-0.016113
-0.003906
0.003418
0.007324
-0.012207
-0.007813
0.003418
-0.007813
0.035156
0.003418
0.011230
-0.012207
-0.016113
0.007324
0.015137
-0.003906
0.003418
-0.003906
0.011230
-0.003906
0.003418
0.003418
-0.016113
0.000000
-0.003906
0.003418
0.011230
0.007324
0.000000
0.015137
0.019043
-0.016113
0.015137
0.000000
-0.007813
0.003418
-0.003906
0.003418
0.019043
0.000000
0.022949
0.007324
-0.016113
0.022949
0.003418
0.026855
0.022949
0.030762
0.026855
0.030762
0.046875
-0.039551
0.054688
0.022949
0.019043
0.007324
0.082520
0.050781
0.066406
0.062500
0.022949
0.066406
-0.035645
0.046875
-0.016113
-0.055664
-0.055664
-0.031738
-0.063477
-0.047363
-0.043457
-0.063477
-0.039551
-0.047363
-0.027832
-0.027832
-0.020020
-0.031738
0.000000
-0.003906
-0.003906
0.003418
-0.007813
0.000000
0.003418
-0.020020
-0.003906
-0.020020
-0.016113
-0.012207
-0.039551
-0.035645
-0.023926
-0.016113
0.003418
-0.012207
0.007324
-0.016113
0.003418
0.003418
0.007324
-0.007813
0.000000
0.000000
0.026855
0.019043
0.003418
0.000000
0.046875
0.003418
0.007324
0.011230
0.011230
0.035156
0.019043
0.019043
-0.003906
0.022949
0.000000
0.011230
0.022949
0.022949
0.022949
-0.007813
0.022949
0.019043
0.066406
0.019043
0.022949
0.042969
0.030762
0.015137
0.003418
0.011230
0.030762
0.022949
0.030762
0.035156
0.019043
0.019043
0.019043
0.019043
0.022949
0.022949
0.054688
0.054688
0.026855
0.007324
-0.007813
0.022949
-0.003906
-0.031738
0.003418
-0.027832
-0.012207
-0.027832
-0.027832
-0.031738
-0.020020
-0.016113
-0.039551
-0.079102
-0.075195
-0.094727
-0.075195
-0.055664
-0.063477
-0.031738
-0.023926
-0.039551
-0.047363
-0.063477
-0.075195
-0.071289
-0.063477
-0.051270
-0.051270
-0.031738
-0.043457
-0.071289
-0.051270
-0.039551
-0.007813
-0.047363
-0.051270
0.015137
-0.027832
-0.086914
-0.099121
-0.103027
-0.071289
-0.063477
-0.075195
-0.067383
-0.079102
-0.134277
-0.130371
-0.106934
-0.071289
-0.055664
-0.047363
-0.035645
-0.043457
-0.071289
-0.047363
-0.055664
-0.071289
-0.067383
-0.075195
-0.043457
-0.051270
-0.047363
-0.012207
-0.031738
-0.059570
-0.103027
-0.099121
-0.079102
-0.071289
-0.059570
-0.067383
-0.094727
-0.106934
-0.094727
-0.106934
-0.067383
-0.059570
-0.063477
-0.051270
-0.043457
-0.067383
-0.059570
-0.023926
-0.031738
-0.039551
-0.063477
-0.027832
-0.016113
-0.003906
-0.023926
-0.063477
-0.059570
-0.059570
-0.051270
-0.043457
-0.039551
-0.023926
-0.043457
-0.043457
-0.075195
-0.086914
-0.094727
-0.090820
-0.083008
-0.039551
-0.063477
-0.059570
-0.079102
-0.043457
-0.051270
0.000000
0.000000
-0.020020
-0.027832
-0.043457
-0.071289
-0.063477
-0.063477
-0.043457
-0.039551
-0.039551
-0.027832
-0.047363
-0.039551
-0.027832
-0.059570
-0.047363
-0.083008
-0.051270
-0.059570
-0.059570
-0.051270
-0.031738
-0.031738
-0.023926
-0.075195
-0.047363
-0.043457
-0.027832
-0.035645
-0.035645
-0.047363
-0.035645
-0.023926
-0.020020
-0.039551
-0.003906
0.000000
-0.027832
-0.020020
-0.020020
-0.043457
-0.027832
-0.023926
-0.023926
-0.020020
-0.035645
-0.079102
-0.071289
-0.063477
-0.083008
-0.086914
-0.083008
-0.083008
-0.067383
-0.051270
-0.020020
-0.003906
-0.047363
-0.039551
-0.003906
-0.016113
-0.031738
-0.023926
0.000000
-0.023926
-0.063477
-0.055664
-0.043457
-0.047363
-0.043457
-0.027832
-0.023926
-0.051270
-0.020020
-0.051270
-0.023926
-0.035645
-0.043457
-0.031738
-0.035645
-0.023926
-0.043457
-0.039551
-0.039551
-0.035645
-0.020020
-0.031738
-0.051270
-0.063477
-0.055664
-0.043457
-0.035645
-0.039551
-0.012207
0.019043
-0.012207
-0.016113
-0.020020
-0.016113
-0.012207
-0.027832
-0.059570
-0.031738
-0.031738
-0.027832
-0.047363
-0.027832
-0.020020
-0.012207
-0.035645
-0.039551
-0.031738
-0.051270
-0.035645
-0.039551
-0.059570
-0.051270
-0.051270
-0.023926
-0.016113
-0.003906
-0.023926
-0.051270
-0.031738
-0.007813
-0.023926
-0.012207
-0.007813
-0.027832
0.003418
-0.020020
-0.027832
-0.031738
-0.027832
-0.027832
-0.039551
-0.035645
-0.039551
-0.039551
-0.031738
-0.020020
-0.031738
-0.016113
-0.039551
-0.039551
-0.039551
-0.020020
-0.003906
0.003418
-0.007813
-0.016113
-0.031738
-0.003906
-0.023926
-0.020020
-0.012207
-0.016113
-0.031738
-0.016113
-0.020020
-0.043457
-0.039551
-0.031738
-0.016113
-0.027832
-0.012207
0.000000
0.003418
-0.020020
-0.020020
-0.007813
-0.007813
-0.012207
-0.012207
0.007324
-0.016113
-0.016113
-0.012207
-0.007813
0.011230
-0.020020
0.007324
-0.012207
-0.003906
-0.016113
-0.023926
-0.023926
-0.020020
-0.027832
-0.027832
-0.020020
0.000000
-0.020020
-0.007813
0.003418
-0.007813
0.003418
-0.016113
-0.035645
-0.016113
-0.016113
0.003418
0.003418
-0.016113
-0.003906
0.019043
-0.003906
-0.007813
-0.016113
-0.039551
-0.027832
-0.027832
-0.039551
-0.031738
-0.031738
-0.016113
-0.016113
-0.012207
-0.020020
-0.016113
-0.031738
-0.023926
-0.016113
-0.007813
0.015137
-0.016113
-0.016113
-0.007813
-0.020020
0.000000
-0.020020
-0.016113
0.007324
-0.023926
-0.020020
-0.027832
-0.023926
-0.003906
-0.016113
-0.012207
-0.012207
-0.012207
-0.007813
0.007324
0.000000
-0.012207
-0.003906
-0.007813
-0.031738
-0.012207
-0.031738
0.007324
-0.016113
0.003418
-0.012207
-0.007813
0.000000
-0.003906
-0.020020
-0.016113
0.003418
-0.003906
-0.016113
-0.016113
0.003418
0.003418
0.003418
-0.007813
-0.012207
-0.012207
-0.016113
0.003418
-0.016113
-0.003906
-0.023926
-0.020020
-0.027832
-0.020020
-0.020020
-0.012207
-0.027832
-0.023926
-0.023926
-0.016113
-0.016113
-0.016113
-0.012207
-0.012207
0.003418
-0.012207
-0.012207
-0.007813
-0.007813
-0.027832
-0.007813
-0.016113
0.003418
-0.023926
-0.012207
-0.012207
-0.031738
-0.007813
-0.031738
-0.020020
-0.027832
-0.012207
-0.020020
-0.027832
-0.016113
-0.012207
-0.031738
-0.007813
-0.020020
-0.016113
0.007324
-0.007813
-0.012207
-0.016113
-0.023926
-0.020020
0.003418
-0.007813
-0.035645
-0.012207
-0.020020
-0.023926
-0.016113
-0.012207
-0.012207
-0.012207
-0.012207
-0.023926
-0.012207
-0.012207
-0.007813
-0.016113
-0.039551
0.003418
-0.023926
-0.007813
-0.012207
-0.031738
-0.003906
-0.016113
-0.031738
-0.007813
-0.020020
-0.023926
-0.031738
-0.020020
-0.027832
-0.023926
-0.043457
-0.023926
-0.020020
-0.016113
-0.020020
-0.020020
-0.035645
-0.003906
-0.007813
0.003418
-0.035645
-0.012207
-0.020020
-0.016113
-0.012207
-0.012207
-0.020020
-0.023926
-0.027832
-0.023926
-0.023926
-0.020020
-0.023926
-0.020020
-0.039551
-0.035645
-0.035645
-0.020020
-0.003906
-0.023926
-0.039551
-0.039551
-0.035645
-0.031738
-0.027832
-0.016113
-0.012207
0.007324
-0.016113
-0.023926
-0.023926
-0.016113
-0.023926
-0.027832
-0.023926
-0.039551
-0.031738
-0.051270
-0.043457
-0.020020
-0.016113
-0.016113
-0.039551
-0.020020
-0.020020
-0.039551
-0.027832
-0.035645
-0.027832
-0.023926
-0.020020
-0.027832
-0.012207
-0.031738
-0.039551
-0.043457
-0.027832
-0.023926
-0.023926
0.003418
-0.012207
-0.012207
0.003418
-0.023926
-0.027832
-0.035645
-0.035645
-0.031738
-0.020020
-0.047363
-0.035645
-0.063477
-0.035645
-0.016113
-0.016113
-0.023926
-0.016113
-0.016113
-0.031738
-0.020020
-0.020020
-0.007813
-0.007813
-0.007813
-0.012207
-0.012207
-0.027832
-0.020020
-0.020020
-0.027832
-0.016113
-0.020020
-0.027832
-0.027832
-0.031738
-0.003906
-0.039551
-0.012207
-0.023926
-0.012207
-0.027832
-0.023926
-0.016113
0.003418
-0.016113
0.000000
-0.007813
-0.020020
-0.023926
-0.035645
-0.023926
-0.020020
-0.007813
-0.016113
-0.020020
-0.020020
-0.020020
-0.020020
-0.020020
-0.003906
-0.027832
-0.051270
-0.023926
-0.027832
-0.007813
-0.023926
-0.039551
-0.023926
-0.023926
-0.012207
-0.020020
-0.023926
-0.016113
-0.007813
-0.007813
-0.016113
-0.007813
-0.020020
-0.027832
-0.023926
-0.012207
-0.007813
0.011230
-0.020020
-0.035645
-0.035645
-0.023926
-0.035645
-0.035645
-0.047363
-0.023926
-0.027832
-0.035645
-0.035645
-0.055664
-0.035645
-0.043457
-0.035645
-0.043457
-0.035645
-0.043457
-0.055664
0.019043
-0.142578
-0.079102
-0.043457
-0.063477
-0.035645
-0.039551
-0.039551
-0.039551
-0.035645
-0.051270
-0.043457
-0.035645
-0.020020
-0.043457
-0.020020
-0.016113
-0.027832
-0.047363
-0.023926
-0.023926
-0.007813
-0.007813
-0.023926
-0.003906
-0.023926
-0.023926
-0.027832
-0.043457
-0.027832
-0.027832
-0.027832
-0.035645
-0.023926
-0.020020
-0.023926
-0.016113
0.000000
0.007324
0.000000
0.011230
-0.020020
0.003418
-0.003906
-0.023926
-0.023926
-0.023926
-0.020020
-0.003906
0.003418
0.003418
-0.007813
0.007324
0.026855
0.011230
0.019043
0.019043
0.000000
0.066406
0.042969
0.019043
0.035156
0.035156
0.022949
0.035156
0.026855
0.039063
0.042969
0.030762
0.035156
0.046875
0.058594
0.050781
0.046875
0.035156
0.022949
0.015137
0.007324
-0.016113
0.015137
0.019043
0.022949
0.000000
-0.012207
-0.051270
-0.016113
-0.055664
-0.023926
-0.051270
-0.047363
-0.023926
-0.016113
0.003418
0.019043
0.019043
0.035156
0.003418
0.003418
0.019043
0.019043
0.035156
0.039063
0.026855
0.026855
0.039063
0.015137
0.011230
-0.003906
-0.012207
-0.007813
-0.016113
-0.031738
-0.043457
-0.055664
-0.039551
-0.071289
-0.067383
-0.039551
-0.043457
-0.043457
-0.055664
-0.012207
0.019043
0.030762
0.035156
0.039063
0.042969
0.035156
0.019043
0.030762
0.058594
0.026855
0.050781
0.035156
0.039063
0.030762
0.035156
0.000000
0.019043
0.007324
0.003418
0.011230
-0.003906
-0.007813
0.007324
0.007324
0.000000
-0.012207
-0.016113
-0.016113
-0.016113
0.007324
0.019043
0.022949
0.019043
-0.003906
0.019043
0.011230
0.003418
0.000000
-0.012207
-0.003906
-0.007813
0.019043
-0.003906
-0.007813
-0.027832
0.003418
-0.035645
-0.007813
-0.020020
-0.023926
-0.031738
-0.023926
-0.020020
0.011230
0.011230
-0.003906
-0.003906
0.003418
0.003418
-0.012207
-0.012207
-0.003906
0.019043
0.022949
0.015137
0.026855
0.019043
0.007324
-0.003906
-0.012207
-0.020020
-0.020020
-0.023926
-0.039551
-0.039551
-0.016113
-0.027832
0.003418
-0.016113
-0.007813
0.007324
0.007324
0.007324
0.035156
0.007324
0.007324
0.019043
-0.012207
-0.007813
0.003418
0.007324
-0.023926
0.011230
0.019043
0.000000
0.000000
-0.012207
0.003418
0.011230
0.003418
-0.016113
0.019043
-0.007813
-0.003906
-0.007813
0.000000
0.000000
0.003418
0.003418
0.003418
-0.012207
-0.012207
-0.012207
-0.007813
-0.007813
-0.012207
-0.027832
-0.007813
-0.023926
-0.023926
-0.016113
-0.012207
-0.007813
-0.020020
-0.016113
-0.020020
-0.012207
-0.023926
0.011230
-0.012207
-0.023926
-0.007813
0.000000
-0.007813
-0.003906
-0.007813
-0.003906
-0.012207
-0.016113
-0.012207
-0.020020
-0.016113
-0.003906
-0.012207
-0.003906
-0.007813
-0.012207
-0.020020
-0.016113
0.000000
-0.020020
-0.023926
-0.020020
-0.031738
-0.023926
-0.039551
0.003418
-0.016113
-0.020020
-0.003906
-0.020020
-0.016113
-0.016113
-0.012207
-0.027832
-0.016113
-0.023926
-0.012207
-0.003906
-0.020020
0.003418
0.019043
0.000000
0.003418
0.000000
0.000000
-0.003906
-0.012207
-0.016113
-0.003906
-0.012207
0.003418
-0.003906
-0.023926
-0.027832
-0.039551
0.003418
-0.023926
-0.020020
-0.020020
-0.020020
-0.016113
-0.007813
-0.012207
-0.031738
-0.003906
-0.012207
-0.012207
-0.016113
-0.043457
-0.031738
-0.003906
0.007324
0.000000
-0.020020
0.007324
-0.003906
-0.016113
-0.023926
-0.020020
-0.027832
-0.007813
-0.012207
0.003418
-0.007813
-0.016113
-0.016113
-0.012207
0.003418
-0.003906
-0.003906
-0.016113
0.003418
-0.012207
-0.016113
-0.023926
-0.020020
-0.003906
-0.016113
-0.012207
-0.023926
-0.027832
-0.016113
-0.020020
-0.003906
-0.020020
-0.031738
0.003418
-0.023926
-0.003906
-0.023926
0.000000
-0.007813
0.011230
-0.003906
0.003418
0.007324
-0.007813
-0.007813
0.000000
-0.016113
0.000000
0.003418
0.011230
-0.016113
-0.007813
-0.020020
-0.007813
-0.020020
0.011230
-0.016113
-0.007813
-0.007813
0.011230
-0.007813
-0.012207
-0.003906
-0.020020
0.000000
-0.007813
-0.012207
0.003418
0.000000
-0.027832
-0.016113
0.000000
-0.016113
0.007324
-0.031738
-0.003906
-0.003906
-0.023926
-0.012207
-0.016113
-0.007813
0.003418
0.003418
-0.016113
0.007324
0.007324
-0.016113
0.003418
0.000000
0.000000
-0.023926
0.003418
0.011230
0.007324
0.003418
0.000000
-0.007813
0.000000
-0.003906
0.011230
-0.007813
-0.012207
-0.003906
0.000000
-0.007813
0.003418
0.011230
0.007324
-0.003906
-0.016113
0.007324
0.003418
-0.016113
0.000000
0.000000
-0.020020
-0.012207
-0.003906
-0.007813
0.003418
-0.007813
0.000000
0.000000
-0.003906
-0.007813
0.019043
-0.003906
-0.003906
0.011230
0.003418
0.000000
0.011230
-0.007813
0.015137
0.000000
0.011230
0.007324
0.019043
0.019043
0.003418
0.019043
0.000000
0.019043
-0.012207
-0.007813
-0.020020
-0.007813
0.011230
-0.020020
-0.023926
0.003418
-0.003906
0.011230
-0.012207
-0.012207
-0.016113
-0.003906
-0.003906
0.011230
-0.016113
0.019043
0.000000
0.011230
0.015137
0.007324
-0.007813
-0.003906
0.003418
0.011230
0.003418
0.019043
0.000000
-0.016113
-0.020020
-0.003906
-0.003906
-0.023926
0.000000
-0.016113
-0.023926
0.022949
0.003418
0.000000
0.019043
0.007324
0.011230
0.026855
0.003418
0.000000
0.011230
-0.003906
-0.007813
-0.020020
-0.003906
-0.003906
-0.012207
-0.007813
-0.007813
0.019043
-0.016113
0.039063
0.000000
-0.003906
0.000000
0.000000
0.011230
0.019043
0.011230
-0.007813
-0.020020
-0.003906
-0.003906
-0.007813
0.000000
0.000000
-0.020020
-0.039551
-0.031738
-0.020020
-0.031738
-0.031738
-0.031738
-0.023926
-0.047363
-0.027832
-0.039551
-0.027832
-0.027832
-0.012207
-0.023926
-0.016113
-0.035645
0.003418
-0.020020
-0.012207
-0.020020
-0.047363
-0.051270
-0.039551
-0.059570
-0.055664
-0.047363
-0.059570
-0.059570
-0.059570
-0.079102
-0.094727
-0.094727
-0.079102
-0.126465
-0.079102
-0.067383
0.003418
-0.134277
-0.118652
-0.103027
-0.158203
-0.162109
-0.166016
-0.189941
-0.173828
-0.162109
-0.193848
-0.209473
-0.225586
-0.217285
-0.201660
-0.197754
-0.193848
-0.209473
-0.229492
-0.209473
-0.221191
-0.213379
-0.229492
-0.245117
-0.217285
-0.229492
-0.292480
-0.312500
-0.304199
-0.316406
-0.312500
-0.308594
-0.312500
-0.332031
-0.355957
-0.379395
-0.399414
-0.415039
-0.407227
-0.438965
-0.450684
-0.430664
-0.403320
-0.399414
-0.379395
-0.418945
-0.422852
-0.490234
-0.458496
-0.379395
-0.446777
-0.458496
-0.418945
-0.458496
-0.454590
-0.454590
-0.454590
-0.565430
-0.490234
-0.494141
-0.501953
-0.501953
-0.486328
-0.482422
-0.490234
-0.521973
-0.509766
-0.478027
-0.545410
-0.529785
-0.541504
-0.545410
-0.557129
-0.545410
-0.596680
-0.632324
-0.608887
-0.636231
-0.640137
-0.616699
-0.612793
-0.636231
-0.647949
-0.656250
-0.667969
-0.640137
-0.652344
-0.667969
-0.632324
-0.675781
-0.664063
-0.644043
-0.683594
-0.687500
-0.683594
-0.703613
-0.715332
-0.743164
-0.754883
-0.754883
-0.766602
-0.735352
-0.747070
-0.747070
-0.750977
-0.758789
-0.750977
-0.747070
-0.743164
-0.770508
-0.743164
-0.754883
-0.802246
-0.810059
-0.798340
-0.833984
-0.861816
-0.905273
-0.877441
-0.905273
-0.877441
-0.877441
-0.869629
-0.893066
-0.889160
-0.885254
-0.900879
-0.881348
-0.865723
-0.857422
-0.865723
-0.865723
-0.877441
-0.881348
-0.889160
-0.913086
-0.885254
-0.889160
-0.869629
-0.881348
-0.916992
-0.983887
-0.940430
-0.881348
-0.905273
-0.920898
-0.913086
-0.940430
-0.909180
-0.996094
-0.948731
-0.996094
-0.987793
-0.924805
-0.940430
-0.976074
-0.976074
-0.936523
-0.952637
-0.968262
-0.972168
-0.968262
-0.996094
-1.003906
-0.983887
-0.983887
-1.000000
-1.051270
-1.035645
-0.948731
-0.952637
-0.983887
-0.972168
-0.968262
-0.976074
-0.972168
-0.979981
-0.976074
-1.003906
-0.979981
-0.996094
-1.011719
-0.972168
-1.007813
-0.996094
-0.979981
-1.023438
-1.015625
-1.015625
-1.023438
-1.043457
-1.031250
-1.019531
-1.000000
-1.015625
-1.027344
-1.031250
-1.015625
-1.000000
-1.027344
-1.027344
-1.003906
-1.015625
-1.019531
-1.019531
-1.019531
-1.023438
-1.015625
-1.011719
-1.031250
-1.023438
-1.007813
-1.027344
-1.015625
-1.023438
-1.019531
-1.027344
-1.000000
-1.003906
-1.000000
-1.000000
-0.996094
-0.983887
-1.011719
-0.996094
-0.996094
-1.011719
-0.983887
-0.960449
-0.983887
-1.007813
-0.996094
-0.972168
-0.972168
-1.000000
-0.968262
-1.003906
-0.983887
-0.996094
-0.972168
-0.979981
-1.015625
-1.000000
-0.987793
-0.992188
-1.007813
-0.992188
-1.000000
-1.000000
-0.996094
-0.987793
-0.987793
-0.968262
-0.987793
-0.976074
-0.996094
-1.003906
-1.011719
-0.996094
-1.011719
-1.000000
-1.000000
-1.015625
-0.996094
-0.987793
-0.996094
-0.996094
-0.979981
-0.983887
-0.979981
-0.976074
-0.983887
-1.011719
-1.023438
-1.003906
-0.996094
-1.019531
-1.015625
-1.023438
-1.011719
-1.007813
-1.007813
-1.000000
-1.019531
-1.007813
-0.996094
-1.003906
-0.972168
-0.968262
-1.003906
-0.976074
-0.996094
-0.972168
-0.976074
-0.968262
-0.996094
-0.996094
-0.987793
-1.000000
-1.003906
-1.011719
-1.011719
-1.011719
-0.996094
-1.007813
-0.996094
-1.007813
-1.003906
-1.003906
-0.976074
-0.996094
-0.979981
-0.996094
-1.000000
-1.000000
-0.996094
-0.996094
-1.015625
-1.000000
-0.976074
-1.000000
-0.996094
-1.007813
-0.881348
-1.070801
-1.043457
-1.003906
-0.972168
-1.043457
-0.996094
-0.987793
-0.983887
-0.996094
-0.983887
-1.011719
-0.987793
-1.011719
-1.003906
-1.007813
-1.027344
-0.983887
-0.992188
-0.983887
-0.996094
-0.996094
-1.003906
-1.003906
-0.976074
-1.007813
-1.011719
-1.011719
-1.023438
-1.000000
-1.003906
-1.011719
-1.007813
-0.983887
-1.003906
-1.007813
-1.011719
-1.003906
-0.996094
-1.007813
-1.003906
-0.979981
-0.992188
-1.007813
-0.983887
-1.003906
-0.996094
-1.007813
-1.007813
-1.003906
-1.000000
-1.011719
-1.011719
-1.007813
-1.019531
-1.003906
-1.000000
-1.000000
-0.996094
-0.996094
-0.996094
-1.000000
-1.015625
-1.019531
-1.023438
-1.015625
-1.011719
-1.003906
-1.011719
-0.972168
-0.976074
-0.983887
-1.007813
-0.987793
-0.996094
-1.007813
-0.979981
-1.007813
-1.000000
-1.015625
-0.976074
-1.019531
-1.003906
-0.972168
-0.976074
-0.996094
-0.976074
-1.007813
-1.000000
-0.996094
-0.996094
-0.983887
-0.979981
-0.992188
-0.996094
-0.979981
-0.992188
-1.003906
-1.007813
-0.976074
-1.000000
-0.987793
-1.000000
-0.996094
-0.996094
-0.983887
-0.983887
-1.000000
-1.007813
-1.019531
-1.003906
-1.003906
-1.003906
-0.979981
-1.000000
-0.979981
-0.968262
-0.992188
-1.003906
-0.987793
-0.987793
-0.992188
-0.976074
-0.987793
-0.992188
-0.979981
-0.972168
-0.996094
-0.972168
-0.976074
-1.003906
-0.972168
-1.003906
-0.979981
-0.944336
-1.000000
-1.023438
-1.019531
-1.007813
-0.987793
-1.011719
-1.011719
-1.027344
-1.007813
-1.007813
-1.003906
-1.000000
-1.007813
-0.996094
-1.003906
-0.983887
-0.996094
-1.011719
-0.987793
-1.003906
-1.000000
-1.003906
-1.003906
-1.000000
-1.007813
-1.000000
-0.987793
-1.003906
-0.983887
-0.996094
-1.003906
-0.992188
-0.996094
-0.976074
-1.000000
-1.011719
-1.023438
-1.000000
-1.007813
-1.000000
-1.015625
-1.011719
-1.003906
-1.015625
-0.983887
-0.972168
-1.000000
-0.992188
-0.976074
-1.011719
-1.000000
-1.011719
-1.019531
-1.003906
-0.996094
-0.979981
-0.972168
-0.968262
-0.976074
-0.968262
-0.968262
-0.976074
-1.000000
-0.987793
-1.000000
-0.987793
-1.015625
-1.000000
-0.987793
-0.983887
-1.011719
-1.011719
-1.007813
-0.983887
-0.972168
-1.003906
-0.968262
-0.960449
-1.000000
-1.023438
-1.003906
-1.019531
-1.007813
-0.996094
-1.007813
-1.023438
-1.027344
-1.007813
-1.000000
-1.000000
-1.011719
-1.003906
-0.983887
-0.992188
-1.007813
-0.983887
-1.019531
-1.011719
-1.000000
-1.000000
-1.015625
-1.011719
-1.039551
-1.039551
-1.059082
-1.003906
-1.000000
-0.983887
-0.972168
-0.979981
-0.996094
-1.003906
-0.983887
-0.964356
-0.979981
-1.000000
-0.960449
-1.000000
-0.983887
-0.956543
-0.952637
-0.948731
-0.932617
-0.964356
-0.979981
-0.952637
-0.928711
-0.936523
-0.948731
-0.968262
-1.007813
-1.000000
-0.983887
-0.976074
-0.956543
-0.956543
-0.932617
-0.952637
-0.944336
-0.913086
-0.905273
-0.948731
-0.928711
-0.944336
-0.920898
-0.916992
-0.913086
-0.905273
-0.924805
-0.905273
-0.889160
-0.861816
-0.873535
-0.865723
-0.909180
-0.889160
-0.877441
-0.853516
-0.853516
-0.845703
-0.849609
-0.841797
-0.881348
-0.900879
-0.833984
-0.853516
-0.826172
-0.885254
-0.802246
-0.833984
-0.857422
-0.849609
-0.833984
-1.031250
-0.723144
-0.723144
-0.743164
-0.750977
-0.774414
-0.739258
-0.750977
-0.754883
-0.758789
-0.837891
-0.616699
-0.671875
-0.647949
-0.632324
-0.660156
-0.762695
-0.577148
-0.588867
-0.596680
-0.541504
-0.501953
-0.573242
-0.588867
-0.509766
-0.501953
-0.505859
-0.501953
-0.525879
-0.482422
-0.454590
-0.395508
-0.379395
-0.367676
-0.525879
-0.249023
-0.332031
-0.347656
-0.304199
-0.324219
-0.296387
-0.304199
-0.339844
-0.296387
-0.300293
-0.276855
-0.252930
-0.166016
-0.118652
-0.197754
-0.154297
-0.122559
-0.114746
-0.150391
-0.083008
-0.047363
-0.094727
-0.027832
-0.047363
-0.003906
-0.007813
0.022949
0.026855
0.074707
0.062500
0.030762
0.098145
0.086426
0.133789
0.208984
0.109863
0.113770
0.145508
0.200684
0.244141
0.260254
0.228516
0.248535
0.327148
0.315430
0.351074
0.323242
0.354980
0.315430
0.331543
0.354980
0.362793
0.375000
0.375000
0.378906
0.362793
0.370605
0.382813
0.445801
0.453613
0.493164
0.481445
0.501465
0.517090
0.524902
0.540527
0.520996
0.548828
0.548828
0.493164
0.528809
0.604004
0.564453
0.560547
0.604004
0.655273
0.651367
0.623535
0.679199
0.750000
0.750000
0.753906
0.821289
0.793457
0.766113
0.793457
0.841309
0.821289
0.821289
0.860840
0.836914
0.860840
0.856934
0.864746
0.836914
0.809570
0.876465
0.864746
0.908203
0.892578
0.876465
0.880371
0.908203
0.904297
0.919922
0.916016
0.987305
0.932129
0.919922
0.884766
0.833008
0.853027
0.908203
0.912109
0.947754
0.971680
0.951660
0.983398
0.995117
0.979492
0.983398
0.967285
0.971680
1.006836
0.967285
0.947754
0.951660
0.932129
0.967285
0.999023
0.963379
1.011230
0.991211
0.967285
1.030762
1.066406
0.979492
1.054688
1.030762
1.015137
0.991211
0.991211
0.967285
0.995117
0.991211
0.959473
1.038574
1.034668
1.030762
1.019043
1.002930
0.995117
1.030762
0.999023
1.019043
1.030762
1.034668
0.967285
0.995117
1.015137
0.955566
1.050293
1.011230
1.030762
0.999023
0.975586
1.011230
0.959473
0.943848
0.983398
0.975586
0.979492
0.947754
0.991211
1.011230
1.050293
1.030762
1.002930
1.006836
1.006836
1.042480
1.030762
1.022949
0.995117
1.002930
0.999023
0.983398
0.991211
1.002930
0.995117
0.991211
1.011230
1.006836
1.002930
1.006836
1.030762
1.002930
1.042480
1.022949
1.034668
1.022949
1.022949
1.030762
0.999023
1.006836
0.987305
0.983398
0.983398
0.963379
0.983398
0.991211
0.987305
0.995117
1.006836
1.006836
0.987305
0.979492
1.006836
0.999023
0.995117
0.983398
0.967285
0.955566
0.979492
0.999023
0.999023
0.983398
0.987305
1.006836
1.011230
0.995117
0.999023
0.995117
0.991211
0.971680
0.975586
0.987305
0.991211
0.987305
0.987305
0.983398
0.967285
0.991211
0.987305
1.006836
1.006836
0.999023
1.011230
1.030762
1.006836
1.030762
1.038574
1.038574
1.042480
1.038574
1.034668
1.038574
1.022949
0.991211
1.011230
0.991211
0.979492
0.991211
0.991211
1.002930
0.979492
0.979492
0.999023
1.015137
1.002930
0.999023
0.999023
0.983398
0.983398
0.963379
0.975586
0.971680
0.975586
0.987305
0.971680
0.983398
0.987305
0.983398
0.979492
0.987305
0.967285
0.955566
0.971680
1.002930
0.971680
0.987305
0.975586
0.991211
1.019043
1.011230
1.011230
0.999023
1.015137
0.987305
1.006836
0.999023
0.991211
0.987305
0.983398
0.991211
0.979492
0.975586
0.987305
0.995117
1.019043
1.019043
0.999023
1.011230
0.979492
0.963379
0.983398
0.995117
1.006836
1.030762
1.011230
0.991211
0.999023
0.999023
0.999023
0.991211
0.979492
0.955566
0.971680
0.983398
0.983398
0.971680
0.983398
0.991211
0.999023
1.006836
0.999023
1.002930
0.995117
1.015137
0.999023
0.987305
1.019043
0.999023
1.038574
1.030762
1.030762
1.026855
1.011230
1.042480
1.022949
1.015137
0.983398
0.971680
0.955566
0.963379
0.955566
0.971680
0.987305
0.999023
1.006836
1.002930
1.015137
1.019043
1.034668
1.022949
1.019043
0.995117
1.011230
0.999023
1.019043
1.002930
0.991211
0.999023
0.983398
1.015137
0.983398
1.006836
1.038574
0.983398
0.991211
0.983398
0.983398
0.975586
0.967285
0.963379
0.967285
0.971680
0.971680
0.983398
0.967285
0.983398
0.995117
1.015137
1.034668
1.030762
1.054688
1.046387
1.050293
1.042480
1.030762
1.015137
1.006836
1.002930
0.983398
0.995117
0.967285
0.999023
0.991211
0.987305
0.991211
0.979492
0.967285
0.967285
0.975586
0.955566
0.967285
0.955566
0.943848
0.967285
0.999023
0.983398
0.983398
1.011230
1.002930
1.019043
1.034668
1.042480
1.030762
1.046387
1.030762
1.015137
1.030762
1.002930
1.006836
0.995117
0.987305
1.002930
0.987305
1.015137
0.999023
1.002930
1.015137
1.002930
1.015137
1.002930
0.995117
0.999023
0.995117
0.991211
0.979492
0.983398
0.971680
0.983398
0.983398
0.983398
0.983398
0.991211
0.975586
0.975586
0.999023
1.015137
0.991211
0.995117
1.015137
1.011230
1.019043
1.011230
1.042480
1.011230
1.011230
1.006836
1.006836
1.015137
1.022949
1.015137
1.015137
1.019043
1.006836
1.015137
0.999023
1.006836
0.987305
0.991211
0.979492
0.963379
0.967285
0.979492
0.963379
0.975586
0.975586
1.002930
1.006836
0.979492
1.006836
1.015137
1.002930
1.019043
0.991211
0.987305
1.002930
1.006836
0.983398
0.999023
0.987305
0.991211
0.979492
0.983398
0.971680
0.979492
0.999023
0.983398
0.991211
0.975586
1.022949
0.991211
1.019043
1.011230
1.015137
1.015137
0.991211
0.999023
0.987305
0.971680
0.999023
0.967285
0.963379
0.979492
0.947754
0.947754
0.963379
0.936035
0.936035
0.951660
0.955566
0.943848
0.959473
0.955566
0.947754
0.971680
0.999023
0.967285
0.983398
0.975586
0.999023
0.995117
0.991211
1.002930
0.999023
1.011230
1.026855
1.030762
1.022949
1.030762
1.019043
1.038574
1.011230
1.026855
1.019043
1.019043
1.015137
1.034668
1.019043
1.022949
1.030762
1.042480
1.058594
1.038574
1.046387
1.034668
1.058594
1.034668
1.019043
1.030762
1.015137
1.046387
1.038574
1.062500
1.066406
1.070313
1.070313
1.070313
1.082031
1.078125
1.074219
1.098145
1.109863
1.113770
1.113770
1.093750
1.098145
1.109863
1.121582
1.141602
1.181152
1.200684
1.070313
1.054688
1.058594
1.006836
1.038574
1.034668
0.999023
1.002930
0.967285
1.006836
1.046387
0.999023
1.046387
1.054688
1.019043
1.006836
1.054688
0.983398
0.999023
0.999023
1.019043
0.967285
0.951660
0.987305
0.919922
0.947754
0.923828
0.923828
0.836914
0.841309
0.841309
0.856934
0.880371
0.853027
0.868652
0.864746
0.860840
0.900391
0.884766
0.868652
0.876465
0.853027
0.841309
0.829102
0.829102
0.813477
0.817383
0.829102
0.825195
0.841309
0.817383
0.833008
0.797363
0.809570
0.789551
0.766113
0.746094
0.753906
0.750000
0.758301
0.730469
0.714844
0.738281
0.742188
0.746094
0.762207
0.730469
0.710449
0.730469
0.710449
0.694824
0.706543
0.726563
0.714844
0.718750
0.694824
0.679199
0.675293
0.675293
0.659180
0.655273
0.655273
0.635742
0.611816
0.611816
0.572266
0.560547
0.568359
0.583984
0.572266
0.568359
0.576172
0.580078
0.564453
0.592285
0.576172
0.588379
0.548828
0.552734
0.548828
0.592285
0.556641
0.505371
0.485352
0.477539
0.493164
0.485352
0.489258
0.477539
0.489258
0.465820
0.441895
0.437988
0.437988
0.453613
0.437988
0.437988
0.394531
0.402344
0.418457
0.422363
0.410156
0.422363
0.414063
0.398438
0.422363
0.394531
0.406250
0.386719
0.406250
0.366699
0.351074
0.354980
0.351074
0.347168
0.370605
0.335449
0.299805
0.319336
0.339355
0.311523
0.311523
0.319336
0.323242
0.299805
0.299805
0.291992
0.307617
0.288086
0.279785
0.268066
0.279785
0.268066
0.291992
0.260254
0.264160
0.256348
0.279785
0.279785
0.244141
0.228516
0.232422
0.212891
0.205078
0.196777
0.205078
0.216797
0.228516
0.208984
0.200684
0.208984
0.224609
0.212891
0.212891
0.216797
0.200684
0.192871
0.200684
0.200684
0.173340
0.165527
0.145508
0.149414
0.165527
0.145508
0.137695
0.122070
0.118164
0.105957
0.109863
0.105957
0.105957
0.094238
0.098145
0.098145
0.074707
0.082520
0.062500
0.078613
0.074707
0.082520
0.078613
0.082520
0.070313
0.058594
0.070313
0.074707
0.058594
0.054688
0.062500
0.054688
0.054688
0.046875
0.042969
0.054688
0.042969
0.046875
0.035156
0.026855
0.026855
0.022949
0.026855
0.026855
0.022949
0.035156
0.022949
0.000000
0.015137
0.019043
-0.007813
0.003418
0.003418
0.003418
0.011230
0.003418
0.007324
0.015137
0.015137
0.019043
0.026855
0.003418
-0.003906
0.026855
0.011230
0.019043
0.015137
0.030762
0.019043
0.026855
0.035156
0.026855
0.039063
0.039063
0.035156
0.007324
0.022949
0.039063
0.026855
0.019043
0.015137
0.003418
0.011230
0.019043
0.007324
0.011230
0.011230
0.011230
0.015137
0.035156
-0.003906
0.015137
0.000000
0.022949
0.022949
0.019043
0.030762
0.019043
0.039063
0.035156
0.026855
0.030762
0.030762
0.019043
0.042969
0.039063
0.019043
0.019043
0.035156
0.035156
0.035156
0.046875
0.030762
0.039063
0.050781
0.022949
0.035156
0.042969
0.042969
0.046875
0.046875
0.050781
0.039063
0.046875
0.039063
0.035156
0.026855
0.022949
0.015137
0.011230
0.022949
0.022949
0.022949
0.026855
0.042969
0.039063
0.035156
0.050781
0.030762
0.019043
0.022949
0.015137
0.030762
0.035156
0.022949
0.011230
0.007324
0.000000
0.011230
0.007324
0.035156
0.022949
-0.012207
0.019043
0.019043
0.022949
0.007324
-0.003906
0.011230
0.026855
0.019043
0.011230
0.003418
0.011230
0.011230
0.007324
-0.003906
0.015137
0.000000
0.007324
0.019043
0.019043
0.003418
0.007324
0.007324
0.019043
0.019043
0.022949
0.019043
0.019043
0.022949
0.011230
0.022949
0.011230
0.003418
0.011230
0.022949
0.000000
0.019043
0.007324
0.019043
0.022949
0.015137
0.022949
0.007324
0.000000
0.019043
0.019043
0.019043
0.035156
0.011230
0.011230
0.030762
0.035156
0.026855
0.019043
0.019043
0.022949
0.007324
0.003418
0.035156
0.019043
0.019043
0.019043
0.019043
0.000000
0.030762
0.000000
0.019043
0.019043
0.035156
0.039063
0.026855
0.019043
0.019043
0.019043
0.019043
0.015137
0.030762
0.022949
0.026855
0.007324
0.015137
0.019043
0.015137
0.019043
0.026855
0.022949
0.019043
0.022949
0.022949
0.011230
0.007324
0.019043
0.019043
0.035156
0.019043
0.019043
0.019043
0.007324
0.022949
0.003418
0.022949
0.011230
0.015137
0.030762
0.035156
0.019043
0.022949
0.039063
0.015137
0.007324
0.030762
0.026855
0.015137
0.019043
0.019043
0.035156
0.019043
0.015137
0.030762
0.022949
0.042969
0.046875
0.039063
0.039063
0.039063
0.019043
0.026855
0.022949
0.030762
0.050781
0.015137
0.046875
0.035156
0.026855
0.035156
0.019043
0.030762
0.035156
0.035156
0.015137
0.030762
0.035156
0.030762
0.042969
0.046875
0.039063
0.046875
0.050781
0.058594
0.035156
0.035156
0.030762
0.046875
0.039063
0.050781
0.030762
0.022949
0.007324
0.030762
0.022949
0.019043
0.035156
0.035156
0.035156
0.030762
0.019043
0.022949
0.035156
0.035156
0.026855
0.035156
0.019043
0.039063
0.030762
0.019043
0.026855
0.022949
0.050781
0.019043
0.030762
0.039063
0.026855
0.042969
0.035156
0.030762
0.039063
0.019043
0.022949
0.035156
0.035156
0.030762
0.035156
0.015137
0.019043
0.022949
0.022949
0.011230
0.022949
0.003418
0.019043
0.015137
0.015137
0.003418
0.019043
0.011230
0.019043
-0.007813
0.022949
0.000000
0.011230
0.019043
0.019043
0.015137
0.039063
0.026855
0.022949
0.000000
0.019043
0.030762
0.022949
0.000000
0.015137
0.007324
0.019043
0.019043
0.015137
0.022949
0.022949
0.019043
0.003418
0.007324
0.022949
0.015137
0.000000
0.003418
-0.003906
0.003418
0.011230
0.003418
-0.007813
0.019043
0.000000
0.035156
0.000000
0.003418
0.003418
-0.007813
0.007324
0.015137
0.011230
0.007324
0.019043
0.019043
0.019043
0.003418
0.015137
0.019043
0.019043
0.007324
0.022949
0.022949
0.019043
0.003418
0.030762
0.019043
0.003418
0.003418
-0.012207
0.007324
-0.003906
-0.016113
-0.003906
-0.023926
-0.039551
-0.003906
0.007324
-0.023926
-0.012207
-0.007813
0.000000
-0.007813
-0.007813
0.003418
-0.016113
-0.039551
-0.023926
-0.016113
-0.023926
-0.020020
-0.031738
-0.027832
-0.020020
-0.039551
-0.039551
-0.027832
-0.039551
-0.035645
-0.027832
-0.016113
-0.023926
-0.012207
-0.023926
-0.016113
-0.007813
-0.027832
-0.031738
-0.035645
-0.027832
-0.016113
-0.023926
-0.003906
0.011230
-0.020020
-0.016113
-0.012207
0.003418
-0.016113
0.011230
-0.016113
-0.012207
-0.003906
-0.031738
-0.007813
-0.012207
-0.016113
-0.023926
-0.134277
-0.043457
-0.027832
-0.027832
-0.071289
-0.051270
-0.020020
0.000000
-0.007813
0.007324
-0.007813
-0.020020
-0.051270
-0.067383
-0.067383
-0.071289
-0.059570
-0.027832
-0.047363
0.007324
0.019043
0.022949
0.058594
0.046875
0.019043
0.000000
-0.016113
-0.003906
-0.016113
-0.043457
-0.035645
-0.055664
-0.094727
-0.079102
-0.079102
-0.016113
-0.003906
0.007324
0.011230
0.011230
0.042969
0.066406
0.046875
0.054688
0.066406
0.098145
0.082520
0.035156
0.026855
0.039063
0.022949
0.007324
-0.016113
-0.023926
-0.075195
-0.118652
-0.099121
-0.103027
-0.063477
-0.043457
-0.023926
0.019043
-0.003906
0.000000
0.022949
0.039063
0.046875
0.070313
0.090332
0.098145
0.098145
0.129883
0.039063
-0.051270
0.015137
0.026855
0.003418
0.003418
-0.003906
-0.039551
-0.055664
-0.027832
-0.051270
-0.051270
-0.059570
-0.027832
0.003418
-0.063477
-0.055664
-0.020020
0.007324
0.007324
-0.016113
0.046875
0.026855
0.019043
0.003418
-0.016113
-0.031738
-0.166016
-0.142578
-0.023926
-0.039551
-0.090820
-0.118652
-0.106934
-0.122559
-0.197754
-0.142578
-0.134277
-0.099121
-0.075195
-0.047363
-0.063477
-0.051270
-0.055664
-0.055664
-0.055664
-0.067383
-0.035645
-0.039551
-0.031738
-0.055664
-0.075195
-0.079102
-0.086914
-0.118652
-0.118652
-0.106934
-0.079102
-0.118652
-0.090820
-0.118652
-0.099121
-0.103027
-0.103027
-0.086914
-0.086914
-0.055664
-0.079102
-0.083008
-0.083008
-0.079102
-0.106934
-0.083008
-0.075195
-0.106934
-0.130371
-0.114746
-0.106934
-0.090820
-0.086914
-0.079102
-0.090820
-0.103027
-0.083008
-0.086914
-0.110840
-0.142578
-0.146484
-0.154297
-0.130371
-0.110840
-0.114746
-0.134277
-0.122559
-0.083008
-0.090820
-0.083008
-0.063477
-0.051270
-0.086914
-0.086914
-0.110840
-0.083008
-0.103027
-0.106934
-0.118652
-0.118652
-0.130371
-0.118652
-0.134277
-0.118652
-0.126465
-0.114746
-0.099121
-0.118652
-0.110840
-0.090820
-0.106934
-0.094727
-0.086914
-0.063477
-0.035645
-0.031738
-0.012207
-0.020020
-0.039551
-0.039551
-0.051270
-0.055664
-0.059570
-0.067383
-0.071289
-0.079102
-0.059570
-0.067383
-0.079102
-0.051270
-0.071289
-0.086914
-0.075195
-0.067383
-0.071289
-0.047363
-0.039551
-0.027832
-0.035645
-0.035645
-0.031738
-0.012207
-0.047363
-0.027832
-0.031738
-0.039551
-0.055664
-0.043457
-0.059570
-0.067383
-0.067383
-0.083008
-0.067383
-0.071289
-0.063477
-0.055664
-0.075195
-0.086914
-0.079102
-0.067383
-0.067383
-0.083008
-0.075195
-0.071289
-0.051270
-0.051270
-0.055664
-0.059570
-0.067383
-0.051270
-0.055664
-0.071289
-0.047363
-0.063477
-0.059570
-0.051270
-0.059570
-0.079102
-0.086914
-0.083008
-0.094727
-0.086914
-0.083008
-0.075195
-0.079102
-0.079102
-0.071289
-0.031738
-0.039551
-0.031738
-0.031738
-0.055664
-0.051270
-0.023926
-0.027832
-0.023926
-0.027832
-0.039551
-0.023926
-0.035645
-0.039551
-0.071289
-0.055664
-0.063477
-0.055664
-0.067383
-0.055664
-0.055664
-0.079102
-0.071289
-0.051270
-0.051270
-0.039551
-0.047363
-0.055664
-0.043457
-0.043457
-0.055664
-0.051270
-0.051270
-0.059570
-0.055664
-0.079102
-0.035645
-0.047363
-0.043457
-0.059570
-0.059570
-0.094727
-0.083008
-0.090820
-0.079102
-0.083008
-0.106934
-0.094727
-0.083008
-0.059570
-0.090820
-0.083008
-0.075195
-0.063477
-0.086914
-0.079102
-0.067383
-0.059570
-0.071289
-0.079102
-0.090820
-0.079102
-0.075195
-0.043457
-0.079102
-0.071289
-0.067383
-0.086914
-0.071289
-0.086914
-0.075195
-0.083008
-0.094727
-0.059570
-0.071289
-0.094727
-0.075195
-0.086914
-0.071289
-0.059570
-0.067383
-0.086914
-0.075195
-0.083008
-0.075195
-0.090820
-0.071289
-0.075195
-0.059570
-0.063477
-0.071289
-0.075195
-0.086914
-0.071289
-0.086914
-0.086914
-0.086914
-0.079102
-0.075195
-0.063477
-0.090820
-0.079102
-0.079102
-0.110840
-0.090820
-0.086914
-0.083008
-0.071289
-0.067383
-0.055664
-0.075195
-0.071289
-0.075195
-0.079102
-0.067383
-0.055664
-0.043457
-0.039551
-0.020020
-0.067383
-0.043457
-0.043457
-0.055664
-0.059570
-0.051270
-0.067383
-0.043457
-0.063477
-0.075195
-0.079102
-0.067383
-0.086914
-0.063477
-0.059570
-0.059570
-0.047363
-0.047363
-0.079102
-0.059570
-0.071289
-0.043457
-0.067383
-0.059570
-0.051270
-0.043457
-0.031738
-0.035645
-0.027832
-0.023926
-0.027832
-0.035645
-0.043457
-0.043457
-0.055664
-0.059570
-0.035645
-0.043457
-0.063477
-0.043457
-0.035645
-0.020020
-0.027832
-0.027832
-0.043457
-0.027832
-0.020020
-0.043457
-0.047363
-0.043457
-0.031738
-0.023926
-0.012207
-0.020020
-0.023926
-0.020020
-0.007813
-0.016113
0.000000
-0.031738
-0.023926
-0.007813
-0.027832
-0.012207
-0.016113
0.019043
0.011230
0.007324
0.000000
0.007324
0.019043
0.015137
0.015137
0.007324
0.007324
-0.007813
0.019043
0.022949
0.015137
0.015137
0.019043
0.019043
0.003418
-0.003906
0.007324
0.000000
-0.003906
0.007324
-0.016113
0.003418
-0.007813
-0.012207
-0.020020
-0.020020
-0.016113
0.000000
-0.020020
-0.023926
0.007324
0.003418
0.011230
0.011230
0.003418
0.011230
0.011230
0.000000
-0.003906
0.003418
-0.016113
-0.023926
-0.031738
-0.020020
-0.023926
-0.051270
-0.027832
-0.020020
-0.016113
-0.007813
-0.027832
-0.027832
-0.027832
-0.023926
-0.031738
-0.027832
-0.031738
-0.003906
-0.055664
-0.023926
-0.035645
-0.031738
-0.003906
-0.012207
-0.020020
-0.027832
-0.027832
-0.023926
-0.039551
-0.020020
-0.023926
-0.031738
-0.027832
-0.020020
-0.031738
-0.020020
-0.020020
-0.016113
-0.023926
-0.031738
-0.023926
-0.027832
-0.020020
-0.027832
-0.007813
0.000000
-0.016113
-0.020020
0.011230
0.026855
0.019043
0.039063
0.035156
0.030762
0.030762
0.070313
0.054688
0.054688
0.098145
0.078613
0.046875
0.022949
0.030762
0.039063
0.054688
0.026855
0.035156
0.058594
0.050781
0.058594
0.058594
0.082520
0.082520
0.039063
0.042969
0.003418
-0.189941
0.022949
-0.020020
0.039063
0.015137
-0.043457
-0.067383
-0.051270
-0.039551
-0.031738
-0.035645
0.000000
-0.012207
0.022949
0.015137
-0.020020
-0.007813
-0.031738
-0.063477
-0.079102
-0.059570
-0.035645
-0.027832
-0.051270
-0.023926
0.000000
0.046875
0.062500
0.122070
0.105957
0.090332
0.007324
0.019043
0.035156
0.062500
-0.016113
-0.075195
-0.158203
-0.154297
-0.110840
-0.035645
-0.039551
0.022949
-0.031738
-0.059570
-0.079102
-0.099121
-0.158203
-0.090820
-0.094727
-0.126465
-0.063477
-0.035645
0.074707
0.125977
0.268066
0.244141
0.208984
0.129883
0.030762
0.026855
0.035156
0.026855
0.042969
0.058594
0.035156
-0.035645
-0.094727
-0.118652
-0.142578
-0.126465
-0.110840
-0.079102
-0.094727
-0.094727
-0.094727
-0.142578
-0.166016
-0.173828
-0.177734
-0.245117
-0.229492
-0.209473
-0.158203
-0.154297
-0.150391
-0.122559
-0.090820
-0.086914
-0.086914
-0.063477
-0.031738
-0.027832
-0.027832
-0.016113
-0.023926
0.007324
0.019043
0.007324
0.022949
0.046875
0.066406
0.062500
0.058594
0.026855
-0.016113
-0.023926
-0.027832
-0.007813
-0.007813
0.015137
0.019043
-0.016113
0.046875
0.054688
0.074707
0.129883
0.133789
0.185059
0.208984
0.216797
0.220703
0.228516
0.212891
0.109863
0.105957
0.109863
0.094238
0.086426
0.129883
0.145508
0.118164
0.133789
0.145508
0.122070
0.224609
0.260254
0.129883
0.181152
0.188965
0.169434
0.129883
0.098145
0.074707
0.086426
0.125977
0.153320
0.157227
0.161621
0.181152
0.165527
0.161621
0.161621
0.145508
0.157227
0.145508
0.161621
0.157227
0.161621
0.181152
0.165527
0.205078
0.256348
0.256348
0.200684
0.145508
0.109863
0.105957
0.082520
0.070313
0.098145
0.113770
0.145508
0.145508
0.098145
0.125977
0.109863
0.122070
0.118164
0.098145
0.086426
0.062500
0.082520
0.102051
0.129883
0.145508
0.113770
0.125977
0.137695
0.149414
0.153320
0.137695
0.153320
0.113770
0.161621
0.066406
0.062500
0.062500
0.078613
0.070313
0.094238
0.102051
0.102051
0.105957
0.125977
0.066406
0.105957
0.109863
0.149414
0.177246
0.173340
0.228516
0.228516
0.240234
0.188965
0.196777
0.173340
0.177246
0.185059
0.173340
0.185059
0.102051
0.109863
0.145508
0.129883
0.118164
0.102051
0.137695
0.125977
0.118164
0.157227
0.161621
0.153320
0.185059
0.188965
0.244141
0.224609
0.244141
0.232422
0.192871
0.165527
0.161621
0.161621
0.169434
0.161621
0.153320
0.129883
0.113770
0.122070
0.149414
0.145508
0.133789
0.122070
0.141602
0.169434
0.169434
0.157227
0.161621
0.165527
0.165527
0.161621
0.161621
0.149414
0.133789
0.165527
0.149414
0.133789
0.129883
0.157227
0.113770
0.109863
0.122070
0.118164
0.094238
0.086426
0.074707
0.070313
0.098145
0.046875
0.086426
0.066406
0.082520
0.118164
0.078613
0.105957
0.109863
0.102051
0.090332
0.094238
0.098145
0.113770
0.090332
0.105957
0.090332
0.113770
0.082520
0.109863
0.094238
0.070313
0.046875
0.039063
0.039063
0.046875
0.042969
0.019043
0.070313
0.030762
0.019043
0.058594
0.082520
0.062500
0.042969
0.050781
0.026855
0.030762
0.035156
0.019043
0.026855
0.030762
0.026855
0.011230
-0.016113
-0.007813
0.003418
0.019043
0.042969
0.050781
0.122070
0.042969
0.058594
0.022949
0.046875
0.074707
0.098145
0.046875
0.035156
0.058594
0.070313
0.030762
0.007324
0.030762
0.011230
0.022949
0.022949
0.026855
0.042969
0.039063
0.019043
0.019043
0.035156
0.030762
0.054688
0.030762
0.022949
0.042969
0.019043
0.030762
0.030762
0.035156
0.046875
0.039063
0.019043
0.046875
0.042969
0.046875
0.039063
0.030762
0.042969
0.074707
0.070313
0.086426
0.046875
0.050781
0.070313
0.026855
-0.016113
0.062500
0.062500
0.050781
0.035156
0.050781
0.070313
0.058594
0.062500
0.066406
0.070313
0.082520
0.066406
0.066406
0.074707
0.042969
0.035156
0.046875
0.039063
0.042969
0.030762
0.054688
0.046875
0.066406
0.039063
0.046875
0.066406
0.042969
0.042969
0.042969
0.050781
0.026855
0.019043
0.030762
0.050781
0.046875
0.054688
0.046875
0.046875
0.046875
0.042969
0.042969
0.030762
0.066406
0.050781
0.050781
0.039063
0.050781
0.042969
0.066406
0.035156
0.035156
0.039063
0.030762
0.011230
0.019043
0.019043
0.003418
0.019043
0.015137
0.000000
0.019043
0.007324
0.042969
0.046875
0.054688
0.046875
0.030762
0.026855
0.070313
0.054688
0.050781
0.046875
0.026855
0.022949
0.035156
0.030762
0.030762
0.022949
0.026855
0.022949
0.035156
0.022949
0.039063
0.050781
0.058594
0.050781
0.050781
0.042969
0.050781
0.094238
0.046875
0.046875
0.035156
0.039063
0.058594
0.026855
0.030762
0.019043
0.015137
0.035156
0.007324
0.003418
-0.007813
0.007324
-0.003906
0.026855
0.015137
0.026855
0.042969
0.050781
0.007324
0.007324
-0.003906
-0.020020
0.003418
0.007324
0.011230
0.026855
0.039063
0.019043
0.019043
0.030762
0.035156
0.050781
0.019043
0.019043
0.003418
-0.003906
0.000000
-0.023926
-0.027832
-0.016113
-0.027832
0.003418
0.000000
-0.020020
0.015137
0.022949
0.000000
-0.003906
0.003418
-0.007813
0.000000
0.019043
0.015137
0.007324
0.022949
0.019043
0.019043
0.019043
-0.007813
0.007324
0.000000
0.003418
0.007324
0.035156
0.035156
0.022949
0.039063
0.046875
0.022949
0.003418
0.015137
0.054688
0.042969
0.019043
0.007324
-0.012207
0.022949
0.015137
0.011230
0.011230
0.019043
0.000000
0.039063
0.019043
0.054688
0.030762
0.019043
0.050781
0.062500
0.042969
0.035156
0.022949
0.030762
0.058594
0.098145
0.141602
0.109863
0.102051
0.102051
0.062500
0.113770
0.109863
0.090332
0.129883
0.125977
0.129883
0.102051
0.094238
0.082520
0.113770
0.090332
0.082520
0.094238
0.074707
0.035156
-0.020020
-0.051270
-0.067383
-0.071289
-0.086914
-0.051270
-0.055664
-0.031738
-0.027832
-0.007813
0.022949
0.030762
0.046875
0.042969
0.070313
0.082520
0.105957
0.090332
0.122070
0.118164
0.098145
0.035156
-0.012207
-0.035645
-0.075195
-0.090820
-0.118652
-0.134277
-0.122559
-0.122559
-0.138672
-0.110840
-0.099121
-0.059570
-0.055664
-0.035645
-0.047363
-0.047363
-0.027832
-0.023926
0.003418
0.011230
0.011230
0.015137
0.003418
-0.003906
-0.016113
-0.012207
-0.012207
0.000000
-0.031738
-0.012207
-0.051270
-0.071289
-0.099121
-0.083008
-0.110840
-0.106934
-0.142578
-0.158203
-0.146484
-0.154297
-0.154297
-0.146484
-0.099121
-0.106934
-0.110840
-0.083008
-0.083008
-0.055664
-0.047363
0.011230
0.026855
0.039063
0.042969
0.042969
0.019043
0.019043
0.000000
0.000000
0.003418
-0.003906
0.019043
0.022949
0.035156
0.019043
0.007324
-0.007813
-0.007813
-0.003906
-0.007813
-0.012207
-0.047363
-0.031738
-0.035645
-0.031738
-0.043457
-0.051270
-0.039551
-0.035645
-0.023926
-0.003906
0.007324
0.035156
0.050781
0.066406
0.066406
0.058594
0.058594
0.074707
0.082520
0.074707
0.062500
0.078613
0.078613
0.094238
0.094238
0.082520
0.086426
0.070313
0.058594
0.058594
0.039063
0.035156
0.026855
0.035156
0.050781
0.022949
0.058594
0.039063
0.022949
0.035156
0.042969
0.015137
0.042969
0.015137
0.035156
0.026855
0.035156
0.066406
0.082520
0.090332
0.058594
0.070313
0.054688
0.062500
0.094238
0.074707
0.086426
0.046875
0.066406
0.054688
0.066406
0.046875
0.039063
0.022949
0.011230
-0.016113
-0.016113
-0.007813
0.003418
-0.016113
0.007324
-0.016113
0.007324
0.019043
0.054688
0.050781
0.039063
0.030762
0.022949
0.030762
0.019043
0.007324
0.003418
0.007324
-0.003906
0.019043
0.007324
0.003418
-0.007813
0.015137
0.011230
0.003418
-0.016113
0.000000
-0.016113
0.003418
0.000000
0.022949
0.022949
0.019043
0.026855
0.003418
0.019043
0.019043
-0.003906
0.019043
0.019043
0.011230
0.007324
0.019043
-0.012207
0.007324
-0.003906
-0.023926
-0.012207
0.000000
-0.003906
-0.003906
0.011230
-0.031738
-0.012207
-0.016113
-0.023926
-0.020020
-0.016113
-0.020020
-0.003906
-0.016113
-0.003906
0.000000
-0.016113
0.011230
0.015137
0.011230
0.015137
0.022949
0.030762
0.007324
0.007324
0.022949
0.019043
0.000000
0.019043
0.007324
0.003418
-0.016113
-0.007813
-0.035645
-0.007813
-0.020020
0.000000
-0.003906
0.007324
-0.016113
0.000000
-0.003906
-0.003906
-0.007813
-0.003906
0.000000
-0.023926
-0.023926
0.007324
0.000000
0.003418
0.003418
0.007324
-0.003906
0.019043
0.030762
0.019043
0.019043
0.011230
0.007324
0.022949
0.011230
0.022949
0.011230
0.007324
0.003418
0.003418
-0.016113
-0.016113
-0.003906
-0.039551
-0.016113
-0.063477
0.015137
0.003418
-0.012207
-0.007813
-0.023926
-0.007813
-0.035645
-0.027832
-0.020020
-0.027832
-0.023926
-0.023926
-0.023926
-0.016113
-0.007813
-0.016113
-0.012207
0.007324
-0.016113
-0.012207
-0.016113
-0.023926
-0.007813
-0.016113
-0.031738
-0.043457
-0.012207
-0.023926
-0.016113
0.003418
-0.003906
-0.016113
-0.012207
-0.007813
-0.003906
-0.007813
-0.016113
0.011230
0.003418
-0.003906
-0.007813
-0.020020
0.003418
-0.003906
-0.012207
-0.016113
-0.016113
0.003418
-0.016113
-0.016113
-0.023926
-0.035645
-0.003906
-0.020020
-0.020020
-0.027832
-0.031738
-0.012207
-0.007813
-0.027832
-0.023926
0.007324
-0.007813
0.003418
-0.007813
-0.020020
-0.012207
-0.012207
-0.020020
-0.027832
-0.023926
-0.031738
-0.035645
-0.043457
-0.016113
-0.020020
-0.039551
-0.031738
-0.047363
-0.027832
-0.047363
-0.003906
-0.023926
-0.039551
-0.039551
-0.020020
-0.020020
-0.043457
-0.051270
-0.035645
-0.047363
-0.039551
-0.059570
-0.063477
-0.051270
-0.055664
-0.043457
-0.055664
-0.067383
-0.063477
-0.059570
-0.059570
-0.051270
-0.063477
-0.020020
-0.051270
-0.047363
-0.055664
-0.016113
-0.035645
-0.016113
-0.012207
-0.027832
-0.027832
-0.051270
-0.055664
-0.043457
-0.039551
-0.023926
-0.047363
-0.047363
-0.031738
-0.027832
-0.047363
-0.055664
-0.059570
-0.063477
-0.051270
-0.063477
-0.043457
-0.043457
-0.039551
-0.035645
-0.055664
-0.063477
-0.067383
-0.059570
-0.051270
-0.051270
-0.055664
-0.071289
-0.051270
-0.063477
-0.039551
-0.023926
-0.023926
-0.047363
-0.016113
-0.027832
-0.003906
-0.039551
-0.035645
-0.031738
-0.035645
-0.047363
-0.039551
-0.043457
-0.039551
-0.055664
-0.055664
-0.043457
-0.043457
-0.047363
-0.047363
-0.047363
-0.031738
-0.039551
-0.039551
-0.051270
-0.031738
-0.027832
-0.031738
-0.043457
-0.035645
-0.027832
-0.027832
-0.020020
-0.047363
-0.043457
-0.047363
-0.051270
-0.043457
-0.051270
-0.027832
-0.035645
-0.035645
-0.016113
-0.003906
-0.039551
-0.035645
-0.027832
-0.012207
-0.007813
-0.020020
-0.027832
-0.031738
-0.020020
-0.027832
-0.031738
0.074707
-0.051270
-0.039551
-0.043457
-0.043457
-0.059570
-0.071289
-0.047363
-0.047363
-0.043457
-0.047363
-0.047363
-0.051270
-0.035645
-0.023926
-0.027832
-0.051270
-0.027832
-0.039551
-0.043457
-0.047363
-0.027832
-0.027832
0.003418
-0.003906
-0.039551
-0.023926
0.000000
-0.007813
-0.023926
-0.031738
-0.035645
-0.039551
-0.027832
-0.043457
-0.031738
-0.027832
-0.023926
-0.023926
-0.016113
-0.012207
-0.012207
-0.031738
-0.020020
-0.039551
0.000000
-0.007813
-0.027832
-0.031738
-0.031738
-0.027832
-0.003906
-0.047363
-0.043457
-0.043457
-0.043457
-0.059570
-0.059570
-0.063477
-0.043457
-0.051270
-0.023926
-0.043457
-0.043457
-0.047363
-0.039551
-0.043457
-0.035645
-0.023926
-0.043457
-0.035645
-0.035645
-0.035645
-0.047363
-0.063477
-0.031738
-0.047363
-0.039551
-0.039551
-0.063477
-0.051270
-0.039551
-0.047363
-0.039551
-0.039551
-0.051270
-0.039551
-0.027832
-0.035645
-0.051270
-0.031738
-0.051270
-0.031738
-0.043457
-0.039551
-0.023926
-0.003906
-0.027832
-0.035645
-0.027832
-0.027832
-0.020020
-0.039551
-0.031738
-0.027832
-0.055664
-0.027832
-0.020020
-0.020020
-0.039551
-0.020020
-0.023926
-0.043457
-0.023926
-0.007813
-0.051270
-0.027832
-0.035645
-0.007813
-0.012207
-0.023926
-0.020020
-0.020020
-0.039551
-0.047363
-0.047363
-0.031738
-0.020020
-0.051270
-0.047363
-0.059570
-0.055664
-0.079102
-0.043457
-0.086914
-0.039551
-0.059570
-0.051270
-0.039551
-0.059570
-0.031738
-0.027832
-0.023926
-0.035645
-0.027832
-0.035645
-0.035645
-0.020020
-0.012207
-0.020020
-0.031738
-0.020020
-0.023926
-0.007813
-0.007813
-0.007813
-0.016113
-0.035645
-0.012207
-0.016113
-0.035645
-0.043457
-0.047363
-0.071289
-0.154297
-0.103027
-0.094727
-0.071289
-0.059570
-0.055664
-0.059570
-0.047363
-0.043457
-0.071289
-0.063477
-0.055664
-0.186035
0.058594
-0.055664
-0.047363
-0.067383
-0.039551
-0.020020
-0.031738
-0.020020
-0.039551
-0.039551
-0.035645
-0.035645
-0.063477
-0.031738
-0.055664
-0.063477
-0.047363
-0.055664
-0.071289
-0.047363
-0.039551
-0.035645
-0.051270
-0.047363
-0.055664
-0.055664
-0.051270
-0.094727
-0.043457
-0.047363
-0.055664
-0.027832
-0.067383
-0.027832
-0.067383
-0.063477
-0.051270
-0.059570
-0.043457
-0.035645
-0.027832
-0.035645
-0.027832
-0.047363
-0.043457
-0.031738
-0.039551
-0.007813
-0.031738
-0.020020
-0.016113
-0.027832
-0.027832
-0.039551
-0.027832
-0.047363
-0.039551
-0.047363
-0.055664
-0.039551
-0.043457
-0.043457
-0.047363
-0.086914
-0.090820
-0.094727
-0.114746
-0.106934
-0.110840
-0.083008
-0.099121
-0.099121
-0.086914
-0.090820
-0.079102
-0.086914
-0.071289
-0.059570
-0.063477
-0.086914
-0.094727
-0.055664
-0.055664
-0.071289
-0.063477
-0.051270
-0.055664
-0.063477
-0.067383
-0.071289
-0.063477
-0.059570
-0.051270
-0.039551
-0.063477
-0.047363
-0.031738
-0.059570
-0.039551
-0.051270
-0.067383
-0.067383
-0.059570
-0.086914
-0.047363
-0.067383
-0.055664
-0.067383
-0.051270
-0.059570
-0.055664
-0.055664
-0.043457
-0.059570
-0.051270
-0.067383
-0.047363
-0.047363
-0.055664
-0.043457
-0.039551
-0.055664
-0.059570
-0.059570
-0.055664
-0.063477
-0.059570
-0.071289
-0.059570
-0.059570
-0.063477
-0.067383
-0.063477
-0.067383
-0.039551
-0.055664
-0.051270
-0.067383
-0.047363
-0.071289
-0.059570
-0.039551
-0.039551
-0.055664
-0.043457
-0.067383
-0.043457
-0.039551
-0.059570
-0.039551
-0.043457
-0.059570
-0.063477
-0.071289
-0.067383
-0.055664
-0.059570
-0.047363
-0.059570
-0.055664
-0.027832
-0.043457
-0.043457
-0.039551
-0.039551
-0.047363
-0.055664
-0.071289
-0.067383
-0.051270
-0.051270
-0.055664
-0.047363
-0.059570
-0.059570
-0.067383
-0.051270
-0.055664
-0.035645
-0.047363
-0.043457
-0.055664
-0.047363
-0.027832
-0.043457
-0.047363
-0.051270
-0.043457
-0.059570
-0.039551
-0.043457
-0.016113
-0.039551
-0.035645
-0.035645
-0.039551
-0.031738
-0.023926
-0.039551
-0.051270
-0.055664
-0.047363
-0.047363
-0.039551
-0.055664
-0.043457
-0.063477
-0.055664
-0.055664
-0.047363
-0.059570
-0.039551
-0.043457
-0.035645
-0.039551
-0.035645
-0.027832
-0.051270
-0.047363
-0.039551
-0.035645
-0.043457
-0.031738
-0.027832
-0.020020
-0.023926
-0.039551
-0.043457
-0.020020
-0.047363
-0.039551
-0.023926
-0.031738
-0.043457
-0.035645
-0.031738
-0.043457
-0.047363
-0.027832
-0.047363
-0.043457
-0.039551
-0.031738
-0.039551
-0.043457
-0.051270
-0.059570
-0.043457
-0.047363
-0.035645
-0.055664
-0.055664
-0.047363
-0.023926
-0.035645
-0.023926
-0.023926
-0.007813
-0.020020
-0.023926
-0.020020
-0.039551
-0.035645
-0.020020
-0.031738
-0.020020
-0.020020
-0.020020
-0.031738
-0.023926
-0.012207
-0.012207
-0.039551
-0.027832
-0.051270
-0.031738
-0.039551
-0.051270
-0.039551
-0.039551
-0.043457
-0.031738
-0.027832
-0.047363
-0.027832
-0.027832
-0.027832
-0.007813
-0.035645
-0.016113
-0.012207
-0.023926
-0.031738
-0.023926
-0.039551
-0.023926
-0.023926
-0.023926
-0.012207
-0.039551
-0.031738
-0.027832
-0.027832
-0.031738
-0.031738
-0.039551
-0.047363
-0.035645
-0.051270
-0.020020
-0.035645
-0.027832
-0.035645
-0.055664
-0.047363
-0.027832
-0.023926
-0.027832
-0.027832
-0.043457
-0.023926
-0.023926
-0.047363
-0.027832
-0.027832
-0.055664
-0.031738
-0.023926
-0.055664
-0.043457
-0.039551
-0.039551
-0.043457
-0.023926
-0.055664
-0.043457
-0.043457
-0.039551
-0.020020
-0.047363
-0.027832
-0.035645
-0.016113
-0.035645
-0.035645
-0.043457
-0.020020
-0.039551
-0.055664
-0.071289
-0.031738
-0.035645
-0.027832
-0.039551
-0.027832
-0.031738
-0.047363
-0.047363
-0.020020
-0.007813
-0.020020
-0.003906
-0.031738
-0.023926
-0.016113
-0.023926
-0.016113
-0.007813
-0.023926
-0.016113
0.003418
-0.016113
-0.020020
-0.016113
-0.012207
-0.012207
-0.012207
-0.055664
-0.016113
-0.020020
-0.023926
-0.035645
-0.031738
-0.039551
-0.023926
-0.003906
0.003418
-0.039551
-0.023926
-0.027832
-0.007813
-0.027832
-0.027832
-0.020020
-0.031738
-0.016113
-0.031738
-0.027832
-0.020020
-0.035645
-0.003906
-0.047363
-0.023926
-0.016113
-0.003906
-0.012207
-0.027832
-0.031738
-0.007813
-0.043457
-0.035645
-0.031738
-0.055664
-0.067383
-0.063477
-0.079102
-0.051270
-0.071289
-0.059570
-0.055664
-0.067383
-0.051270
-0.047363
-0.031738
-0.035645
-0.012207
-0.007813
-0.003906
0.011230
-0.012207
-0.023926
-0.039551
-0.031738
-0.043457
-0.012207
-0.035645
-0.055664
-0.051270
-0.031738
0.003418
-0.020020
-0.023926
-0.020020
-0.020020
-0.031738
-0.016113
-0.023926
-0.027832
-0.039551
-0.031738
-0.031738
-0.047363
-0.016113
-0.031738
-0.031738
-0.300293
0.133789
-0.043457
-0.051270
-0.043457
-0.047363
-0.059570
-0.071289
-0.055664
-0.059570
-0.067383
-0.051270
-0.027832
-0.035645
-0.039551
