0.978027
0.978027
0.997559
0.989746
0.993652
1.020508
1.020508
1.001465
1.009277
1.001465
0.981934
1.005371
1.012695
1.009277
0.985840
0.993652
0.989746
1.005371
1.009277
1.001465
1.005371
0.974121
0.985840
1.005371
1.001465
1.005371
1.001465
1.001465
1.005371
0.985840
0.974121
1.001465
1.001465
0.993652
0.993652
1.001465
1.016602
0.981934
1.005371
0.989746
1.001465
0.978027
0.981934
1.001465
0.997559
0.993652
0.989746
0.981934
1.005371
1.001465
1.012695
0.981934
0.989746
1.001465
1.009277
1.020508
0.985840
1.012695
1.012695
1.005371
1.001465
0.993652
1.005371
0.985840
0.989746
0.974121
1.001465
0.981934
0.997559
0.985840
1.001465
0.989746
1.016602
1.032227
1.005371
0.981934
1.005371
1.005371
1.020508
0.997559
1.005371
0.989746
1.005371
0.989746
0.993652
1.005371
0.989746
1.001465
1.012695
1.001465
0.985840
0.985840
0.985840
1.005371
1.001465
0.993652
0.989746
0.997559
0.978027
1.001465
1.016602
1.005371
1.016602
1.005371
0.989746
1.005371
1.024414
0.993652
1.009277
0.993652
1.028320
1.009277
1.009277
1.001465
1.005371
0.981934
0.981934
1.012695
0.978027
0.974121
1.005371
1.001465
1.005371
0.978027
0.985840
0.970703
0.981934
0.989746
0.974121
1.001465
1.005371
1.016602
1.009277
1.020508
1.005371
1.020508
0.985840
1.009277
1.020508
0.997559
1.009277
1.001465
1.012695
1.009277
1.009277
0.978027
0.981934
0.989746
0.993652
0.989746
1.005371
1.005371
0.985840
1.005371
1.001465
0.985840
0.989746
1.009277
1.012695
1.009277
1.005371
0.985840
0.993652
1.020508
1.001465
1.016602
1.009277
1.005371
0.989746
1.020508
1.012695
1.012695
0.974121
1.009277
1.001465
1.005371
1.012695
1.001465
0.981934
0.978027
1.009277
0.981934
0.989746
0.978027
0.993652
0.981934
0.974121
0.993652
1.016602
1.001465
1.001465
1.001465
0.985840
0.985840
0.993652
0.978027
1.009277
0.993652
1.001465
0.985840
1.016602
1.005371
0.989746
0.981934
0.985840
1.012695
0.978027
1.009277
1.001465
0.985840
0.974121
1.001465
0.978027
0.985840
1.009277
0.978027
0.993652
1.016602
0.981934
0.985840
0.985840
1.016602
1.001465
0.993652
1.001465
0.993652
1.005371
1.001465
0.989746
1.009277
1.009277
1.009277
0.985840
0.989746
1.009277
0.981934
1.012695
0.993652
0.985840
1.009277
1.005371
1.005371
1.005371
1.009277
0.993652
1.001465
1.009277
0.985840
1.005371
0.989746
1.001465
0.985840
1.005371
0.974121
0.974121
0.970703
1.009277
0.997559
0.989746
1.009277
0.974121
1.009277
1.001465
1.001465
1.016602
0.985840
0.981934
1.024414
0.985840
1.005371
0.985840
1.001465
0.993652
1.016602
0.985840
0.966797
1.009277
0.981934
1.001465
1.005371
1.005371
1.001465
0.989746
1.016602
1.012695
0.989746
1.005371
1.001465
0.985840
0.981934
0.985840
0.989746
0.951172
1.016602
1.005371
1.020508
0.974121
1.009277
1.016602
1.012695
0.993652
1.001465
1.001465
0.989746
0.993652
1.005371
1.001465
1.009277
1.009277
1.005371
1.016602
0.985840
1.001465
1.009277
1.001465
1.001465
0.985840
1.001465
1.001465
1.001465
1.016602
1.012695
1.001465
1.012695
1.036133
1.005371
1.005371
1.028320
0.989746
1.012695
1.005371
1.009277
1.009277
1.012695
1.001465
1.001465
1.001465
0.993652
0.989746
1.005371
0.985840
1.001465
1.001465
1.009277
1.005371
0.981934
1.012695
1.012695
1.001465
0.993652
0.997559
1.032227
1.001465
0.989746
0.993652
1.001465
1.001465
0.981934
0.970703
1.005371
0.981934
0.981934
1.016602
1.001465
1.001465
0.978027
1.009277
1.005371
0.993652
1.009277
1.001465
0.997559
0.985840
1.001465
1.009277
0.993652
1.001465
1.001465
0.989746
1.009277
1.005371
0.981934
1.016602
1.009277
1.016602
1.016602
1.016602
1.016602
0.978027
1.009277
0.997559
0.997559
0.981934
0.981934
0.993652
1.001465
1.016602
1.009277
1.005371
0.989746
1.005371
0.981934
0.989746
0.989746
1.020508
1.005371
1.020508
1.016602
1.009277
1.001465
1.020508
1.016602
0.989746
1.001465
1.005371
0.985840
1.001465
1.028320
0.997559
0.989746
1.005371
1.009277
1.005371
0.993652
1.001465
0.978027
0.974121
0.966797
1.016602
1.005371
0.993652
0.993652
1.001465
1.009277
1.009277
0.989746
0.989746
1.005371
1.009277
0.997559
1.001465
1.001465
1.012695
0.989746
1.001465
0.997559
1.009277
1.005371
1.024414
1.005371
1.001465
0.993652
1.001465
1.009277
1.020508
1.012695
1.005371
1.016602
1.005371
0.985840
1.005371
0.978027
1.012695
0.981934
1.012695
1.009277
0.989746
0.989746
0.993652
1.001465
1.009277
1.016602
0.997559
0.974121
1.012695
1.001465
1.009277
0.989746
1.016602
1.005371
0.993652
1.005371
1.001465
1.001465
1.012695
1.001465
1.012695
1.005371
0.993652
0.993652
1.001465
1.001465
1.012695
0.993652
1.005371
0.997559
0.993652
1.009277
1.016602
0.985840
1.016602
0.993652
0.989746
1.001465
1.001465
1.001465
1.001465
1.005371
1.009277
1.020508
1.001465
1.009277
0.997559
0.989746
0.997559
1.009277
0.978027
1.001465
0.989746
1.005371
0.966797
0.993652
1.005371
0.993652
1.001465
1.001465
0.989746
1.016602
1.016602
1.005371
0.993652
1.020508
1.005371
1.001465
1.001465
1.009277
0.985840
1.005371
1.020508
0.985840
1.016602
1.012695
1.009277
1.001465
1.001465
1.001465
0.985840
1.012695
1.001465
1.001465
1.005371
0.985840
0.985840
1.016602
1.009277
0.970703
0.989746
1.016602
1.040039
1.012695
1.016602
1.001465
0.962891
0.978027
1.012695
1.001465
1.009277
1.001465
0.997559
1.001465
0.993652
0.993652
1.012695
0.993652
1.005371
1.005371
0.981934
1.032227
0.985840
1.001465
1.012695
1.009277
0.974121
0.978027
1.005371
1.005371
0.989746
1.012695
1.024414
1.024414
1.024414
0.993652
1.001465
1.005371
1.016602
1.001465
1.001465
1.001465
1.009277
1.016602
1.001465
1.016602
1.001465
1.005371
0.985840
1.005371
0.974121
1.016602
0.993652
0.989746
0.981934
0.985840
0.989746
0.993652
1.020508
1.009277
1.016602
0.997559
0.985840
0.970703
0.978027
1.009277
0.997559
1.009277
0.981934
0.978027
1.001465
1.009277
1.001465
0.970703
0.966797
1.001465
0.985840
1.012695
0.993652
1.016602
1.020508
0.993652
1.028320
1.016602
1.005371
1.020508
1.005371
1.020508
1.020508
1.032227
1.009277
1.028320
1.020508
1.020508
0.989746
1.009277
1.012695
1.016602
0.985840
0.993652
0.981934
1.001465
0.981934
1.016602
1.005371
1.024414
1.001465
1.005371
1.001465
1.001465
1.001465
1.016602
1.001465
0.985840
1.012695
1.024414
1.012695
0.993652
1.016602
1.005371
1.009277
1.012695
1.016602
1.001465
1.001465
0.989746
1.001465
0.974121
1.005371
1.005371
1.001465
1.009277
1.009277
1.001465
0.993652
1.009277
0.993652
1.005371
1.009277
1.009277
0.989746
0.993652
1.001465
0.985840
1.001465
1.016602
0.989746
0.989746
0.985840
1.001465
0.993652
1.005371
1.001465
1.020508
1.016602
1.005371
0.993652
1.016602
1.001465
1.028320
0.985840
0.981934
1.005371
1.001465
0.974121
0.862305
1.101563
1.020508
1.009277
0.993652
1.016602
1.024414
0.985840
1.009277
0.966797
0.958984
0.958984
0.989746
0.989746
0.989746
1.032227
1.001465
1.028320
1.055176
1.070801
1.016602
1.005371
1.020508
0.981934
0.974121
1.012695
1.036133
1.012695
0.974121
0.985840
0.997559
1.024414
0.989746
1.159668
0.970703
0.920410
0.935547
0.978027
1.009277
1.032227
1.024414
1.012695
1.036133
0.985840
0.951172
0.978027
0.978027
1.051270
1.043945
1.032227
1.024414
1.020508
1.032227
1.016602
1.032227
1.028320
1.032227
1.024414
1.032227
1.012695
1.012695
1.036133
1.059082
1.032227
1.047852
1.020508
1.036133
1.024414
1.028320
1.040039
1.024414
1.009277
1.032227
1.036133
1.020508
1.032227
0.985840
1.001465
0.970703
0.981934
0.970703
1.001465
1.009277
1.001465
1.009277
1.040039
1.040039
1.047852
1.028320
1.016602
1.032227
0.966797
0.958984
0.993652
1.009277
1.001465
1.005371
0.966797
0.993652
1.001465
1.024414
0.985840
0.966797
0.985840
1.009277
0.985840
0.966797
0.958984
0.970703
0.955078
0.958984
0.951172
0.974121
0.904785
0.932129
0.932129
0.935547
0.939453
0.935547
0.958984
0.951172
0.985840
0.974121
0.981934
0.993652
0.985840
0.962891
0.958984
0.958984
0.920410
0.932129
0.912598
0.885742
0.896973
0.893555
0.889648
0.893555
0.920410
0.900879
0.893555
0.896973
0.893555
0.904785
0.877930
0.904785
0.893555
0.877930
0.854981
0.862305
0.870117
0.835449
0.827637
0.847168
0.862305
0.877930
0.893555
0.870117
0.847168
0.792969
0.758301
0.742676
0.758301
0.789063
0.789063
0.812500
0.785156
0.781250
0.762207
0.766113
0.742676
0.673340
0.665527
0.662109
0.665527
0.654297
0.662109
0.665527
0.654297
0.685059
0.692871
0.673340
0.715820
0.696777
0.677246
0.638672
0.634766
0.630859
0.604004
0.623535
0.619629
0.607910
0.581055
0.553711
0.496094
0.461426
0.480469
0.480469
0.542481
0.553711
0.581055
0.592285
0.557617
0.538574
0.488281
0.476563
0.461426
0.453613
0.434082
0.445801
0.465332
0.476563
0.472656
0.457520
0.461426
0.426758
0.395508
0.341797
0.422852
0.330078
0.318359
0.311035
0.314941
0.337891
0.349609
0.372559
0.395508
0.392090
0.349609
0.356934
0.307129
0.256836
0.283691
0.237793
0.241211
0.237793
0.233887
0.229981
0.233887
0.245117
0.276367
0.272461
0.268555
0.252930
0.222168
0.210449
0.226074
0.199219
0.206543
0.164063
0.133301
0.156738
0.145020
0.102539
0.122070
0.137207
0.137207
0.152832
0.175781
0.179688
0.199219
0.195313
0.179688
0.191406
0.167969
0.160645
0.102539
0.122070
0.094727
0.094727
0.075684
0.075684
0.071777
0.060059
0.075684
0.086914
0.083496
0.041016
0.048340
-0.012695
-0.020508
-0.031738
-0.016602
-0.016602
-0.066895
-0.035645
-0.016602
-0.000977
0.025391
0.041016
0.013672
-0.008789
0.002441
-0.004883
-0.012695
-0.000977
0.013672
0.033203
0.021484
0.013672
-0.020508
-0.043457
-0.074219
-0.062988
-0.078125
-0.097656
-0.120606
-0.089844
-0.097656
-0.089844
-0.108887
-0.097656
-0.101563
-0.089844
-0.082031
-0.078125
-0.105469
-0.089844
-0.089844
-0.082031
-0.089844
-0.093750
-0.093750
-0.097656
-0.093750
-0.120606
-0.132324
-0.159180
-0.147461
-0.124512
-0.132324
-0.120606
-0.132324
-0.078125
-0.097656
-0.093750
-0.047363
-0.108887
-0.089844
-0.132324
-0.128418
-0.108887
-0.124512
-0.108887
-0.089844
-0.093750
-0.116699
-0.105469
-0.108887
-0.140137
-0.112793
-0.116699
-0.124512
-0.120606
-0.089844
-0.124512
-0.116699
-0.089844
-0.120606
-0.108887
-0.108887
-0.116699
-0.144043
-0.144043
-0.151367
-0.132324
-0.136231
-0.144043
-0.151367
-0.140137
-0.159180
-0.151367
-0.128418
-0.132324
-0.147461
-0.151367
-0.159180
-0.120606
-0.124512
-0.132324
-0.112793
-0.124512
-0.136231
-0.151367
-0.124512
-0.120606
-0.132324
-0.136231
-0.136231
-0.124512
-0.128418
-0.128418
-0.112793
-0.085938
-0.105469
-0.097656
-0.105469
-0.112793
-0.105469
-0.124512
-0.108887
-0.124512
-0.151367
-0.159180
-0.144043
-0.140137
-0.174805
-0.144043
-0.159180
-0.151367
-0.147461
-0.159180
-0.159180
-0.124512
-0.120606
-0.078125
-0.097656
-0.124512
-0.116699
-0.108887
-0.105469
-0.089844
-0.105469
-0.120606
-0.120606
-0.108887
-0.089844
-0.112793
-0.108887
-0.093750
-0.082031
-0.097656
-0.105469
-0.108887
-0.093750
-0.101563
-0.120606
-0.101563
-0.093750
-0.089844
-0.078125
-0.078125
-0.093750
-0.093750
-0.105469
-0.108887
-0.082031
-0.085938
-0.105469
-0.093750
-0.082031
-0.070313
-0.074219
-0.097656
-0.082031
-0.059082
-0.055176
-0.043457
-0.078125
-0.059082
-0.047363
-0.089844
-0.070313
-0.070313
-0.089844
-0.089844
-0.105469
-0.112793
-0.116699
-0.120606
-0.112793
-0.112793
-0.078125
-0.082031
-0.093750
-0.085938
-0.105469
-0.108887
-0.101563
-0.112793
-0.120606
-0.089844
-0.097656
-0.108887
-0.105469
-0.082031
-0.059082
-0.066895
-0.070313
-0.101563
-0.078125
-0.085938
-0.085938
-0.066895
-0.082031
-0.085938
-0.082031
-0.082031
-0.078125
-0.059082
-0.082031
-0.085938
-0.093750
-0.093750
-0.078125
-0.108887
-0.093750
-0.082031
-0.059082
-0.074219
-0.074219
-0.093750
-0.093750
-0.105469
-0.108887
-0.108887
-0.105469
-0.105469
-0.128418
-0.097656
-0.078125
-0.055176
-0.074219
-0.078125
-0.078125
-0.085938
-0.074219
-0.093750
-0.085938
-0.093750
-0.093750
-0.089844
-0.093750
-0.089844
-0.089844
-0.082031
-0.074219
-0.078125
-0.097656
-0.108887
-0.074219
-0.101563
-0.082031
-0.093750
-0.089844
-0.074219
-0.089844
-0.082031
-0.089844
-0.085938
-0.085938
-0.089844
-0.062988
-0.062988
-0.062988
-0.066895
-0.078125
-0.082031
-0.074219
-0.082031
-0.089844
-0.078125
-0.089844
-0.070313
-0.062988
-0.066895
-0.085938
-0.070313
-0.078125
-0.070313
-0.059082
-0.082031
-0.074219
-0.078125
-0.082031
-0.085938
-0.082031
-0.078125
-0.093750
-0.078125
-0.085938
-0.093750
-0.082031
-0.093750
-0.085938
-0.082031
-0.085938
-0.089844
-0.089844
-0.093750
-0.089844
-0.097656
-0.093750
-0.055176
-0.066895
-0.082031
-0.082031
-0.062988
-0.074219
-0.055176
-0.035645
-0.059082
-0.070313
-0.062988
-0.082031
-0.055176
-0.085938
-0.097656
-0.101563
-0.082031
-0.101563
-0.093750
-0.093750
-0.085938
-0.070313
-0.066895
-0.055176
-0.062988
-0.074219
-0.097656
-0.093750
-0.089844
-0.085938
-0.062988
-0.051270
-0.070313
-0.062988
-0.089844
-0.062988
-0.062988
-0.074219
-0.066895
-0.070313
-0.097656
-0.062988
-0.066895
-0.062988
-0.093750
-0.074219
-0.085938
-0.078125
-0.074219
-0.059082
-0.066895
-0.066895
-0.055176
-0.047363
-0.074219
-0.070313
-0.070313
-0.043457
-0.047363
-0.055176
-0.055176
-0.055176
-0.035645
-0.043457
-0.062988
-0.074219
-0.059082
-0.047363
-0.062988
-0.078125
-0.085938
-0.105469
-0.066895
-0.074219
-0.085938
-0.055176
-0.074219
-0.047363
-0.066895
-0.070313
-0.047363
-0.062988
-0.059082
-0.062988
-0.039551
-0.047363
-0.028320
-0.047363
-0.047363
-0.031738
-0.039551
-0.047363
-0.051270
-0.047363
-0.059082
-0.085938
-0.078125
-0.089844
-0.082031
-0.066895
-0.059082
-0.070313
-0.059082
-0.062988
-0.062988
-0.062988
-0.043457
-0.020508
-0.020508
-0.024414
-0.028320
-0.008789
-0.008789
-0.028320
-0.020508
-0.016602
0.013672
-0.012695
-0.028320
-0.024414
-0.000977
-0.020508
-0.028320
0.013672
0.025391
0.017578
0.029297
0.006348
0.017578
0.021484
0.017578
0.017578
-0.020508
-0.016602
-0.031738
-0.031738
-0.028320
-0.016602
-0.039551
-0.043457
-0.028320
0.029297
0.060059
0.048340
0.029297
-0.000977
0.044922
0.052246
0.063965
0.063965
0.060059
0.133301
0.137207
0.156738
0.183594
0.179688
0.199219
0.214356
0.233887
0.249023
0.252930
0.226074
0.229981
0.214356
0.218262
0.245117
0.199219
0.199219
0.191406
0.214356
0.214356
0.195313
0.218262
0.175781
0.214356
0.210449
0.226074
0.237793
0.237793
0.256836
0.237793
0.260742
0.268555
0.276367
0.303223
0.307129
0.291504
0.322266
0.307129
0.287598
0.307129
0.322266
0.322266
0.341797
0.326172
0.392090
0.399414
0.392090
0.368652
0.449707
0.437988
0.449707
0.449707
0.476563
0.453613
0.496094
0.511231
0.488281
0.584961
0.522949
0.630859
0.573242
0.619629
0.600098
0.592285
0.646484
0.662109
0.650391
0.665527
0.742676
0.731445
0.715820
0.766113
0.735352
0.758301
0.762207
0.746582
0.770019
0.758301
0.766113
0.766113
0.796875
0.800781
0.758301
0.792969
0.816406
0.893555
0.843262
0.877930
0.831543
0.839356
0.881836
0.858398
0.885742
0.877930
0.912598
0.912598
0.893555
0.896973
0.924316
0.955078
0.974121
0.985840
0.958984
0.943359
0.924316
0.928223
0.962891
0.974121
0.939453
0.966797
0.978027
0.947266
0.951172
0.939453
0.943359
0.955078
0.947266
0.904785
0.904785
0.889648
0.912598
0.920410
0.885742
0.912598
0.947266
0.939453
0.951172
0.981934
1.009277
1.005371
1.005371
0.951172
0.958984
0.924316
0.912598
0.870117
0.900879
0.893555
0.885742
0.870117
0.889648
0.889648
0.900879
0.885742
0.893555
0.881836
0.862305
0.819824
0.827637
0.847168
0.835449
0.823731
0.773926
0.758301
0.735352
0.766113
0.758301
0.762207
0.715820
0.723633
0.677246
0.704102
0.719727
0.715820
0.766113
0.711914
0.634766
0.596191
0.511231
0.484375
0.496094
0.530762
0.542481
0.534668
0.577148
0.542481
0.515137
0.511231
0.507813
0.526856
0.588379
0.569336
0.557617
0.526856
0.496094
0.476563
0.469238
0.445801
0.426758
0.426758
0.469238
0.445801
0.430664
0.380371
0.341797
0.330078
0.333984
0.376465
0.399414
0.356934
0.368652
0.303223
0.326172
0.318359
0.330078
0.330078
0.356934
0.345703
0.311035
0.311035
0.291504
0.283691
0.268555
0.279785
0.276367
0.260742
0.264648
0.307129
0.311035
0.287598
0.249023
0.202637
0.233887
0.260742
0.245117
0.210449
0.214356
0.241211
0.218262
0.210449
0.179688
0.179688
0.145020
0.122070
0.098633
0.094727
0.122070
0.110352
0.102539
0.118164
0.195313
0.233887
0.283691
0.299316
0.276367
0.264648
0.241211
0.152832
0.125488
0.102539
0.110352
0.122070
0.137207
0.125488
0.137207
0.167969
0.137207
0.137207
0.160645
0.118164
0.075684
0.052246
0.075684
0.056152
0.060059
0.048340
0.056152
0.071777
0.067871
0.075684
0.090820
0.086914
0.079590
0.086914
0.094727
0.048340
0.033203
-0.004883
-0.016602
-0.035645
0.037109
0.037109
0.060059
0.044922
0.037109
0.021484
-0.000977
-0.031738
-0.055176
-0.047363
-0.035645
-0.000977
0.021484
0.060059
0.041016
0.041016
0.013672
0.009766
-0.012695
-0.000977
-0.031738
-0.066895
-0.093750
-0.108887
-0.108887
-0.101563
-0.108887
-0.124512
-0.097656
-0.108887
-0.093750
-0.074219
-0.089844
-0.112793
-0.128418
-0.105469
-0.101563
-0.070313
-0.031738
-0.016602
-0.028320
-0.039551
-0.039551
-0.070313
-0.097656
-0.105469
-0.085938
-0.070313
-0.074219
-0.093750
-0.120606
-0.132324
-0.101563
-0.132324
-0.128418
-0.120606
-0.128418
-0.085938
-0.089844
-0.070313
-0.112793
-0.116699
-0.136231
-0.163086
-0.140137
-0.140137
-0.101563
-0.116699
-0.112793
-0.105469
-0.108887
-0.120606
-0.101563
-0.124512
-0.101563
-0.116699
-0.147461
-0.124512
-0.120606
-0.116699
-0.147461
-0.116699
-0.059082
-0.059082
-0.078125
-0.078125
-0.085938
-0.070313
-0.105469
-0.108887
-0.108887
-0.101563
-0.112793
-0.070313
-0.078125
-0.059082
-0.089844
-0.085938
-0.105469
-0.108887
-0.101563
-0.055176
-0.085938
-0.078125
-0.066895
-0.059082
-0.051270
-0.062988
-0.082031
-0.089844
-0.093750
-0.120606
-0.140137
-0.147461
-0.101563
-0.093750
-0.093750
-0.093750
-0.089844
-0.108887
-0.105469
-0.093750
-0.105469
-0.093750
-0.089844
-0.082031
-0.062988
-0.055176
-0.031738
-0.051270
-0.089844
-0.082031
-0.093750
-0.062988
-0.078125
-0.074219
-0.059082
-0.059082
-0.062988
-0.062988
-0.059082
-0.062988
-0.062988
-0.085938
-0.105469
-0.124512
-0.116699
-0.108887
-0.116699
-0.101563
-0.089844
-0.082031
-0.066895
-0.047363
-0.035645
-0.051270
-0.039551
-0.059082
-0.059082
-0.062988
-0.043457
-0.035645
-0.055176
-0.082031
-0.097656
-0.093750
-0.082031
-0.089844
-0.051270
-0.059082
-0.066895
-0.078125
-0.059082
-0.074219
-0.070313
-0.074219
-0.062988
-0.059082
-0.066895
-0.074219
-0.062988
-0.066895
-0.066895
-0.066895
-0.066895
-0.062988
-0.070313
-0.097656
-0.108887
-0.082031
-0.055176
-0.035645
-0.070313
-0.043457
-0.039551
-0.051270
-0.062988
-0.043457
-0.035645
-0.012695
-0.039551
-0.066895
-0.039551
-0.047363
-0.059082
-0.055176
-0.051270
-0.062988
-0.059082
-0.066895
-0.047363
-0.074219
-0.055176
-0.066895
-0.039551
-0.055176
-0.062988
-0.059082
-0.047363
-0.039551
-0.031738
-0.031738
-0.039551
-0.047363
-0.047363
-0.043457
-0.043457
-0.055176
-0.043457
-0.078125
-0.089844
-0.078125
-0.051270
-0.035645
-0.035645
-0.028320
-0.028320
-0.051270
-0.039551
-0.035645
-0.055176
-0.055176
-0.074219
-0.059082
-0.066895
-0.031738
-0.059082
-0.047363
-0.039551
-0.028320
-0.039551
-0.039551
-0.031738
-0.055176
-0.024414
-0.047363
-0.028320
-0.047363
-0.074219
-0.047363
-0.047363
-0.039551
-0.016602
-0.051270
-0.039551
-0.047363
-0.047363
-0.055176
-0.043457
-0.047363
-0.051270
-0.039551
-0.039551
-0.016602
-0.051270
-0.047363
-0.035645
-0.031738
-0.039551
-0.039551
-0.024414
-0.028320
-0.024414
-0.012695
-0.024414
-0.031738
-0.039551
-0.028320
-0.043457
-0.024414
-0.020508
-0.012695
-0.043457
-0.047363
-0.016602
-0.008789
-0.031738
-0.012695
-0.031738
-0.055176
-0.039551
-0.031738
-0.012695
-0.035645
-0.012695
-0.012695
0.006348
-0.031738
-0.000977
-0.000977
-0.020508
-0.016602
-0.016602
-0.031738
-0.020508
-0.024414
-0.004883
0.006348
-0.000977
-0.004883
-0.016602
-0.012695
-0.012695
0.009766
0.017578
0.006348
-0.004883
-0.012695
-0.039551
-0.016602
-0.020508
-0.004883
0.009766
-0.031738
-0.035645
-0.043457
-0.024414
0.009766
-0.000977
0.029297
-0.004883
0.006348
-0.000977
0.006348
0.013672
0.029297
0.021484
0.009766
-0.008789
-0.000977
-0.012695
-0.028320
-0.004883
-0.000977
-0.004883
0.002441
0.025391
0.017578
0.017578
0.002441
-0.000977
0.009766
0.013672
0.017578
0.029297
0.025391
0.006348
0.006348
0.006348
0.006348
-0.012695
0.002441
-0.012695
-0.004883
0.002441
0.013672
0.021484
0.037109
0.017578
0.029297
0.017578
0.017578
0.029297
0.013672
0.048340
0.021484
0.013672
-0.016602
0.006348
0.029297
0.033203
0.060059
0.037109
0.033203
0.029297
0.017578
0.048340
0.056152
0.063965
0.056152
0.060059
0.041016
0.044922
0.060059
0.098633
0.102539
0.133301
0.114258
0.102539
0.137207
0.090820
0.094727
0.083496
0.083496
0.075684
0.114258
0.145020
0.137207
0.141113
0.133301
0.110352
0.125488
0.106445
0.106445
0.110352
0.122070
0.145020
0.145020
0.160645
0.179688
0.152832
0.195313
0.202637
0.202637
0.233887
0.260742
0.249023
0.245117
0.252930
0.256836
0.252930
0.268555
0.283691
0.156738
0.156738
0.252930
0.276367
0.287598
0.279785
0.272461
0.295410
0.276367
0.260742
0.276367
0.291504
0.295410
0.299316
0.283691
0.283691
0.322266
0.333984
0.368652
0.341797
0.311035
0.326172
0.337891
0.337891
0.388184
0.418945
0.445801
0.461426
0.492188
0.476563
0.496094
0.496094
0.476563
0.461426
0.449707
0.472656
0.480469
0.484375
0.507813
0.496094
0.515137
0.519043
0.515137
0.511231
0.549805
0.569336
0.588379
0.596191
0.592285
0.607910
0.611816
0.596191
0.638672
0.642578
0.677246
0.669434
0.630859
0.630859
0.646484
0.673340
0.692871
0.696777
0.727539
0.723633
0.762207
0.719727
0.727539
0.700684
0.681152
0.696777
0.723633
0.723633
0.735352
0.758301
0.781250
0.819824
0.789063
0.804688
0.785156
0.789063
0.816406
0.827637
0.835449
0.889648
0.893555
0.893555
0.912598
0.896973
0.896973
0.893555
0.900879
0.889648
0.874023
0.904785
0.904785
0.893555
0.908691
0.893555
0.896973
0.843262
0.839356
0.835449
0.851074
0.904785
0.904785
0.916504
0.935547
0.947266
0.920410
0.955078
0.993652
1.005371
1.016602
1.028320
1.036133
1.024414
1.032227
1.040039
1.005371
1.036133
1.016602
1.005371
0.978027
0.978027
0.947266
0.955078
1.001465
0.935547
0.951172
0.939453
0.955078
0.935547
0.924316
0.962891
0.962891
0.981934
0.974121
0.978027
0.989746
1.016602
0.989746
1.012695
1.012695
1.024414
1.020508
1.036133
1.032227
1.016602
1.009277
0.985840
0.985840
0.962891
0.962891
0.989746
0.966797
1.009277
0.974121
0.978027
0.993652
0.974121
0.993652
0.985840
0.970703
0.981934
1.009277
1.016602
1.012695
1.024414
1.024414
1.024414
1.036133
1.005371
1.012695
1.001465
1.020508
1.012695
1.012695
0.993652
1.009277
1.005371
1.016602
1.001465
1.001465
1.001465
1.009277
1.005371
0.993652
0.981934
1.001465
1.024414
1.012695
1.016602
1.024414
1.047852
1.032227
1.059082
1.047852
1.051270
1.040039
1.016602
1.040039
1.016602
1.020508
0.989746
1.016602
1.020508
0.989746
1.005371
1.001465
1.001465
1.005371
1.024414
1.012695
1.012695
1.001465
1.005371
1.016602
0.985840
0.989746
1.009277
1.005371
1.009277
1.020508
1.016602
1.005371
1.020508
0.993652
1.005371
1.001465
0.981934
1.001465
0.981934
0.985840
1.005371
0.993652
1.005371
1.012695
1.009277
1.009277
1.020508
1.024414
1.016602
1.001465
1.001465
1.009277
0.985840
0.981934
0.989746
1.009277
1.020508
1.012695
0.981934
1.009277
1.001465
1.009277
1.005371
0.993652
1.001465
1.012695
1.009277
0.985840
1.009277
1.005371
0.997559
1.001465
0.989746
0.978027
0.966797
0.981934
1.005371
1.005371
1.012695
1.020508
1.016602
1.024414
1.020508
1.016602
1.016602
0.981934
0.966797
1.005371
1.028320
0.985840
1.016602
1.005371
1.020508
1.012695
1.001465
0.997559
1.001465
0.989746
0.978027
1.001465
0.985840
0.955078
0.974121
0.974121
1.001465
0.993652
1.001465
0.974121
0.978027
1.001465
1.001465
1.001465
0.993652
1.009277
1.032227
1.036133
1.020508
1.024414
1.016602
1.005371
1.020508
1.032227
1.016602
1.032227
1.009277
1.020508
1.016602
1.040039
1.012695
1.020508
1.005371
1.016602
1.016602
0.989746
1.012695
1.024414
0.993652
1.016602
0.997559
0.985840
1.005371
1.009277
1.024414
0.993652
0.989746
0.989746
1.005371
0.966797
0.989746
0.985840
1.001465
1.009277
1.016602
1.005371
1.001465
1.036133
1.001465
1.009277
1.001465
0.985840
1.016602
1.009277
1.016602
0.997559
0.989746
0.981934
1.016602
1.001465
0.985840
0.978027
1.020508
1.009277
1.016602
1.001465
0.989746
0.985840
1.009277
0.989746
0.978027
0.974121
0.974121
0.978027
0.962891
1.001465
1.005371
0.989746
0.993652
1.001465
0.985840
0.981934
0.985840
1.001465
0.974121
1.012695
0.970703
0.985840
1.001465
1.001465
1.005371
1.020508
1.005371
1.016602
1.016602
1.001465
1.001465
0.989746
1.001465
0.989746
1.005371
1.016602
1.009277
0.997559
1.009277
1.001465
1.001465
0.993652
1.012695
1.012695
1.016602
1.012695
1.028320
1.016602
1.009277
0.981934
0.985840
1.009277
1.020508
1.005371
1.001465
1.012695
1.012695
1.001465
0.989746
1.016602
1.005371
1.016602
1.001465
1.009277
1.012695
1.024414
0.978027
0.993652
1.009277
0.989746
0.993652
1.012695
1.016602
1.005371
1.032227
1.001465
1.016602
1.020508
0.993652
1.016602
1.001465
0.997559
1.016602
1.001465
0.974121
1.009277
1.009277
1.005371
0.985840
1.009277
1.016602
0.981934
1.016602
1.001465
0.978027
0.981934
0.993652
1.016602
0.985840
1.001465
1.005371
1.009277
1.009277
1.012695
1.005371
0.985840
1.016602
1.012695
0.958984
1.012695
1.024414
1.043945
1.012695
1.009277
1.020508
1.016602
1.001465
1.009277
1.001465
1.001465
1.001465
1.005371
0.978027
1.001465
0.981934
1.001465
1.001465
0.978027
0.997559
1.020508
0.981934
1.005371
1.001465
0.997559
0.989746
0.985840
0.989746
0.974121
0.985840
0.970703
0.981934
1.005371
0.966797
1.009277
0.978027
0.970703
0.997559
0.985840
0.981934
1.005371
1.016602
1.005371
1.016602
1.012695
1.032227
1.032227
1.016602
0.989746
1.001465
1.012695
1.001465
1.016602
1.016602
0.985840
1.001465
1.024414
1.001465
1.016602
1.024414
1.016602
1.028320
1.047852
1.040039
1.032227
1.024414
1.032227
1.040039
1.051270
1.016602
1.012695
1.047852
1.059082
1.051270
1.047852
1.016602
1.043945
1.062988
1.036133
1.028320
1.036133
1.009277
0.997559
0.985840
1.001465
1.020508
1.036133
1.032227
1.055176
1.040039
1.051270
1.028320
1.040039
1.020508
1.012695
1.040039
1.036133
0.978027
1.032227
1.028320
1.020508
1.125000
0.958984
1.005371
1.036133
1.047852
1.020508
1.078613
1.055176
1.047852
1.128418
0.978027
1.062988
1.047852
1.047852
1.024414
1.074707
1.032227
0.989746
1.028320
1.020508
1.016602
0.966797
0.951172
0.985840
1.001465
1.005371
1.001465
0.955078
1.016602
0.962891
0.966797
0.981934
0.970703
0.970703
0.989746
0.985840
0.970703
0.908691
0.943359
0.978027
0.981934
0.947266
0.928223
0.928223
0.912598
0.916504
0.885742
0.947266
0.893555
0.881836
0.877930
0.877930
0.981934
0.770019
0.843262
0.885742
0.847168
0.831543
0.843262
0.839356
0.792969
0.819824
0.839356
0.819824
0.816406
0.800781
0.777832
0.750488
0.754394
0.792969
0.773926
0.812500
0.777832
0.770019
0.770019
0.770019
0.773926
0.777832
0.758301
0.773926
0.742676
0.754394
0.762207
0.750488
0.723633
0.754394
0.723633
0.731445
0.739258
0.604004
0.677246
0.681152
0.673340
0.692871
0.662109
0.630859
0.677246
0.654297
0.677246
0.677246
0.600098
0.630859
0.642578
0.669434
0.584961
0.630859
0.596191
0.561523
0.565430
0.557617
0.542481
0.600098
0.453613
0.503906
0.472656
0.480469
0.530762
0.519043
0.476563
0.500000
0.465332
0.492188
0.507813
0.453613
0.426758
0.437988
0.418945
0.376465
0.388184
0.345703
0.392090
0.364746
0.399414
0.380371
0.333984
0.349609
0.384277
0.287598
0.326172
0.260742
0.337891
0.403320
0.353516
0.322266
0.307129
0.299316
0.264648
0.256836
0.264648
0.187500
0.056152
0.202637
0.218262
0.179688
0.152832
0.160645
0.187500
0.171875
0.167969
0.122070
0.125488
0.137207
0.094727
0.106445
0.071777
0.090820
0.094727
0.013672
0.106445
0.122070
0.067871
0.037109
0.041016
0.083496
0.071777
0.060059
0.048340
0.056152
0.044922
0.025391
0.033203
0.029297
0.041016
0.029297
0.037109
0.048340
-0.004883
0.029297
0.017578
0.029297
-0.020508
-0.028320
-0.035645
-0.008789
-0.020508
-0.020508
0.002441
-0.020508
-0.024414
-0.047363
-0.059082
-0.066895
-0.066895
-0.031738
-0.039551
-0.039551
-0.047363
-0.074219
-0.047363
-0.047363
-0.051270
-0.035645
-0.059082
-0.043457
-0.039551
-0.028320
-0.031738
-0.024414
-0.024414
-0.012695
-0.035645
-0.035645
-0.039551
-0.043457
-0.035645
-0.035645
-0.031738
-0.031738
-0.016602
-0.004883
-0.000977
0.002441
-0.020508
-0.004883
-0.000977
-0.016602
-0.020508
-0.035645
-0.028320
-0.008789
0.013672
-0.008789
-0.012695
-0.020508
-0.016602
0.009766
0.006348
0.006348
0.002441
-0.012695
-0.020508
-0.020508
-0.024414
-0.012695
-0.012695
-0.004883
-0.020508
-0.028320
-0.020508
-0.012695
-0.024414
-0.028320
-0.020508
-0.008789
-0.035645
-0.000977
0.013672
0.002441
0.006348
-0.016602
-0.000977
-0.012695
-0.012695
-0.020508
-0.024414
-0.004883
-0.043457
-0.043457
-0.031738
-0.024414
0.002441
-0.000977
0.013672
0.017578
0.013672
0.013672
0.041016
0.013672
0.013672
0.013672
0.009766
0.029297
0.009766
0.006348
0.025391
0.002441
0.029297
0.029297
0.013672
0.021484
0.009766
0.017578
0.013672
-0.012695
0.013672
0.013672
0.017578
0.033203
0.021484
0.041016
0.017578
0.017578
0.052246
0.033203
0.021484
0.025391
0.029297
0.025391
0.041016
0.025391
0.033203
0.013672
0.021484
0.137207
-0.000977
0.013672
0.013672
0.013672
0.025391
-0.016602
0.037109
0.048340
0.037109
0.033203
0.037109
0.021484
0.021484
0.029297
0.033203
0.048340
0.013672
0.044922
0.025391
0.029297
0.025391
0.025391
0.033203
0.017578
0.025391
0.029297
0.052246
0.041016
0.041016
0.041016
0.052246
0.044922
0.060059
0.048340
0.037109
0.048340
0.033203
0.048340
0.048340
0.033203
0.044922
0.033203
0.041016
0.044922
0.044922
0.041016
0.044922
0.041016
0.041016
0.033203
0.021484
0.021484
0.025391
0.025391
0.021484
0.037109
0.033203
0.037109
0.025391
0.021484
0.048340
0.033203
0.033203
0.060059
0.052246
0.048340
0.041016
0.052246
0.079590
0.029297
0.021484
0.060059
0.060059
0.044922
0.025391
0.037109
0.048340
0.033203
0.044922
0.033203
0.029297
0.060059
0.029297
0.041016
0.021484
0.052246
0.033203
0.021484
0.033203
0.029297
0.041016
0.052246
0.033203
0.044922
0.033203
0.048340
0.052246
0.048340
0.025391
0.029297
0.021484
0.033203
0.041016
0.025391
0.033203
0.025391
0.041016
0.021484
0.048340
0.025391
0.037109
0.017578
0.025391
0.052246
0.021484
0.052246
0.048340
0.048340
0.060059
0.063965
0.056152
0.060059
0.060059
0.056152
0.037109
0.056152
0.060059
0.075684
0.063965
0.052246
0.052246
0.052246
0.037109
0.048340
0.067871
0.048340
0.052246
0.037109
0.017578
0.017578
0.041016
0.041016
0.029297
0.044922
0.033203
0.021484
0.037109
0.044922
0.037109
0.052246
0.029297
0.029297
0.052246
0.063965
0.033203
0.033203
0.048340
0.044922
0.025391
0.048340
0.067871
0.052246
0.056152
0.075684
0.044922
0.060059
0.056152
0.060059
0.052246
0.041016
0.063965
0.060059
0.067871
0.056152
0.063965
0.033203
0.052246
0.033203
0.060059
0.075684
0.056152
0.067871
0.056152
0.075684
0.075684
0.067871
0.090820
0.075684
0.083496
0.067871
0.090820
0.083496
0.075684
0.086914
0.094727
0.079590
0.071777
0.086914
0.063965
0.067871
0.052246
0.075684
0.060059
0.067871
0.075684
0.044922
0.048340
0.056152
0.033203
0.052246
0.090820
0.090820
0.071777
0.044922
0.086914
0.063965
0.067871
0.079590
0.075684
0.067871
0.060059
0.052246
0.041016
0.067871
0.052246
0.060059
0.044922
0.052246
0.041016
0.071777
0.063965
0.090820
0.090820
0.094727
0.094727
0.083496
0.086914
0.090820
0.029297
0.094727
0.060059
0.071777
0.106445
0.129395
0.083496
0.171875
0.167969
0.122070
0.226074
0.199219
0.229981
0.210449
0.199219
0.183594
0.272461
0.226074
0.175781
0.218262
0.276367
0.283691
0.291504
0.295410
0.287598
0.287598
0.272461
0.311035
0.283691
0.307129
0.279785
0.318359
0.388184
0.349609
0.337891
0.341797
0.337891
0.368652
0.376465
0.349609
0.395508
0.418945
0.395508
0.415039
0.392090
0.403320
0.426758
0.399414
0.415039
0.461426
0.426758
0.422852
0.434082
0.469238
0.484375
0.476563
0.445801
0.476563
0.500000
0.469238
0.492188
0.476563
0.472656
0.522949
0.549805
0.538574
0.553711
0.519043
0.538574
0.472656
0.472656
0.515137
0.646484
0.619629
0.584961
0.549805
0.588379
0.646484
0.584961
0.615723
0.723633
0.630859
0.588379
0.742676
0.630859
0.866211
0.623535
0.662109
0.723633
0.866211
0.839356
0.700684
0.607910
0.816406
0.781250
0.831543
0.835449
0.808594
0.819824
0.970703
0.912598
0.851074
0.819824
0.904785
0.939453
0.851074
0.889648
1.086426
1.005371
0.970703
0.847168
0.908691
0.843262
0.981934
0.932129
0.981934
0.800781
0.750488
0.966797
1.082520
1.070801
0.966797
0.970703
1.074707
1.302246
0.715820
0.349609
0.773926
0.847168
1.062988
1.032227
0.939453
0.955078
0.939453
1.009277
0.816406
0.955078
1.710938
0.970703
1.001465
0.893555
0.823731
1.062988
1.217285
0.831543
0.719727
0.900879
0.827637
0.928223
0.889648
0.939453
0.862305
0.823731
0.851074
1.255859
1.040039
0.854981
0.735352
0.843262
0.947266
0.900879
0.896973
0.900879
0.939453
0.978027
0.851074
0.758301
0.955078
0.924316
0.847168
0.742676
0.851074
0.735352
0.843262
0.831543
0.877930
0.851074
0.823731
0.877930
0.711914
0.908691
0.650391
0.785156
0.758301
0.812500
0.739258
0.723633
0.700684
0.711914
0.708008
0.630859
0.673340
0.577148
0.638672
0.588379
0.577148
0.654297
0.623535
0.553711
0.553711
0.546387
0.549805
0.577148
0.534668
0.522949
0.573242
0.530762
0.534668
0.511231
0.507813
0.557617
0.492188
0.472656
0.430664
0.445801
0.364746
0.434082
0.384277
0.422852
0.407227
0.376465
0.356934
0.368652
0.349609
0.311035
0.299316
0.307129
0.260742
0.264648
0.233887
0.252930
0.195313
0.206543
0.245117
0.245117
0.260742
0.226074
0.187500
0.272461
0.279785
0.237793
0.206543
0.202637
0.152832
0.141113
0.148926
0.141113
0.141113
0.167969
0.152832
0.152832
0.133301
0.164063
0.114258
0.086914
0.086914
0.071777
0.060059
0.041016
0.056152
0.071777
0.052246
0.056152
0.056152
0.009766
0.041016
0.048340
0.025391
0.029297
0.002441
-0.012695
-0.051270
-0.035645
-0.035645
-0.012695
-0.062988
-0.070313
-0.039551
-0.043457
-0.028320
-0.024414
-0.031738
-0.074219
-0.012695
-0.035645
-0.062988
-0.028320
-0.043457
-0.074219
-0.062988
-0.082031
-0.070313
-0.078125
-0.101563
-0.093750
-0.078125
-0.074219
-0.078125
-0.074219
-0.078125
-0.078125
-0.097656
-0.074219
-0.093750
-0.066895
-0.089844
-0.089844
-0.085938
-0.112793
-0.082031
-0.097656
-0.112793
-0.082031
-0.112793
-0.101563
-0.097656
-0.101563
-0.097656
-0.082031
-0.089844
-0.089844
-0.078125
-0.116699
-0.093750
-0.116699
-0.108887
-0.105469
-0.097656
-0.093750
-0.105469
-0.097656
-0.105469
-0.101563
-0.101563
-0.132324
-0.132324
-0.128418
-0.140137
-0.128418
-0.112793
-0.128418
-0.105469
-0.108887
-0.128418
-0.124512
-0.116699
-0.108887
-0.097656
-0.128418
-0.108887
-0.093750
-0.105469
-0.089844
-0.085938
-0.085938
-0.089844
-0.074219
-0.097656
-0.089844
-0.078125
-0.070313
-0.085938
-0.062988
-0.089844
-0.101563
-0.128418
-0.101563
-0.108887
-0.120606
-0.101563
-0.085938
-0.112793
-0.089844
-0.089844
-0.078125
-0.085938
-0.085938
-0.089844
-0.085938
-0.085938
-0.101563
-0.101563
-0.085938
-0.085938
-0.062988
-0.093750
-0.074219
-0.074219
-0.085938
-0.085938
-0.093750
-0.105469
-0.093750
-0.089844
-0.093750
-0.085938
-0.078125
-0.082031
-0.062988
-0.059082
-0.074219
-0.066895
-0.051270
-0.074219
-0.074219
-0.082031
-0.078125
-0.070313
-0.059082
-0.066895
-0.059082
-0.031738
-0.051270
-0.082031
-0.051270
-0.059082
-0.039551
-0.047363
-0.074219
-0.055176
-0.043457
-0.031738
-0.043457
-0.039551
-0.028320
-0.035645
-0.062988
-0.024414
-0.070313
-0.055176
-0.047363
-0.055176
-0.035645
-0.059082
-0.031738
-0.047363
-0.035645
-0.055176
-0.070313
-0.039551
-0.055176
-0.074219
-0.051270
-0.066895
-0.031738
-0.055176
-0.039551
-0.031738
-0.035645
-0.062988
-0.059082
-0.047363
-0.047363
-0.024414
-0.047363
-0.047363
-0.051270
-0.059082
-0.066895
-0.059082
-0.062988
-0.047363
-0.059082
-0.062988
-0.012695
-0.028320
-0.043457
-0.051270
-0.031738
-0.039551
-0.035645
-0.059082
-0.035645
-0.051270
-0.035645
-0.024414
-0.051270
-0.051270
-0.059082
-0.031738
-0.043457
-0.047363
-0.043457
-0.059082
-0.055176
-0.066895
-0.059082
-0.047363
-0.070313
-0.062988
-0.078125
-0.070313
-0.082031
-0.059082
-0.047363
-0.051270
-0.039551
-0.043457
-0.028320
-0.016602
-0.028320
-0.016602
-0.031738
-0.035645
-0.016602
-0.031738
-0.020508
-0.031738
-0.028320
-0.028320
-0.016602
-0.035645
-0.051270
-0.035645
-0.039551
-0.047363
-0.039551
-0.047363
-0.055176
-0.066895
-0.039551
-0.031738
-0.043457
-0.062988
-0.047363
-0.066895
-0.024414
-0.031738
-0.012695
-0.024414
-0.035645
-0.043457
-0.016602
-0.016602
-0.028320
-0.031738
-0.039551
-0.020508
-0.020508
-0.031738
-0.016602
-0.020508
-0.020508
-0.028320
-0.020508
-0.043457
-0.031738
-0.016602
-0.055176
-0.055176
-0.031738
-0.035645
-0.035645
-0.035645
-0.047363
-0.047363
-0.035645
-0.024414
-0.039551
-0.043457
-0.028320
-0.028320
-0.039551
-0.020508
-0.028320
-0.024414
-0.008789
-0.012695
-0.016602
-0.024414
-0.020508
-0.024414
-0.008789
-0.024414
-0.004883
-0.031738
-0.016602
-0.020508
-0.016602
-0.020508
-0.031738
-0.028320
-0.035645
-0.043457
-0.028320
-0.031738
-0.031738
-0.031738
-0.039551
-0.043457
-0.043457
-0.066895
-0.039551
-0.020508
-0.028320
-0.043457
-0.035645
-0.024414
-0.043457
-0.016602
-0.039551
-0.043457
-0.035645
-0.051270
-0.039551
-0.024414
-0.035645
-0.039551
-0.035645
-0.039551
-0.035645
-0.031738
-0.039551
-0.043457
-0.031738
-0.043457
-0.024414
-0.016602
-0.047363
-0.020508
-0.035645
-0.031738
-0.012695
-0.016602
-0.051270
-0.004883
-0.024414
-0.035645
-0.024414
-0.035645
-0.031738
-0.024414
-0.024414
-0.047363
-0.031738
-0.024414
-0.031738
-0.051270
-0.043457
-0.031738
-0.035645
-0.012695
-0.028320
-0.031738
-0.024414
-0.024414
-0.039551
-0.039551
-0.039551
-0.035645
-0.028320
-0.008789
-0.039551
-0.024414
-0.012695
-0.012695
-0.004883
-0.000977
0.013672
-0.000977
0.009766
0.017578
0.002441
-0.000977
0.013672
0.013672
-0.000977
0.013672
0.041016
0.006348
0.017578
0.006348
-0.004883
0.017578
0.002441
0.017578
0.013672
0.029297
0.021484
0.029297
0.021484
-0.024414
0.067871
-0.043457
0.041016
0.063965
0.063965
0.090820
0.086914
0.098633
0.086914
0.094727
0.102539
0.152832
0.199219
0.133301
0.171875
0.175781
0.287598
0.114258
0.183594
0.141113
0.195313
0.164063
0.122070
0.179688
0.260742
0.202637
0.125488
0.330078
0.199219
0.349609
0.291504
0.307129
0.345703
0.341797
0.241211
0.376465
0.295410
0.395508
0.295410
0.349609
0.341797
0.337891
0.403320
0.364746
0.434082
0.283691
0.395508
0.333984
0.388184
0.360840
0.411133
0.476563
0.484375
0.430664
0.522949
0.480469
0.492188
0.515137
0.511231
0.519043
0.507813
0.526856
0.522949
0.503906
0.592285
0.596191
0.553711
0.584961
0.573242
0.546387
0.581055
0.549805
0.507813
0.553711
0.530762
0.584961
0.588379
0.592285
0.573242
0.588379
0.604004
0.630859
0.650391
0.669434
0.615723
0.607910
0.604004
0.619629
0.715820
0.685059
0.677246
0.658203
0.696777
0.673340
0.658203
0.584961
0.781250
0.766113
0.723633
0.711914
0.688965
0.685059
0.704102
0.681152
0.715820
0.735352
0.758301
0.766113
0.773926
0.789063
0.785156
0.796875
0.800781
0.789063
0.785156
0.792969
0.785156
0.800781
0.731445
0.754394
0.742676
0.804688
0.808594
0.843262
0.877930
0.874023
0.896973
0.900879
0.912598
0.896973
0.893555
0.877930
0.851074
0.847168
0.862305
0.877930
0.851074
0.854981
0.862305
0.877930
0.862305
0.881836
0.835449
0.912598
0.924316
0.928223
0.877930
0.896973
0.916504
0.958984
0.970703
0.962891
0.939453
0.947266
0.932129
0.974121
0.955078
0.955078
0.943359
0.932129
0.924316
0.947266
0.947266
0.951172
0.939453
0.962891
0.958984
0.955078
0.962891
0.989746
0.993652
0.970703
0.966797
0.966797
0.970703
0.974121
0.955078
0.962891
0.985840
0.974121
1.005371
0.966797
1.016602
0.993652
0.981934
0.993652
1.005371
0.981934
0.958984
0.943359
0.962891
0.935547
0.947266
0.962891
0.935547
0.970703
0.958984
0.955078
0.974121
0.978027
0.970703
0.981934
0.951172
0.955078
0.966797
0.966797
0.974121
0.989746
0.978027
1.001465
1.005371
0.985840
0.970703
0.985840
0.989746
0.970703
1.005371
0.981934
0.978027
0.974121
0.958984
0.989746
0.970703
0.985840
0.978027
0.951172
0.981934
0.985840
0.970703
0.966797
0.989746
0.981934
0.989746
1.020508
1.009277
1.028320
1.016602
1.001465
0.997559
0.985840
1.001465
1.016602
1.001465
1.005371
1.009277
1.047852
1.032227
1.028320
1.024414
0.993652
1.009277
1.012695
1.020508
1.016602
1.016602
1.016602
1.009277
1.020508
0.955078
1.024414
1.024414
1.024414
1.032227
1.024414
1.016602
1.032227
1.016602
1.020508
1.028320
1.001465
1.009277
0.989746
0.985840
1.009277
1.016602
1.036133
1.040039
1.043945
1.040039
1.016602
1.024414
1.005371
1.028320
1.024414
1.024414
1.024414
1.028320
1.028320
1.020508
1.024414
1.016602
1.024414
1.016602
1.005371
1.043945
1.020508
1.028320
1.009277
1.020508
1.040039
1.005371
1.012695
1.024414
0.989746
1.024414
1.032227
1.005371
1.012695
0.974121
1.016602
1.005371
1.024414
1.024414
1.032227
1.020508
1.020508
0.993652
0.978027
0.974121
1.001465
1.001465
0.974121
1.005371
1.001465
1.005371
1.020508
1.005371
1.009277
0.981934
0.978027
0.981934
0.978027
0.974121
0.985840
1.001465
1.009277
1.005371
0.993652
1.028320
0.993652
0.997559
1.001465
1.005371
0.985840
0.981934
1.009277
1.016602
1.028320
1.059082
0.962891
1.028320
1.028320
1.016602
1.009277
1.001465
1.001465
1.009277
1.032227
1.005371
1.016602
1.020508
1.016602
1.024414
1.028320
1.040039
1.024414
1.012695
1.001465
1.005371
1.001465
1.005371
1.005371
1.001465
1.016602
1.009277
1.005371
0.993652
0.997559
0.989746
1.012695
1.036133
1.020508
1.005371
1.005371
1.005371
1.016602
1.016602
1.012695
1.009277
1.009277
1.024414
1.005371
1.009277
1.005371
1.020508
0.997559
1.001465
1.005371
1.001465
1.001465
0.993652
0.989746
1.009277
1.028320
1.016602
1.020508
1.012695
1.024414
1.016602
1.024414
1.012695
1.032227
1.024414
1.012695
1.024414
1.024414
1.005371
1.012695
1.005371
1.012695
1.016602
1.005371
1.016602
1.016602
1.001465
0.993652
1.001465
1.024414
1.012695
1.020508
1.005371
1.024414
1.016602
0.997559
1.020508
1.040039
1.020508
1.009277
1.016602
1.005371
1.001465
1.001465
1.005371
1.005371
1.009277
1.024414
0.989746
1.001465
1.016602
1.009277
0.978027
0.970703
1.001465
1.001465
0.993652
0.985840
1.012695
1.016602
1.032227
1.024414
0.993652
1.016602
1.024414
1.036133
0.993652
0.985840
0.997559
0.985840
1.009277
0.951172
0.978027
0.970703
0.974121
0.985840
0.993652
0.993652
0.970703
0.970703
0.970703
0.985840
0.974121
0.981934
1.001465
0.993652
0.985840
1.005371
1.001465
1.001465
0.989746
0.989746
0.989746
1.005371
1.005371
1.009277
0.989746
0.993652
1.016602
1.005371
1.005371
1.005371
1.005371
1.012695
0.997559
1.016602
1.005371
1.005371
1.005371
1.001465
1.020508
1.016602
0.993652
1.009277
1.024414
1.020508
1.028320
1.028320
1.005371
1.028320
1.012695
1.024414
1.032227
1.005371
1.036133
1.020508
1.016602
1.012695
1.036133
1.012695
1.009277
0.989746
1.001465
0.993652
1.012695
1.016602
1.020508
1.016602
1.024414
0.981934
1.009277
0.985840
1.012695
1.012695
1.012695
1.005371
1.012695
1.040039
1.020508
0.989746
0.981934
0.981934
1.009277
1.016602
1.024414
1.012695
1.005371
1.005371
1.005371
1.005371
0.997559
0.985840
0.981934
0.989746
1.001465
1.005371
0.993652
0.978027
0.989746
1.001465
1.005371
1.005371
1.005371
0.985840
0.966797
1.001465
0.978027
1.001465
1.012695
0.993652
0.993652
1.020508
1.001465
1.001465
1.032227
0.981934
1.009277
1.005371
1.032227
1.001465
0.993652
0.993652
0.993652
1.028320
0.989746
1.016602
1.012695
1.024414
1.028320
0.985840
1.001465
0.966797
0.989746
1.009277
0.981934
1.032227
1.001465
1.001465
0.970703
0.974121
0.985840
1.001465
0.985840
0.993652
1.016602
0.985840
0.997559
1.012695
1.024414
1.009277
0.997559
0.989746
1.020508
1.005371
0.989746
0.989746
1.005371
1.016602
1.005371
1.028320
1.024414
1.047852
1.032227
1.062988
1.055176
1.055176
1.051270
1.059082
1.059082
1.074707
1.062988
1.059082
1.047852
1.062988
1.070801
1.036133
1.036133
1.043945
1.016602
1.020508
1.040039
1.062988
1.043945
1.043945
1.059082
1.055176
1.028320
1.028320
1.016602
1.024414
1.005371
1.036133
1.028320
1.028320
1.016602
1.032227
1.040039
1.001465
1.032227
1.055176
1.047852
1.040039
1.047852
1.043945
0.993652
1.286621
0.854981
1.016602
0.943359
0.831543
1.005371
1.047852
0.981934
0.962891
1.009277
1.001465
1.032227
1.009277
0.958984
0.947266
1.009277
0.985840
0.978027
0.985840
1.001465
1.001465
0.989746
1.005371
1.001465
1.001465
0.947266
0.966797
0.985840
0.997559
1.009277
1.009277
0.939453
0.866211
0.893555
0.932129
0.935547
0.939453
0.904785
0.947266
0.958984
0.974121
0.966797
0.939453
0.955078
0.928223
0.920410
0.951172
0.958984
0.966797
1.005371
1.051270
1.086426
1.066895
1.059082
1.012695
1.016602
0.978027
1.047852
1.062988
1.101563
1.051270
1.040039
1.005371
1.012695
1.009277
0.989746
0.955078
0.970703
0.947266
0.920410
0.908691
0.939453
1.093750
1.009277
1.005371
1.113281
1.070801
1.059082
0.993652
1.001465
1.024414
1.047852
1.043945
1.062988
1.016602
1.036133
1.024414
0.966797
0.997559
0.951172
0.924316
0.939453
1.040039
1.009277
0.962891
0.985840
1.005371
0.962891
0.939453
0.947266
0.785156
0.935547
1.028320
1.062988
1.009277
0.981934
0.966797
1.001465
1.009277
0.970703
0.904785
0.904785
0.932129
0.908691
0.916504
0.904785
0.920410
0.932129
0.924316
0.932129
0.958984
0.955078
0.939453
0.920410
0.939453
0.935547
0.989746
0.974121
0.981934
1.001465
0.981934
1.001465
1.005371
1.024414
0.997559
1.047852
1.032227
1.012695
1.074707
1.028320
0.981934
0.974121
0.970703
1.001465
0.993652
0.985840
0.966797
0.958984
0.947266
0.947266
0.924316
0.912598
0.912598
0.920410
0.970703
0.981934
1.016602
1.012695
1.020508
1.012695
1.020508
1.020508
1.001465
1.005371
0.981934
1.009277
1.009277
0.981934
0.978027
1.005371
1.001465
0.978027
0.985840
0.966797
0.989746
0.985840
0.970703
0.939453
0.924316
0.962891
0.985840
1.009277
1.028320
1.020508
0.997559
1.012695
1.028320
1.005371
1.005371
1.040039
1.047852
1.078613
1.066895
1.047852
1.036133
1.040039
1.047852
1.040039
1.062988
0.997559
1.040039
1.032227
1.020508
1.001465
1.009277
1.009277
0.993652
1.001465
1.016602
1.009277
1.028320
0.981934
1.001465
1.009277
1.001465
1.005371
1.032227
1.036133
1.062988
1.028320
1.016602
1.040039
1.047852
1.032227
1.028320
1.020508
1.020508
1.020508
1.032227
1.020508
1.032227
1.024414
1.016602
1.009277
1.009277
1.009277
1.005371
1.012695
1.005371
1.001465
1.024414
1.016602
1.001465
1.009277
1.009277
1.012695
1.016602
1.005371
0.989746
1.005371
0.997559
1.009277
0.989746
1.016602
0.993652
0.985840
0.974121
0.989746
0.978027
1.016602
1.001465
0.970703
1.009277
0.981934
1.005371
1.012695
1.001465
1.012695
1.032227
1.032227
1.016602
1.024414
1.016602
1.020508
0.993652
1.001465
1.020508
1.028320
1.009277
1.016602
1.009277
0.974121
0.955078
1.005371
1.001465
0.981934
1.001465
0.993652
0.993652
0.978027
1.001465
1.005371
1.009277
1.032227
1.032227
1.024414
1.020508
1.036133
0.989746
0.989746
1.001465
1.005371
1.032227
1.005371
1.009277
1.024414
1.012695
1.016602
0.985840
0.989746
1.005371
1.012695
1.016602
1.009277
1.009277
1.001465
1.005371
1.001465
0.978027
1.005371
1.020508
1.001465
1.005371
1.001465
1.020508
1.009277
0.978027
0.993652
0.989746
0.989746
0.981934
0.985840
1.032227
0.997559
0.993652
0.974121
0.966797
1.001465
0.989746
0.985840
1.005371
1.009277
1.001465
0.985840
0.978027
0.989746
1.024414
1.016602
1.028320
1.009277
0.978027
1.032227
0.974121
1.009277
1.001465
1.005371
0.981934
0.958984
0.989746
1.009277
0.993652
0.993652
1.005371
0.981934
1.001465
1.012695
0.989746
0.985840
1.005371
0.989746
0.985840
1.001465
0.947266
0.981934
0.993652
1.009277
1.012695
1.024414
1.009277
1.009277
1.020508
1.016602
0.997559
1.005371
1.001465
1.009277
1.028320
1.016602
1.016602
1.032227
1.009277
0.978027
1.020508
1.012695
1.028320
1.016602
0.974121
0.974121
0.966797
0.974121
0.985840
0.981934
0.985840
0.997559
1.016602
1.012695
1.020508
1.020508
1.016602
1.005371
1.005371
0.974121
1.001465
1.001465
1.016602
1.012695
0.989746
0.978027
1.001465
1.001465
0.958984
0.966797
1.001465
1.012695
0.997559
1.009277
1.009277
0.981934
0.997559
1.012695
1.020508
1.016602
1.016602
0.993652
1.001465
0.997559
1.005371
1.032227
1.020508
0.989746
1.001465
1.005371
1.009277
1.005371
1.005371
1.009277
1.028320
1.012695
1.020508
1.005371
1.024414
1.032227
1.024414
1.024414
1.009277
1.012695
1.009277
1.001465
1.028320
1.012695
1.020508
1.024414
1.005371
1.024414
1.005371
1.009277
0.993652
1.020508
1.012695
1.001465
0.989746
1.020508
1.024414
1.009277
1.009277
1.016602
1.009277
1.016602
0.981934
1.005371
1.016602
1.012695
0.997559
1.001465
1.001465
0.997559
1.020508
0.997559
0.978027
1.005371
1.028320
1.032227
1.040039
1.016602
1.024414
1.020508
1.020508
1.005371
1.005371
0.997559
1.001465
0.981934
1.001465
1.001465
1.001465
0.993652
1.009277
1.012695
0.974121
1.001465
1.009277
1.016602
1.009277
0.981934
1.005371
1.016602
1.001465
1.016602
1.001465
1.001465
0.985840
1.001465
1.005371
1.016602
1.020508
1.012695
1.020508
1.024414
1.040039
1.036133
1.016602
1.024414
1.009277
1.016602
1.024414
0.989746
1.012695
1.016602
1.032227
1.001465
1.020508
1.024414
1.012695
1.028320
1.047852
1.070801
1.062988
1.086426
1.109375
1.078613
1.121094
1.144043
1.140137
1.166992
1.128418
1.047852
1.117188
1.159668
1.147949
1.078613
1.082520
1.055176
1.051270
1.062988
1.043945
1.093750
1.097656
1.005371
0.989746
1.055176
1.059082
0.955078
0.924316
0.958984
0.962891
0.943359
0.970703
0.958984
0.966797
0.955078
0.935547
0.974121
1.001465
1.040039
1.036133
1.024414
1.040039
1.036133
1.016602
1.051270
1.047852
1.016602
1.016602
1.016602
0.978027
0.970703
0.978027
0.989746
0.962891
0.955078
0.974121
0.970703
1.012695
1.028320
1.055176
1.032227
1.028320
0.962891
0.912598
0.939453
0.958984
0.928223
1.001465
0.955078
0.877930
0.885742
0.885742
0.843262
0.816406
0.758301
0.762207
0.796875
0.819824
0.831543
0.827637
0.839356
0.800781
0.835449
0.823731
0.904785
0.951172
0.970703
0.978027
0.947266
0.893555
0.947266
0.904785
0.877930
0.912598
0.908691
0.943359
0.947266
0.947266
0.958984
0.962891
0.939453
0.928223
0.943359
0.943359
0.939453
0.974121
1.047852
1.028320
1.020508
1.051270
1.066895
1.089844
1.078613
1.066895
1.070801
1.043945
1.020508
1.040039
1.024414
1.009277
1.016602
1.005371
1.016602
1.012695
0.985840
1.001465
0.951172
0.966797
1.020508
0.970703
0.993652
1.047852
1.047852
1.070801
1.036133
1.005371
1.001465
1.032227
1.016602
1.005371
0.989746
0.993652
0.985840
0.966797
0.974121
0.970703
0.958984
0.912598
0.951172
0.966797
1.036133
1.012695
0.966797
0.978027
0.993652
0.978027
0.970703
1.001465
1.001465
1.001465
1.020508
0.985840
0.866211
0.939453
0.962891
0.943359
0.951172
0.958984
1.016602
0.974121
0.985840
0.947266
0.958984
0.943359
0.966797
0.962891
0.951172
0.951172
0.958984
0.939453
0.939453
0.939453
0.955078
0.943359
0.970703
1.020508
0.993652
0.989746
0.966797
0.978027
0.966797
0.958984
0.924316
0.985840
1.001465
0.951172
0.935547
0.939453
0.924316
0.932129
0.947266
0.928223
0.939453
0.955078
0.955078
0.955078
0.985840
0.947266
0.935547
0.935547
0.947266
0.966797
0.935547
0.970703
0.928223
0.955078
0.947266
0.955078
0.989746
0.885742
0.904785
1.070801
1.012695
1.101563
1.051270
1.066895
1.047852
1.040039
1.005371
0.989746
1.001465
0.993652
0.978027
0.997559
1.012695
0.993652
1.020508
0.974121
0.970703
1.005371
1.001465
0.993652
1.005371
1.032227
1.040039
1.032227
1.024414
1.043945
1.032227
1.055176
1.051270
1.066895
1.066895
1.051270
1.047852
1.036133
1.020508
0.966797
1.001465
1.005371
0.958984
0.955078
0.932129
0.958984
0.978027
0.974121
0.974121
1.001465
0.985840
1.005371
1.020508
1.020508
1.024414
1.016602
1.032227
1.036133
1.032227
1.028320
1.016602
1.036133
0.993652
0.985840
0.989746
1.001465
0.989746
1.005371
1.001465
0.978027
1.005371
0.985840
0.974121
1.020508
1.024414
1.028320
1.036133
1.016602
1.009277
1.005371
0.985840
0.993652
1.012695
1.032227
1.024414
1.036133
1.001465
1.009277
1.001465
1.001465
1.012695
1.005371
1.012695
1.001465
1.016602
1.012695
1.001465
0.989746
0.955078
0.981934
1.001465
0.955078
1.005371
1.005371
0.970703
0.989746
1.020508
1.024414
1.016602
1.012695
1.005371
0.997559
0.966797
0.985840
1.001465
1.020508
0.974121
0.978027
0.985840
1.005371
1.012695
1.012695
1.032227
1.055176
1.016602
1.040039
0.997559
0.985840
1.012695
1.005371
1.005371
1.032227
1.024414
1.012695
0.966797
1.036133
1.020508
1.032227
1.009277
1.009277
0.989746
0.989746
1.001465
1.001465
0.958984
1.001465
1.016602
0.985840
1.009277
1.016602
1.016602
0.985840
0.989746
1.005371
1.009277
1.012695
0.981934
0.970703
0.966797
0.985840
0.974121
1.036133
1.043945
1.020508
1.009277
1.032227
1.036133
1.047852
1.032227
1.009277
1.043945
1.040039
1.009277
1.016602
1.024414
0.989746
0.981934
1.001465
0.997559
0.955078
0.939453
1.020508
1.040039
1.016602
1.001465
1.001465
1.040039
1.009277
0.997559
1.009277
1.001465
0.993652
1.001465
1.016602
0.989746
1.001465
1.016602
0.981934
1.016602
1.009277
1.032227
1.024414
1.012695
1.020508
1.016602
1.005371
1.005371
0.978027
0.989746
0.981934
0.978027
0.978027
0.985840
1.020508
0.993652
1.024414
1.012695
1.020508
1.009277
0.978027
1.005371
0.966797
0.978027
0.989746
0.966797
0.997559
0.981934
1.012695
1.009277
1.012695
1.016602
1.001465
1.009277
1.005371
1.001465
1.016602
1.001465
0.997559
1.016602
1.020508
1.024414
1.001465
1.009277
1.016602
1.012695
0.989746
1.005371
1.001465
0.985840
1.020508
1.012695
1.005371
0.981934
1.020508
1.005371
1.016602
0.989746
0.997559
1.016602
0.966797
0.978027
1.009277
1.005371
0.997559
1.024414
1.001465
0.981934
0.997559
1.016602
1.028320
1.009277
0.962891
0.985840
1.012695
1.016602
1.012695
1.036133
0.981934
0.970703
0.966797
0.981934
0.970703
0.970703
0.985840
1.001465
0.951172
0.989746
0.978027
0.970703
0.989746
1.001465
0.989746
0.989746
0.985840
1.005371
1.043945
0.989746
1.005371
1.012695
1.016602
1.032227
1.009277
0.985840
1.005371
1.001465
1.016602
1.005371
0.989746
0.993652
1.001465
0.981934
1.005371
1.005371
1.009277
1.020508
1.005371
1.012695
1.016602
1.005371
0.997559
1.012695
1.024414
1.009277
1.040039
1.020508
1.012695
1.028320
1.028320
1.005371
1.005371
1.012695
1.032227
1.012695
1.020508
1.009277
1.001465
1.036133
1.016602
1.028320
1.020508
1.016602
0.989746
1.001465
1.028320
1.062988
1.047852
1.028320
1.020508
1.051270
1.028320
1.040039
1.012695
1.055176
1.043945
1.047852
1.009277
1.032227
0.989746
1.001465
0.993652
0.993652
0.985840
0.993652
1.020508
1.020508
1.016602
1.012695
1.020508
1.032227
0.993652
0.985840
0.985840
1.020508
1.043945
1.078613
0.947266
1.012695
0.997559
1.016602
1.012695
1.005371
1.005371
0.985840
1.020508
1.001465
1.005371
0.985840
0.970703
0.962891
0.970703
0.989746
0.978027
1.020508
1.001465
0.993652
1.005371
0.974121
1.009277
1.012695
1.009277
0.997559
0.985840
0.974121
0.951172
0.958984
0.981934
0.989746
0.955078
0.955078
0.955078
0.962891
0.989746
1.005371
1.028320
1.009277
1.020508
0.993652
1.005371
1.040039
1.009277
1.012695
1.016602
0.981934
1.001465
1.001465
0.985840
0.985840
0.985840
0.943359
0.970703
0.932129
0.939453
0.947266
0.924316
0.951172
0.958984
1.005371
0.997559
0.985840
0.981934
0.974121
0.966797
0.943359
0.935547
0.924316
0.943359
0.966797
0.989746
1.020508
1.001465
0.985840
0.970703
0.958984
0.985840
0.958984
0.951172
0.939453
0.928223
0.939453
0.939453
0.947266
0.955078
0.939453
0.924316
0.912598
0.896973
0.916504
0.939453
0.951172
0.981934
0.958984
0.970703
0.974121
1.005371
0.974121
0.935547
0.951172
0.943359
0.928223
0.943359
0.920410
0.932129
0.955078
0.970703
0.974121
1.005371
0.978027
0.989746
1.001465
0.989746
0.947266
0.974121
0.978027
0.958984
0.989746
0.981934
0.989746
1.005371
1.005371
1.040039
1.040039
1.016602
1.001465
1.009277
0.974121
0.955078
0.970703
0.974121
0.974121
0.962891
0.947266
0.939453
0.974121
0.962891
0.978027
0.966797
0.974121
0.985840
0.962891
0.951172
0.958984
0.989746
0.985840
1.005371
1.012695
1.012695
1.016602
1.009277
1.009277
0.981934
0.978027
0.981934
0.985840
0.989746
1.009277
1.001465
0.985840
1.001465
0.981934
1.020508
0.993652
1.005371
1.012695
1.009277
1.012695
1.024414
1.016602
1.032227
1.005371
1.012695
1.012695
1.047852
1.028320
1.024414
1.012695
0.981934
0.966797
0.966797
0.985840
1.001465
0.974121
1.001465
0.974121
0.985840
0.962891
0.981934
0.993652
0.974121
1.009277
0.985840
0.989746
0.966797
0.978027
1.012695
0.997559
1.012695
1.032227
1.020508
1.020508
0.997559
1.005371
1.001465
1.001465
1.020508
1.032227
1.028320
1.036133
1.024414
1.032227
1.036133
1.005371
1.012695
1.009277
0.985840
1.016602
1.020508
1.032227
0.993652
1.012695
1.005371
1.040039
1.040039
1.020508
1.036133
1.012695
1.020508
1.047852
1.020508
1.062988
1.047852
1.012695
1.016602
1.005371
1.032227
1.047852
1.036133
1.012695
1.024414
1.016602
1.016602
1.012695
1.001465
0.993652
0.989746
1.001465
1.009277
1.020508
1.020508
0.985840
1.012695
1.005371
1.009277
1.001465
0.993652
1.024414
1.024414
1.028320
1.012695
1.012695
1.024414
1.009277
1.001465
1.005371
1.020508
1.024414
1.009277
0.981934
1.009277
1.009277
0.997559
1.005371
1.001465
1.012695
0.993652
0.981934
0.978027
1.005371
0.985840
0.978027
1.001465
1.012695
1.005371
1.001465
1.009277
1.016602
1.005371
1.001465
1.024414
0.974121
0.981934
1.009277
0.981934
1.001465
1.005371
1.001465
1.024414
0.981934
0.989746
1.009277
1.009277
1.016602
1.009277
1.020508
1.005371
1.001465
1.009277
1.005371
1.009277
1.043945
1.005371
1.020508
1.024414
1.032227
1.012695
1.032227
0.985840
1.005371
0.985840
0.989746
1.012695
1.012695
1.020508
0.978027
1.028320
0.989746
1.009277
1.001465
1.012695
1.001465
1.032227
1.001465
1.012695
0.985840
0.985840
0.989746
1.012695
0.993652
0.981934
1.001465
1.005371
1.005371
0.974121
1.001465
0.974121
0.978027
1.005371
0.989746
1.009277
1.012695
1.012695
1.016602
1.005371
1.001465
1.001465
1.001465
0.989746
0.985840
0.993652
1.020508
1.036133
1.016602
0.993652
0.985840
1.051270
1.024414
0.993652
0.997559
1.016602
1.016602
1.009277
1.005371
0.985840
1.012695
1.009277
1.009277
1.001465
0.985840
1.032227
1.024414
1.028320
1.020508
1.016602
1.032227
1.020508
1.016602
1.005371
1.020508
1.005371
1.032227
1.001465
1.012695
1.016602
1.001465
1.005371
0.985840
1.001465
1.001465
1.001465
0.989746
0.974121
0.981934
1.001465
1.001465
1.009277
1.016602
1.016602
0.989746
1.005371
1.009277
1.016602
1.001465
1.001465
1.012695
1.012695
1.016602
1.001465
1.012695
1.020508
1.047852
1.012695
1.012695
0.997559
1.020508
1.009277
1.009277
1.020508
1.009277
0.993652
1.009277
1.012695
0.981934
1.009277
1.009277
1.001465
1.005371
1.001465
0.981934
1.009277
0.981934
1.009277
0.974121
1.012695
0.989746
1.005371
1.005371
1.009277
1.020508
0.997559
1.005371
1.016602
1.024414
1.012695
1.016602
1.020508
1.012695
1.001465
1.001465
1.020508
1.032227
0.989746
0.970703
0.989746
0.985840
1.001465
0.993652
0.985840
1.009277
1.016602
1.009277
1.012695
1.012695
0.993652
1.020508
1.012695
1.012695
1.009277
1.016602
0.985840
0.978027
0.955078
0.970703
0.989746
0.981934
1.001465
0.981934
1.009277
0.978027
0.989746
0.974121
1.032227
0.978027
1.036133
1.020508
1.012695
1.016602
0.985840
1.005371
1.005371
1.040039
0.993652
1.024414
1.016602
1.009277
1.036133
1.012695
1.016602
1.020508
1.009277
0.989746
1.005371
1.012695
1.009277
1.012695
1.001465
0.985840
0.981934
1.005371
1.001465
0.989746
1.001465
0.974121
1.047852
1.005371
1.001465
0.951172
1.097656
0.989746
1.001465
1.001465
0.997559
1.016602
1.012695
0.985840
0.985840
1.001465
1.001465
0.993652
1.001465
1.016602
1.001465
1.001465
1.016602
1.005371
1.016602
1.016602
1.016602
1.001465
1.001465
0.993652
0.981934
0.993652
1.001465
0.974121
1.005371
1.005371
1.005371
1.001465
1.005371
1.001465
1.005371
0.978027
1.001465
1.012695
1.032227
1.005371
1.009277
0.970703
1.005371
1.005371
1.024414
1.005371
1.024414
1.009277
1.009277
1.016602
0.981934
1.020508
1.005371
1.005371
0.981934
0.981934
0.985840
1.001465
0.974121
1.005371
0.974121
0.993652
0.989746
0.985840
1.005371
0.997559
1.005371
1.016602
1.005371
0.993652
0.993652
1.016602
1.009277
1.005371
1.016602
1.012695
1.016602
1.009277
1.001465
0.981934
0.985840
1.001465
1.024414
1.001465
1.024414
1.009277
1.009277
1.005371
1.020508
0.993652
1.009277
1.001465
1.001465
1.020508
1.012695
1.036133
1.047852
1.012695
1.005371
0.985840
0.978027
1.001465
1.009277
1.001465
1.016602
0.974121
1.009277
1.012695
1.009277
1.009277
1.036133
1.005371
1.012695
1.001465
1.009277
1.001465
1.001465
1.012695
0.993652
0.989746
0.978027
0.989746
0.978027
0.985840
1.005371
1.009277
0.970703
0.997559
1.024414
0.981934
1.028320
1.009277
1.009277
0.974121
1.001465
1.016602
1.001465
1.009277
1.005371
0.900879
1.016602
0.993652
1.024414
1.001465
1.024414
1.005371
0.993652
0.993652
1.009277
1.001465
0.989746
1.005371
1.001465
1.001465
1.016602
1.016602
1.016602
0.997559
0.985840
1.016602
1.016602
1.020508
1.016602
0.985840
1.005371
0.985840
1.020508
0.989746
1.024414
1.070801
1.005371
1.012695
1.020508
1.066895
1.024414
1.028320
0.970703
0.966797
0.989746
1.001465
0.966797
1.001465
1.001465
0.978027
0.978027
0.966797
0.970703
0.966797
0.985840
0.985840
0.989746
0.951172
0.970703
0.981934
0.978027
0.989746
1.005371
0.981934
1.005371
0.974121
0.981934
1.024414
0.978027
1.032227
1.051270
1.020508
1.028320
1.016602
1.001465
1.009277
0.993652
0.981934
1.001465
1.005371
1.001465
0.978027
1.001465
1.005371
0.985840
0.989746
1.009277
1.009277
0.985840
0.997559
1.016602
1.016602
1.001465
1.012695
1.012695
0.997559
0.974121
0.989746
0.958984
1.016602
0.970703
1.001465
1.020508
0.993652
1.012695
1.024414
1.016602
1.012695
1.024414
1.001465
1.016602
1.001465
1.024414
1.028320
1.020508
1.005371
1.005371
1.012695
0.993652
1.001465
0.985840
0.985840
1.016602
1.005371
1.005371
0.978027
0.997559
1.001465
1.001465
1.001465
1.001465
0.978027
1.005371
0.970703
0.985840
0.989746
1.001465
1.001465
0.993652
1.009277
1.016602
1.001465
0.985840
1.005371
0.981934
1.012695
1.001465
1.005371
1.001465
0.981934
0.978027
0.985840
1.001465
0.989746
0.997559
1.005371
1.020508
1.001465
0.985840
0.993652
0.985840
1.020508
0.985840
0.985840
1.009277
0.993652
1.040039
1.005371
1.009277
1.005371
1.009277
1.001465
1.016602
1.005371
1.001465
1.020508
1.032227
1.005371
1.024414
1.009277
1.009277
1.016602
1.020508
1.016602
1.020508
1.024414
1.016602
0.989746
1.009277
1.001465
0.989746
1.020508
1.012695
1.016602
1.016602
1.012695
1.020508
0.989746
1.020508
0.978027
0.993652
1.020508
0.970703
1.032227
0.993652
1.012695
1.009277
1.012695
0.981934
1.020508
1.005371
0.989746
0.985840
1.005371
1.005371
0.985840
1.012695
0.985840
1.009277
0.989746
0.978027
1.009277
1.024414
1.005371
1.005371
1.020508
1.001465
0.985840
1.016602
1.005371
1.001465
1.001465
0.985840
1.016602
1.005371
1.005371
1.009277
0.993652
0.993652
0.970703
1.009277
1.012695
0.985840
1.012695
1.016602
1.009277
1.005371
1.009277
0.985840
1.012695
1.016602
1.005371
1.024414
1.009277
1.001465
1.005371
0.989746
1.016602
1.009277
0.985840
0.997559
0.985840
0.978027
0.993652
0.958984
0.970703
0.989746
0.997559
1.005371
0.981934
0.985840
0.997559
1.016602
1.005371
1.009277
1.001465
1.016602
0.997559
1.001465
1.001465
0.989746
0.997559
1.016602
1.001465
1.009277
1.001465
1.005371
1.024414
1.024414
1.009277
1.001465
1.005371
1.012695
1.016602
1.012695
0.993652
0.989746
1.005371
1.009277
1.009277
1.012695
1.016602
1.016602
0.997559
1.001465
0.997559
1.009277
1.001465
1.001465
1.020508
1.028320
1.001465
1.012695
0.989746
0.985840
1.024414
1.009277
0.985840
1.005371
1.009277
1.016602
1.005371
1.016602
1.005371
1.016602
1.005371
1.005371
1.012695
1.005371
1.016602
0.985840
1.009277
1.009277
1.016602
1.005371
1.016602
0.978027
0.989746
1.016602
1.012695
1.001465
1.005371
1.009277
1.005371
1.001465
0.966797
1.001465
1.005371
1.001465
0.993652
0.993652
1.001465
1.001465
1.001465
0.993652
1.009277
1.012695
0.981934
0.997559
1.020508
1.016602
1.016602
1.009277
0.985840
0.970703
0.993652
1.028320
1.028320
1.009277
0.981934
1.001465
0.989746
0.993652
0.997559
1.001465
1.016602
1.005371
0.997559
0.985840
1.005371
0.989746
1.001465
0.985840
0.985840
0.985840
0.989746
1.012695
1.009277
1.001465
1.001465
1.009277
1.020508
1.005371
1.032227
1.040039
1.032227
1.032227
1.012695
1.016602
1.012695
1.036133
1.028320
1.020508
1.020508
1.005371
0.985840
0.970703
0.943359
0.951172
0.966797
0.985840
0.985840
1.012695
0.970703
0.978027
0.989746
1.009277
1.009277
1.012695
1.028320
1.055176
1.024414
1.024414
1.028320
1.032227
1.005371
1.024414
1.012695
1.005371
1.001465
1.009277
0.993652
0.993652
0.997559
1.036133
0.993652
0.985840
1.012695
1.001465
0.993652
0.997559
1.001465
0.985840
1.005371
0.981934
0.981934
0.966797
1.001465
0.985840
0.974121
0.974121
0.966797
0.985840
0.978027
0.970703
0.947266
0.943359
0.932129
0.962891
1.001465
1.001465
1.070801
1.036133
0.997559
1.016602
1.024414
1.028320
0.974121
1.009277
1.001465
1.005371
1.001465
1.001465
1.005371
1.005371
0.985840
