-0.937500
-0.937500
-0.937500
-1.312500
-1.750000
-1.562500
-1.250000
-1.000000
-0.812500
-0.625000
-0.875000
-0.812500
-1.187500
-1.437500
-1.625000
-1.625000
-2.000000
-2.687500
-2.875000
-3.125000
-2.875000
-2.750000
-2.500000
-2.250000
-2.125000
-2.062500
-2.125000
-2.125000
-2.125000
-1.625000
-1.312500
-1.625000
-1.312500
-1.500000
-1.562500
-1.687500
-2.000000
-2.250000
-2.312500
-2.000000
-1.625000
-1.250000
-1.125000
-1.250000
-1.312500
-1.437500
-1.750000
-2.000000
-2.125000
-1.750000
-1.375000
-0.812500
-0.312500
-0.312500
-0.062500
0.000000
-0.750000
-1.500000
-1.750000
-1.812500
-1.687500
-2.000000
-2.437500
-2.250000
-1.437500
-1.312500
-0.687500
-1.187500
-1.437500
-1.312500
-0.812500
-0.437500
0.000000
-0.375000
-0.500000
-0.750000
-1.125000
-1.562500
-1.312500
-0.750000
-0.312500
-0.437500
-0.625000
-0.250000
-0.312500
-0.812500
-1.062500
-1.187500
-1.250000
-0.625000
-0.250000
-0.312500
-0.562500
-1.000000
-1.187500
-0.812500
-0.437500
-0.312500
-0.250000
-0.312500
-0.750000
-0.750000
-0.875000
-1.375000
-1.250000
-1.250000
-0.937500
-0.875000
-1.062500
-0.875000
-1.000000
-1.250000
-0.875000
-0.500000
-0.062500
0.250000
-0.125000
-0.437500
-0.875000
-0.437500
-0.187500
0.187500
-0.062500
-0.375000
-0.937500
-1.437500
-1.312500
-1.187500
-0.562500
-0.625000
-0.562500
-0.875000
-0.937500
-0.562500
-0.500000
-0.250000
-0.125000
-0.500000
-0.937500
-1.000000
-0.937500
-1.187500
-1.500000
-1.562500
-1.562500
-1.562500
-1.625000
-1.625000
-1.875000
-1.187500
-0.562500
0.000000
0.375000
0.250000
-0.187500
0.000000
0.000000
0.187500
0.125000
0.312500
0.312500
0.562500
1.000000
1.000000
1.625000
1.937500
1.625000
1.562500
1.625000
1.562500
1.437500
1.125000
1.250000
0.562500
-0.062500
-0.562500
-1.000000
-0.687500
0.500000
1.562500
1.750000
1.687500
1.437500
1.750000
2.125000
2.375000
2.375000
2.125000
2.125000
2.125000
1.937500
2.312500
2.437500
1.750000
1.125000
0.937500
0.062500
-0.062500
-0.062500
0.812500
1.250000
1.562500
2.312500
2.875000
3.375000
3.562500
2.750000
2.312500
2.437500
2.250000
1.562500
1.312500
0.937500
1.250000
1.562500
1.437500
1.312500
1.750000
1.625000
1.750000
1.937500
1.375000
1.187500
1.250000
0.375000
0.187500
0.250000
0.375000
0.062500
0.187500
0.500000
0.500000
0.687500
0.625000
1.562500
1.812500
2.500000
2.687500
2.875000
2.687500
2.937500
3.125000
2.687500
2.125000
1.812500
1.500000
1.562500
1.375000
1.187500
0.812500
0.750000
0.937500
1.500000
1.437500
1.250000
0.812500
0.312500
0.062500
0.187500
-0.375000
-0.562500
-1.062500
-0.687500
-0.187500
0.187500
0.437500
0.500000
0.750000
1.000000
1.000000
0.750000
0.812500
0.937500
1.312500
1.750000
1.625000
1.250000
1.125000
1.125000
1.312500
1.187500
0.875000
0.625000
0.500000
0.750000
0.937500
1.187500
1.000000
1.000000
0.937500
1.250000
1.562500
1.750000
1.375000
1.187500
1.437500
0.812500
0.375000
0.437500
0.625000
1.375000
1.500000
1.125000
0.687500
0.312500
0.187500
0.062500
0.062500
0.500000
0.562500
0.500000
0.125000
0.125000
0.000000
-0.312500
-0.250000
-0.562500
-0.562500
-0.750000
-0.625000
-0.250000
-0.312500
0.000000
0.500000
0.312500
0.125000
0.437500
0.687500
0.812500
0.375000
0.125000
0.062500
0.000000
-0.062500
0.000000
0.000000
0.125000
0.125000
0.250000
0.375000
0.312500
0.312500
-0.125000
0.000000
0.000000
-0.250000
-0.312500
-0.125000
-0.125000
-0.062500
-0.250000
0.000000
0.000000
-0.187500
-0.125000
-0.187500
-0.500000
-0.437500
-0.562500
-0.625000
-0.375000
-0.250000
0.062500
0.437500
0.187500
0.500000
0.250000
0.375000
0.000000
-0.250000
-0.562500
-0.437500
-0.250000
0.000000
0.187500
0.437500
0.187500
-0.187500
0.000000
0.312500
0.312500
0.812500
1.062500
0.875000
1.187500
1.250000
1.312500
1.437500
1.687500
1.562500
1.250000
1.250000
1.250000
1.187500
1.312500
1.375000
0.937500
1.187500
1.125000
1.000000
0.937500
0.687500
0.312500
-0.062500
-0.187500
0.562500
0.312500
-0.562500
-0.625000
-0.250000
0.437500
0.250000
-0.125000
-0.187500
-0.250000
-0.375000
-0.875000
-0.937500
-1.250000
-1.062500
-0.750000
-0.562500
-0.187500
0.250000
0.375000
0.687500
0.437500
0.375000
0.250000
0.687500
0.312500
0.187500
-0.500000
-0.375000
-0.437500
-0.437500
-0.312500
-0.250000
-0.187500
0.000000
-0.312500
-0.250000
-0.375000
0.062500
0.250000
0.312500
0.437500
0.250000
-0.062500
-0.187500
-0.187500
-0.187500
0.000000
0.000000
0.000000
-0.375000
-0.062500
0.000000
0.312500
-0.125000
-0.125000
-0.562500
-0.500000
-0.312500
0.000000
0.125000
0.250000
0.562500
0.562500
0.437500
0.375000
0.250000
0.437500
0.625000
0.500000
0.125000
0.000000
0.375000
0.187500
0.250000
0.187500
0.187500
0.562500
1.125000
1.187500
1.625000
1.250000
1.000000
0.875000
1.125000
0.562500
0.812500
0.937500
1.062500
1.187500
0.625000
0.187500
0.312500
0.125000
0.000000
-0.250000
-0.125000
0.000000
0.062500
0.250000
0.062500
0.125000
0.125000
0.000000
0.312500
0.437500
0.687500
0.687500
0.312500
0.437500
0.375000
0.250000
0.312500
0.062500
0.000000
-0.125000
0.375000
0.562500
0.687500
0.437500
0.125000
0.437500
0.625000
0.437500
0.625000
0.625000
1.062500
1.250000
0.875000
0.500000
0.187500
0.437500
0.312500
0.187500
0.187500
0.375000
0.062500
0.250000
0.312500
0.000000
-0.062500
-0.437500
-0.625000
-0.812500
-0.500000
-0.375000
-0.062500
-0.625000
-0.750000
-0.875000
-0.875000
-1.000000
-0.562500
-0.562500
-0.375000
-0.500000
-0.750000
-0.812500
-0.812500
-0.687500
-0.375000
-0.125000
-0.250000
-0.250000
-0.375000
-0.250000
-0.125000
-0.562500
-0.437500
-0.125000
-0.687500
-0.500000
-0.625000
-0.812500
-0.750000
-0.437500
-0.500000
-0.625000
-0.812500
-0.875000
-0.750000
-0.250000
0.062500
0.312500
0.375000
0.437500
0.500000
0.687500
0.875000
0.687500
1.437500
1.000000
1.062500
0.750000
0.625000
1.125000
1.437500
1.625000
1.812500
1.687500
1.187500
1.062500
0.875000
1.000000
1.000000
1.187500
1.125000
1.687500
1.875000
1.812500
2.062500
2.187500
1.937500
2.375000
2.437500
2.250000
1.750000
1.375000
1.375000
1.500000
1.687500
1.750000
2.062500
1.937500
2.125000
2.312500
2.062500
1.375000
0.812500
0.312500
0.187500
-0.250000
-0.500000
-0.437500
-0.062500
0.125000
0.562500
1.062500
1.000000
1.312500
1.625000
1.625000
2.187500
2.000000
2.312500
2.125000
2.500000
2.687500
2.812500
2.750000
2.937500
2.875000
3.125000
2.687500
2.375000
2.062500
2.500000
2.062500
1.375000
1.000000
1.250000
0.937500
0.437500
0.875000
1.250000
1.312500
1.687500
1.750000
1.562500
1.312500
1.250000
1.625000
1.812500
2.125000
2.250000
2.187500
1.875000
1.687500
1.750000
2.000000
2.187500
2.125000
1.562500
0.875000
0.687500
1.125000
1.625000
2.250000
2.375000
2.500000
2.687500
2.500000
2.500000
1.875000
1.375000
0.625000
0.812500
1.562500
2.125000
2.437500
1.687500
1.562500
1.375000
1.187500
0.937500
0.750000
0.687500
0.687500
0.312500
0.000000
-0.687500
-0.687500
-1.250000
-1.437500
-1.187500
-1.062500
0.812500
5.500000
4.687500
3.187500
2.875000
3.875000
4.812500
6.500000
6.437500
7.000000
6.312500
5.562500
5.500000
6.000000
7.000000
7.875000
7.875000
7.687500
7.937500
7.312500
4.812500
6.562500
7.687500
7.625000
7.437500
7.875000
8.000000
8.500000
9.062500
8.687500
8.625000
9.437500
10.437500
7.250000
9.687500
15.187500
13.250000
12.375000
10.750000
10.125000
9.187500
8.437500
6.625000
14.937500
18.437500
16.687500
15.250000
14.000000
13.062500
13.125000
13.687500
15.562500
17.750000
18.937500
18.812500
19.687500
21.125000
23.125000
26.062500
30.125000
35.125000
40.187500
45.250000
50.187500
52.312500
54.125000
55.187500
57.312500
58.625000
59.625000
61.500000
63.000000
64.437500
66.375000
67.062500
68.375000
68.937500
68.875000
67.625000
67.312500
67.687500
68.125000
68.500000
68.875000
70.625000
73.000000
77.562500
82.562500
85.812500
88.187500
90.437500
91.937500
91.562500
89.250000
88.187500
87.687500
85.500000
81.750000
79.875000
79.187500
77.875000
75.437500
74.250000
73.812500
74.750000
76.250000
78.125000
79.500000
81.375000
82.750000
84.562500
86.437500
87.812500
90.437500
93.375000
97.875000
103.562500
108.437500
112.437500
117.250000
124.500000
118.687500
118.312500
118.312500
119.125000
119.625000
118.125000
115.625000
113.500000
113.000000
114.000000
115.562500
116.875000
118.187500
116.375000
116.187500
116.562500
115.875000
114.250000
111.000000
106.562500
104.062500
104.437500
108.000000
114.312500
121.312500
127.687500
133.187500
137.500000
139.500000
139.687500
137.562500
135.250000
133.937500
133.250000
132.125000
130.625000
131.312500
131.562500
132.875000
134.750000
137.625000
141.250000
143.625000
144.500000
141.062500
136.375000
132.375000
128.125000
122.562500
116.562500
111.062500
106.312500
103.937500
103.062500
103.312500
104.062500
105.000000
105.375000
105.500000
105.125000
105.000000
103.875000
101.000000
96.937500
93.187500
95.312500
101.000000
108.562500
115.375000
120.062500
123.500000
125.625000
127.250000
127.687500
127.625000
127.437500
128.437500
130.125000
133.312500
135.750000
139.125000
141.562500
142.687500
141.250000
138.437500
133.125000
126.750000
119.875000
115.875000
116.125000
117.437500
119.687500
120.750000
120.875000
119.312500
118.062500
114.687500
120.375000
115.812500
114.187500
110.937500
109.125000
109.187500
107.750000
107.125000
105.812500
105.187500
106.000000
105.250000
102.000000
97.875000
92.875000
87.875000
84.312500
81.750000
81.000000
81.437500
81.750000
82.750000
83.937500
85.125000
85.687500
86.937500
87.687500
80.312500
92.750000
93.625000
96.750000
101.312500
104.125000
106.812500
106.687500
104.562500
101.250000
98.875000
95.562500
90.875000
88.500000
87.187500
87.687500
89.812500
94.437500
99.062500
102.375000
105.000000
104.937500
102.375000
98.000000
92.250000
86.000000
77.562500
70.812500
66.375000
65.000000
65.625000
66.562500
68.187500
68.750000
69.000000
68.250000
67.250000
66.250000
66.250000
66.937500
66.312500
65.875000
66.062500
65.437500
63.500000
60.312500
55.062500
49.000000
41.562500
37.437500
35.312500
33.875000
33.000000
33.187500
34.875000
35.500000
35.750000
34.312500
31.812500
30.312500
29.937500
29.062500
30.000000
31.437500
31.875000
32.500000
34.187500
34.937500
34.437500
32.250000
29.187500
27.062500
25.500000
24.250000
24.000000
23.187500
23.125000
24.250000
26.625000
27.500000
27.437500
25.750000
23.562500
21.812500
20.625000
19.500000
18.312500
18.000000
17.500000
17.250000
16.625000
15.750000
13.937500
11.875000
9.062500
7.062500
4.687500
2.687500
3.625000
8.937500
9.500000
10.312500
10.062500
9.062500
8.937500
9.437500
10.250000
11.375000
12.625000
12.312500
11.687500
10.250000
8.562500
6.812500
5.000000
3.437500
2.687500
1.937500
1.562500
0.937500
0.062500
-0.812500
-1.125000
-0.625000
-1.125000
-1.625000
-2.000000
-1.062500
-0.125000
-0.062500
-1.000000
-1.750000
-1.625000
-1.687500
-1.562500
-2.437500
-3.812500
-4.875000
-6.125000
-7.000000
-7.562500
-7.562500
-6.687500
-6.250000
-5.187500
-4.687500
-3.187500
-1.625000
-1.125000
-1.375000
-2.312500
-3.187500
-3.625000
-4.187500
-4.750000
-5.000000
-6.062500
-6.687500
-7.500000
-8.937500
-9.812500
-10.437500
-10.625000
-10.125000
-9.500000
-10.312500
-10.812500
-10.937500
-10.312500
-9.812500
-8.812500
-7.687500
-6.000000
-4.500000
-3.875000
-4.062500
-5.062500
-7.312500
-9.937500
-11.625000
-12.312500
-11.812500
-10.312500
-8.062500
-6.937500
-6.125000
-6.375000
-6.437500
-6.937500
-6.937500
-6.937500
-7.062500
-7.625000
-7.687500
-7.375000
-7.250000
-7.187500
-7.125000
-6.937500
-6.750000
-7.125000
-7.437500
-7.625000
-7.500000
-6.312500
-5.000000
-3.750000
-2.812500
-2.750000
-2.187500
-1.812500
-1.750000
-2.500000
-2.937500
-3.187500
-3.250000
-3.625000
-3.125000
-2.187500
-1.500000
-0.875000
-0.812500
-1.937500
-2.625000
-3.125000
-3.187500
-2.687500
-2.437500
-1.937500
-1.812500
-1.937500
-1.750000
-1.687500
-1.125000
-1.125000
-1.562500
-1.437500
-1.687500
-2.125000
-2.062500
-1.437500
-0.500000
0.062500
0.062500
-0.312500
-1.187500
-2.187500
-2.687500
-2.375000
-2.250000
-2.062500
-1.687500
-1.750000
-2.125000
-2.875000
-3.250000
-3.437500
-3.187500
-3.562500
-2.750000
-1.812500
-0.687500
-0.125000
0.062500
0.562500
0.875000
1.500000
2.437500
2.875000
2.625000
2.375000
2.437500
1.687500
0.562500
0.375000
0.875000
1.000000
0.625000
-0.187500
-1.187500
-1.937500
-2.625000
-3.500000
-4.000000
-4.375000
-4.250000
-3.687500
-3.625000
-3.250000
-3.125000
-2.250000
-1.250000
-1.125000
-1.625000
-2.062500
-2.937500
-3.187500
-3.500000
-3.375000
-3.312500
-2.312500
-1.875000
-1.250000
-1.000000
-0.562500
0.000000
1.125000
1.375000
1.437500
1.125000
0.312500
-0.375000
-1.187500
-1.625000
-1.062500
-0.750000
-0.375000
-0.937500
-1.562500
-1.375000
-1.250000
-0.937500
-1.562500
-1.937500
-2.687500
-2.812500
-2.687500
-2.437500
-2.000000
-1.625000
-1.562500
-1.812500
-2.000000
-3.250000
-4.250000
-4.062500
-3.500000
-2.500000
-1.500000
-0.812500
-0.312500
-0.375000
-0.812500
-1.437500
-2.250000
-2.187500
-2.437500
-1.562500
-1.187500
-0.812500
-0.875000
-1.062500
-1.187500
-1.562500
-2.125000
-2.562500
-3.375000
-3.687500
-3.750000
-3.750000
-3.500000
-3.375000
-3.125000
-2.812500
-1.812500
-1.625000
-0.937500
-0.750000
-0.437500
-0.187500
-0.562500
-0.625000
-1.000000
-1.875000
-2.875000
-3.437500
-3.250000
-3.250000
-2.750000
-2.500000
-1.875000
-1.500000
-1.250000
-1.312500
-1.437500
-1.250000
-1.937500
-2.375000
-2.625000
-2.687500
-2.625000
-2.437500
-3.000000
-3.312500
-3.187500
-3.187500
-3.250000
-3.187500
-4.062500
-4.375000
-4.250000
-3.875000
-3.625000
-3.937500
-4.187500
-4.062500
-3.437500
-3.250000
-2.812500
-2.125000
-1.625000
-0.812500
-0.875000
-1.187500
-1.500000
-1.562500
-1.437500
-1.437500
-1.187500
-1.000000
-0.250000
0.000000
0.062500
-0.250000
-1.062500
-1.687500
-3.000000
-4.312500
-5.687500
-6.375000
-7.125000
-7.500000
-7.562500
-7.437500
-7.187500
-7.062500
-7.687500
-7.312500
-8.562500
-10.437500
-11.250000
-11.750000
-12.437500
-13.500000
-14.750000
-16.500000
-17.375000
-17.937500
-19.625000
-21.875000
-24.312500
-25.625000
-27.312500
-28.125000
-29.437500
-29.812500
-30.187500
-30.500000
-30.375000
-30.687500
-31.375000
-32.812500
-34.312500
-35.937500
-37.312500
-38.062500
-38.437500
-39.000000
-39.625000
-39.937500
-40.312500
-40.875000
-42.125000
-43.062500
-44.375000
-46.187500
-49.375000
-52.375000
-56.000000
-59.187500
-61.812500
-64.000000
-66.500000
-68.062500
-69.375000
-72.000000
-77.125000
-81.062500
-82.250000
-78.125000
-77.250000
-79.312500
-85.500000
-89.187500
-90.437500
-90.875000
-92.187500
-95.312500
-96.125000
-99.375000
-102.375000
-100.812500
-102.687500
-106.062500
-103.250000
-96.062500
-90.312500
-86.625000
-82.937500
-81.187500
-79.500000
-78.937500
-78.312500
-78.187500
-77.812500
-75.875000
-74.312500
-73.062500
-72.312500
-72.125000
-72.875000
-75.000000
-77.125000
-80.500000
-82.312500
-84.500000
-87.875000
-91.562500
-94.812500
-98.687500
-101.812500
-105.812500
-108.875000
-112.187500
-116.062500
-119.375000
-123.750000
-128.812500
-134.937500
-138.562500
-145.437500
-151.437500
-158.625000
-165.687500
-173.312500
-180.187500
-188.250000
-191.750000
-195.250000
-197.062500
-197.312500
-197.187500
-196.250000
-195.750000
-195.375000
-194.187500
-192.125000
-190.375000
-188.187500
-190.062500
-191.187500
-190.375000
-192.812500
-190.687500
-195.000000
-197.687500
-199.125000
-201.500000
-205.750000
-210.062500
-216.375000
-220.187500
-222.312500
-225.062500
-226.750000
-229.500000
-231.750000
-234.062500
-237.625000
-241.125000
-244.187500
-245.375000
-244.812500
-245.562500
-244.500000
-245.437500
-246.062500
-244.750000
-238.687500
-233.562500
-228.750000
-223.937500
-217.500000
-211.000000
-207.625000
-207.187500
-207.250000
-207.312500
-210.437500
-215.562500
-221.250000
-228.562500
-238.750000
-249.250000
-262.187500
-270.687500
-280.250000
-289.125000
-295.312500
-299.500000
-304.625000
-309.375000
-315.312500
-315.625000
-311.875000
-306.687500
-300.312500
-296.250000
-292.750000
-288.187500
-283.812500
-288.625000
-293.375000
-296.562500
-297.437500
-296.937500
-294.375000
-291.062500
-286.062500
-279.875000
-274.312500
-273.125000
-272.062500
-275.062500
-280.187500
-287.312500
-295.437500
-302.687500
-308.000000
-311.562500
-312.562500
-309.437500
-305.875000
-302.187500
-297.062500
-289.062500
-276.687500
-262.562500
-248.062500
-237.812500
-231.750000
-226.687500
-222.062500
-217.000000
-212.812500
-209.250000
-207.375000
-206.250000
-206.125000
-205.125000
-204.812500
-206.125000
-208.437500
-208.500000
-210.375000
-214.562500
-221.750000
-230.000000
-237.187500
-241.000000
-242.375000
-236.375000
-228.437500
-219.437500
-210.500000
-199.750000
-186.375000
-167.812500
-149.500000
-132.312500
-118.875000
-106.625000
-96.687500
-91.687500
-88.187500
-88.875000
-91.375000
-93.687500
-90.750000
-87.562500
-86.812500
-88.875000
-91.062500
-93.750000
-96.187500
-96.250000
-93.812500
-90.687500
-88.687500
-88.937500
-87.812500
-85.500000
-80.375000
-74.000000
-66.625000
-57.875000
-51.437500
-48.250000
-45.562500
-44.625000
-46.750000
-49.687500
-53.625000
-58.437500
-63.875000
-66.250000
-66.437500
-66.312500
-69.250000
-73.562500
-77.625000
-79.125000
-77.125000
-74.625000
-71.875000
-67.812500
-62.750000
-57.500000
-51.437500
-45.937500
-43.000000
-41.437500
-43.312500
-46.875000
-50.000000
-54.562500
-59.187500
-63.000000
-64.375000
-63.562500
-61.000000
-57.250000
-52.562500
-49.750000
-49.687500
-52.875000
-59.062500
-66.062500
-73.375000
-77.000000
-76.687500
-75.000000
-73.250000
-71.000000
-66.312500
-62.250000
-56.437500
-48.500000
-40.875000
-37.125000
-37.375000
-38.812500
-41.125000
-45.000000
-51.937500
-58.875000
-64.000000
-66.625000
-67.812500
-68.125000
-68.187500
-68.062500
-67.750000
-66.500000
-66.687500
-68.687500
-71.312500
-73.562500
-74.250000
-70.187500
-66.125000
-60.437500
-55.375000
-51.500000
-49.687500
-50.500000
-55.312500
-59.062500
-62.000000
-64.812500
-63.750000
-59.500000
-53.812500
-48.750000
-43.937500
-39.125000
-34.062500
-29.375000
-25.562500
-22.875000
-20.812500
-19.437500
-19.250000
-20.750000
-21.562500
-23.437500
-23.937500
-24.437500
-24.000000
-23.750000
-24.312500
-26.437500
-31.125000
-36.062500
-40.750000
-42.687500
-41.937500
-40.375000
-37.750000
-33.625000
-27.937500
-23.312500
-19.937500
-17.812500
-15.437500
-13.250000
-10.250000
-7.250000
-4.937500
-3.687500
-3.125000
-3.250000
-4.625000
-5.812500
-5.625000
-4.375000
-2.125000
0.875000
2.562500
3.500000
2.625000
-0.375000
-3.187500
-4.812500
-4.687500
-3.437500
-1.125000
2.312500
6.375000
10.187500
13.437500
15.937500
17.500000
18.625000
19.062500
17.375000
14.062500
10.375000
5.375000
0.562500
-2.000000
-2.312500
-1.625000
-1.750000
-2.500000
-3.062500
-3.250000
-3.500000
-4.437500
-5.437500
-5.187500
-4.312500
-2.687500
-0.187500
1.875000
3.125000
4.187500
5.750000
7.500000
9.687500
10.937500
10.562500
10.312500
10.250000
10.812500
11.062500
11.375000
12.687500
13.437500
12.625000
8.750000
5.000000
2.937500
3.250000
4.625000
5.750000
6.500000
6.812500
6.875000
7.750000
7.187500
6.875000
6.187500
5.687500
5.312500
5.750000
6.812500
7.562500
6.250000
4.562500
3.062500
2.812500
3.312500
3.625000
4.312500
5.125000
5.750000
7.500000
9.812500
11.687500
12.812500
12.562500
11.375000
10.187500
9.125000
7.937500
7.375000
7.250000
7.187500
7.625000
7.625000
7.437500
7.125000
6.750000
6.375000
6.625000
6.500000
5.750000
4.625000
4.875000
5.687500
5.500000
4.500000
3.062500
1.500000
0.812500
1.062500
2.687500
3.812500
4.125000
3.687500
2.937500
1.562500
1.062500
1.187500
1.375000
2.250000
3.562500
4.750000
5.562500
5.437500
4.750000
4.562500
5.500000
4.500000
2.750000
0.187500
-1.875000
-3.125000
-2.375000
-0.625000
2.312500
4.875000
6.437500
7.187500
7.375000
8.125000
9.625000
10.312500
9.250000
7.312500
5.562500
4.562500
3.312500
2.937500
2.875000
3.375000
4.125000
4.562500
4.875000
4.250000
3.687500
3.000000
2.562500
1.812500
1.562500
1.500000
1.500000
1.687500
2.750000
4.000000
5.437500
6.500000
7.875000
9.562500
10.000000
9.687500
8.562500
6.000000
3.812500
3.437500
4.437500
6.125000
6.625000
6.250000
5.562500
5.250000
4.812500
4.250000
3.437500
2.937500
2.500000
2.062500
1.625000
0.875000
0.250000
0.437500
1.187500
1.562500
1.687500
2.500000
3.437500
4.750000
6.375000
8.000000
8.750000
8.437500
8.250000
8.437500
8.625000
7.937500
6.937500
6.312500
6.250000
6.875000
7.187500
6.687500
4.625000
3.062500
2.625000
3.312500
4.187500
4.750000
5.062500
4.812500
4.937500
5.062500
4.875000
4.687500
5.437500
6.687500
8.875000
11.062500
12.500000
12.500000
11.437500
9.625000
8.062500
6.875000
6.687500
6.187500
5.312500
5.375000
7.812500
9.437500
10.750000
11.312500
9.500000
7.187500
5.625000
4.750000
5.125000
5.562500
6.062500
6.562500
7.375000
8.687500
10.125000
11.125000
11.437500
10.625000
9.312500
8.250000
7.312500
6.562500
6.312500
7.000000
7.812500
8.250000
8.437500
8.500000
8.125000
9.000000
10.062500
10.562500
10.500000
9.687500
9.625000
8.875000
8.875000
8.687500
8.500000
5.937500
2.875000
1.250000
1.500000
2.187500
3.375000
3.500000
3.312500
0.750000
-1.250000
-1.562500
-1.187500
0.062500
1.562500
2.687500
3.125000
1.875000
1.187500
0.750000
-0.625000
-2.187500
-3.000000
-3.187500
-2.312500
-0.937500
0.500000
1.875000
4.000000
5.687500
7.562500
9.750000
11.250000
12.250000
13.375000
14.062500
14.625000
15.375000
16.125000
15.687500
15.375000
15.125000
14.937500
15.437500
15.625000
15.437500
14.625000
13.875000
14.062500
14.937500
16.562500
19.562500
22.875000
23.875000
23.187500
21.750000
20.750000
21.750000
23.875000
26.875000
29.750000
32.687500
34.750000
37.000000
38.937500
40.687500
41.312500
40.187500
39.437500
38.562500
38.062500
39.437500
42.937500
47.750000
52.500000
55.875000
57.687500
59.562500
59.937500
58.312500
54.687500
50.812500
48.625000
48.000000
49.250000
50.625000
52.437500
54.000000
54.250000
54.125000
53.562500
52.812500
52.687500
52.312500
52.625000
54.062500
55.187500
55.125000
54.500000
54.375000
54.562500
54.812500
56.500000
59.562500
63.000000
67.250000
72.312500
77.812500
82.750000
88.750000
87.625000
82.375000
82.812500
87.562500
92.000000
96.000000
98.937500
100.750000
103.000000
103.937500
105.375000
106.687500
108.250000
110.312500
110.687500
108.625000
108.312500
111.062500
116.375000
121.000000
123.000000
123.062500
122.625000
121.312500
121.125000
122.125000
125.687500
131.062500
137.625000
145.625000
154.375000
161.437500
166.437500
170.375000
175.562500
181.062500
185.187500
187.312500
188.562500
191.312500
196.312500
201.375000
204.250000
206.875000
209.812500
214.500000
219.125000
223.375000
226.937500
230.875000
233.312500
234.375000
233.312500
232.125000
231.250000
230.250000
226.250000
217.875000
206.937500
197.000000
189.437500
186.062500
184.312500
183.625000
181.562500
176.250000
167.187500
156.250000
143.250000
130.687500
120.062500
112.437500
108.750000
106.812500
106.750000
109.500000
112.687500
116.562500
119.500000
119.812500
118.187500
115.687500
113.625000
113.937500
114.937500
118.312500
123.000000
125.125000
124.750000
121.937500
116.750000
107.750000
100.000000
97.125000
97.500000
97.437500
97.312500
96.687500
98.312500
102.875000
104.562500
99.437500
95.312500
91.312500
92.375000
88.937500
84.875000
83.437500
83.437500
81.750000
83.375000
84.625000
85.875000
87.000000
88.437500
90.437500
93.937500
98.687500
104.000000
109.750000
114.125000
115.312500
113.375000
108.062500
100.562500
93.250000
88.437500
85.750000
83.000000
79.000000
74.500000
70.125000
65.062500
60.500000
58.937500
61.375000
64.437500
67.187500
70.312500
74.125000
77.250000
80.062500
81.687500
83.000000
83.875000
84.750000
84.562500
82.312500
79.125000
74.562500
68.937500
61.375000
54.500000
49.250000
44.687500
40.687500
35.687500
30.312500
25.500000
19.312500
13.750000
9.250000
5.875000
3.875000
2.937500
4.000000
5.687500
7.875000
10.000000
11.812500
14.000000
15.500000
16.562500
17.000000
16.937500
16.500000
15.562500
14.437500
13.312500
12.750000
12.312500
11.375000
10.437500
10.812500
11.000000
11.250000
10.437500
8.312500
5.812500
3.000000
1.187500
-0.562500
-2.437500
-4.062500
-6.562500
-8.312500
-8.812500
-8.750000
-8.437500
-7.625000
-5.875000
-3.437500
-1.812500
-1.500000
-2.000000
-1.937500
-2.437500
-2.687500
-2.125000
-2.312500
-3.125000
-4.625000
-5.750000
-6.250000
-5.687500
-4.312500
-2.937500
-1.750000
-1.125000
-1.375000
-2.000000
-3.312500
-4.187500
-5.437500
-6.437500
-7.437500
-8.000000
-8.875000
-9.000000
-8.687500
-8.437500
-8.062500
-7.062500
-6.937500
-6.875000
-6.562500
-5.750000
-5.062500
-4.750000
-3.687500
-2.312500
-0.625000
0.875000
2.000000
2.437500
1.500000
0.687500
0.000000
0.437500
0.875000
0.187500
-0.562500
-2.125000
-2.812500
-3.125000
-2.750000
-2.125000
-2.250000
-2.687500
-2.562500
-3.062500
-3.437500
-3.437500
-3.000000
-2.562500
-2.062500
-1.875000
-1.812500
-1.625000
-1.750000
-2.937500
-3.562500
-3.875000
-3.250000
-2.062500
-1.500000
-0.875000
-0.500000
-0.562500
-1.562500
-2.437500
-3.437500
-4.687500
-5.250000
-5.062500
-4.312500
-4.125000
-4.500000
-5.125000
-6.187500
-6.500000
-6.812500
-7.125000
-7.375000
-7.875000
-8.625000
-8.875000
-8.562500
-8.500000
-8.437500
-9.437500
-10.375000
-10.812500
-10.125000
-9.125000
-8.250000
-6.812500
-5.000000
-4.500000
-4.937500
-5.437500
-5.562500
-5.750000
-5.500000
-5.375000
-5.375000
-5.875000
-5.875000
-5.062500
-4.687500
-4.437500
-3.625000
-3.875000
-4.562500
-4.875000
-5.250000
-5.812500
-6.750000
-7.312500
-6.937500
-6.312500
-6.250000
-5.562500
-5.187500
-5.125000
-4.312500
-3.125000
-2.437500
-2.500000
-2.750000
-3.000000
-3.125000
-2.562500
-1.750000
-0.937500
-0.625000
-0.312500
-0.375000
0.187500
0.437500
0.000000
-0.750000
-0.937500
-1.250000
-1.062500
-1.125000
-1.062500
-1.187500
-1.687500
-1.375000
-0.562500
0.187500
1.125000
1.375000
1.500000
1.750000
2.312500
2.812500
2.875000
2.750000
2.625000
2.437500
1.750000
0.437500
-0.437500
-1.812500
-2.750000
-2.500000
-2.187500
-1.562500
-1.062500
-1.062500
-0.875000
-0.750000
-0.500000
-0.375000
-0.250000
0.000000
0.375000
-0.125000
-0.562500
-0.625000
-0.250000
0.375000
0.562500
0.562500
0.625000
0.875000
0.625000
0.312500
0.437500
0.875000
1.250000
1.500000
1.687500
1.500000
1.312500
0.750000
0.562500
0.312500
-0.062500
-0.875000
-1.312500
-1.500000
-1.625000
-1.062500
0.125000
1.000000
1.562500
1.937500
2.250000
2.312500
2.687500
2.375000
1.875000
1.000000
0.375000
-0.312500
-0.187500
0.562500
1.562500
1.875000
1.750000
1.500000
0.437500
-0.500000
-1.375000
-2.312500
-2.687500
-2.187500
-2.125000
-2.375000
-2.437500
-1.750000
-1.000000
-0.375000
0.062500
0.812500
1.125000
1.812500
2.187500
3.125000
3.625000
3.750000
3.187500
2.750000
2.375000
2.312500
2.375000
3.375000
4.375000
4.625000
4.125000
3.125000
2.687500
3.250000
3.625000
4.000000
4.125000
4.062500
3.937500
3.187500
2.875000
2.250000
2.375000
2.125000
1.500000
1.562500
1.625000
2.000000
2.937500
3.812500
4.062500
5.000000
5.750000
6.187500
6.812500
6.562500
6.375000
6.000000
5.625000
4.562500
3.625000
2.875000
2.562500
1.062500
0.687500
-0.375000
-1.000000
-2.000000
-2.687500
-3.250000
-3.312500
-3.437500
-3.687500
-4.375000
-4.375000
-4.625000
-4.375000
-4.000000
-4.250000
-5.000000
-6.312500
-6.750000
-6.937500
-8.312500
-10.625000
-11.687500
-12.125000
-11.125000
-10.500000
-9.937500
-9.437500
-8.875000
-8.625000
-9.062500
-10.000000
-11.625000
-12.625000
-12.625000
-12.250000
-11.500000
-9.750000
-7.437500
-6.187500
-5.500000
-4.562500
-4.562500
-3.312500
-2.000000
-0.812500
-1.937500
-1.312500
-0.500000
-1.875000
-0.500000
0.000000
0.125000
-0.562500
-2.312500
-3.375000
-3.250000
-3.250000
-1.875000
2.312500
5.000000
7.375000
8.625000
9.125000
8.875000
7.500000
6.125000
2.875000
-0.250000
-2.812500
-2.562500
-3.500000
-6.312500
-8.812500
-10.250000
-12.125000
-9.500000
-6.812500
0.375000
4.937500
3.437500
2.812500
0.750000
1.875000
8.750000
7.562500
8.000000
8.250000
7.937500
6.875000
5.250000
6.562500
11.812500
13.187500
15.062500
17.875000
21.062500
25.437500
30.875000
31.937500
35.812500
37.875000
37.812500
39.000000
39.687500
39.687500
39.062500
39.000000
40.375000
41.812500
46.187500
48.062500
47.625000
48.312500
44.750000
42.875000
42.687500
40.937500
37.125000
34.625000
31.500000
30.562500
27.562500
30.125000
28.812500
28.187500
29.000000
28.125000
30.375000
32.375000
37.375000
28.562500
29.437500
29.875000
33.250000
31.562500
30.375000
31.750000
35.187500
37.062500
37.437500
37.500000
34.937500
34.437500
32.250000
29.562500
26.000000
24.250000
22.187500
20.812500
16.750000
15.437500
11.375000
10.125000
8.562500
8.500000
8.750000
8.687500
7.312500
5.812500
3.062500
1.500000
1.000000
0.875000
0.875000
2.000000
2.437500
2.062500
2.937500
2.000000
0.625000
-2.687500
-6.937500
-10.687500
-14.125000
-15.750000
-17.125000
-21.375000
-23.187500
-23.937500
-23.187500
-19.750000
-15.375000
-15.562500
-14.375000
-13.062500
-10.937500
-11.875000
-9.875000
-8.937500
-8.375000
-9.687500
-9.562500
-6.500000
-9.875000
-11.750000
-14.250000
-16.187500
-14.000000
-14.687500
-12.625000
-10.375000
-7.500000
-5.812500
-6.000000
-4.562500
-5.125000
-5.750000
-4.125000
-9.312500
-12.625000
-10.187500
-18.812500
-24.312500
-22.250000
-26.750000
-23.375000
-24.500000
-21.437500
-17.562500
-18.562500
-16.937500
-12.187500
-12.687500
-12.687500
-10.312500
-5.125000
-2.125000
-2.562500
-4.625000
-8.062500
-10.437500
-12.000000
-9.437500
-3.375000
0.750000
2.500000
2.125000
0.250000
-0.062500
3.312500
2.625000
3.437500
3.187500
5.812500
6.000000
6.812500
9.250000
11.125000
15.687500
19.375000
18.312500
16.625000
14.812500
13.562500
12.625000
13.375000
12.500000
10.000000
7.000000
4.375000
1.312500
0.187500
-0.687500
-1.437500
-2.750000
-3.750000
-3.812500
-3.062500
-4.312500
-4.062500
-4.187500
-4.562500
-5.750000
-7.500000
-8.500000
-8.562500
-8.687500
-8.375000
-7.562500
-6.625000
-7.187500
-9.187500
-11.437500
-12.562500
-14.250000
-15.375000
-15.687500
-16.000000
-15.312500
-13.937500
-12.687500
-11.062500
-8.812500
-7.312500
-5.750000
-4.312500
-2.875000
-1.000000
1.250000
3.687500
5.687500
7.375000
8.125000
8.625000
8.875000
8.375000
7.750000
7.125000
5.937500
4.937500
4.250000
3.875000
2.812500
2.125000
1.187500
0.750000
0.375000
-0.250000
-1.437500
-2.312500
-3.312500
-3.187500
-3.562500
-4.062500
-4.000000
-3.437500
-2.750000
-1.375000
0.000000
1.312500
2.125000
2.937500
3.375000
4.000000
4.312500
4.562500
4.625000
4.187500
4.125000
4.187500
4.500000
4.750000
5.000000
5.125000
4.875000
4.437500
3.562500
2.562500
1.000000
-0.312500
-1.062500
-1.875000
-2.250000
-2.187500
-2.875000
-3.687500
-3.625000
-3.375000
-2.937500
-2.562500
-2.250000
-1.687500
-0.875000
0.187500
1.125000
1.687500
1.687500
1.500000
1.000000
0.500000
-0.250000
-1.375000
-2.125000
-2.687500
-2.750000
-2.312500
-1.437500
-1.312500
0.000000
0.937500
2.437500
3.187500
3.687500
4.187500
3.937500
3.625000
2.687500
2.375000
1.875000
1.750000
2.000000
2.687500
2.750000
2.562500
1.687500
0.687500
0.000000
-0.625000
-0.937500
-0.750000
-0.625000
-1.062500
-2.562500
-3.437500
0.812500
-2.062500
-3.312500
-4.687500
-2.812500
-1.062500
-0.250000
-0.875000
-0.875000
-1.375000
-0.937500
-1.062500
-0.312500
0.437500
1.187500
2.125000
2.437500
3.562500
4.187500
4.187500
3.250000
2.312500
0.937500
0.437500
0.812500
1.187500
1.000000
1.000000
0.812500
0.812500
1.625000
1.750000
2.562500
2.812500
3.187500
3.312500
3.125000
2.687500
2.875000
3.250000
4.000000
3.937500
4.500000
4.125000
4.312500
4.062500
4.312500
4.000000
4.000000
4.312500
4.437500
4.375000
4.937500
4.750000
5.125000
5.000000
4.875000
4.875000
4.625000
4.312500
4.500000
4.187500
4.375000
4.125000
3.187500
2.625000
2.687500
2.062500
2.125000
2.375000
3.062500
3.812500
3.437500
2.625000
1.500000
0.500000
-0.125000
-0.250000
-0.562500
-0.562500
-0.437500
0.000000
0.187500
0.125000
0.562500
0.750000
0.875000
0.937500
1.250000
1.125000
0.375000
0.312500
0.375000
0.750000
0.875000
1.125000
1.000000
1.312500
0.875000
0.500000
0.375000
0.375000
0.187500
0.125000
0.000000
-0.187500
-0.062500
0.062500
0.437500
0.875000
1.687500
2.187500
3.125000
3.875000
3.875000
3.687500
3.625000
4.000000
4.625000
4.500000
4.625000
4.375000
4.250000
3.937500
3.625000
2.875000
2.687500
2.125000
1.937500
1.625000
1.000000
0.750000
0.687500
0.750000
0.625000
0.687500
1.562500
2.187500
3.125000
2.625000
1.687500
1.312500
1.250000
1.875000
2.250000
2.062500
1.437500
1.312500
1.562500
2.312500
2.187500
2.312500
2.000000
1.812500
1.687500
1.625000
1.750000
1.687500
1.812500
1.562500
1.062500
0.687500
0.125000
0.125000
-0.187500
-0.812500
-1.312500
-1.875000
-2.812500
-3.625000
-3.750000
-3.625000
-3.500000
-2.937500
-2.687500
-1.937500
-1.437500
-0.500000
0.062500
0.750000
1.125000
0.812500
0.562500
0.250000
-0.187500
0.000000
0.062500
0.000000
0.000000
-0.562500
-1.312500
-2.000000
-3.062500
-4.250000
-4.875000
-4.750000
-4.437500
-3.875000
-3.062500
-2.500000
-1.812500
-1.312500
-0.500000
0.187500
0.937500
0.875000
0.937500
1.062500
0.312500
-0.875000
-2.375000
-3.375000
-3.000000
-1.562500
-0.375000
0.312500
0.750000
0.562500
0.312500
-0.562500
-1.062500
-1.812500
-1.812500
-2.500000
-3.750000
-4.625000
-4.500000
-6.250000
-9.250000
-14.125000
-16.000000
-19.625000
-23.125000
-27.687500
-30.125000
-32.000000
-34.562500
-40.500000
-45.312500
-58.812500
-53.625000
-52.437500
-48.187500
-40.250000
-35.937500
-31.625000
-26.687500
-20.562500
-15.375000
-9.437500
-0.687500
8.750000
15.125000
19.750000
15.500000
10.375000
7.812500
1.750000
-6.312500
-8.937500
-7.750000
-5.875000
-6.937500
-11.250000
-14.562500
-17.000000
-21.000000
-20.375000
-22.437500
-25.000000
-27.250000
-27.375000
-25.062500
-24.312500
-25.625000
-26.187500
-26.937500
-27.062500
-27.125000
-24.750000
-22.937500
-21.750000
-18.937500
-18.125000
-18.062500
-18.812500
-19.500000
-19.625000
-19.937500
-21.250000
-21.750000
-22.125000
-21.062500
-19.875000
-20.312500
-21.812500
-24.250000
-28.312500
-32.187500
-35.062500
-34.937500
-35.062500
-35.500000
-35.187500
-32.250000
-32.437500
-32.125000
-31.437500
-32.687500
-32.875000
-28.625000
-32.250000
-29.187500
-30.250000
-36.000000
-40.750000
-42.500000
-47.000000
-48.187500
-60.625000
-50.437500
-50.375000
-45.562500
-38.437500
-43.000000
-33.875000
-24.937500
-23.312500
-19.750000
-14.437500
-16.625000
-16.500000
-20.750000
-14.625000
-17.750000
-19.000000
-19.375000
-24.750000
-21.250000
-12.187500
-11.625000
-21.250000
-24.812500
-19.250000
-23.875000
-26.062500
-13.687500
-1.562500
14.875000
13.312500
16.312500
20.500000
20.125000
15.875000
13.437500
22.187500
5.750000
5.875000
6.750000
12.500000
19.500000
28.937500
34.312500
43.187500
77.687500
69.875000
47.312500
48.437500
49.062500
39.312500
34.000000
33.750000
34.125000
35.812500
40.062500
34.125000
43.437500
62.000000
58.687500
49.937500
58.750000
55.000000
52.812500
51.937500
42.937500
47.000000
37.312500
34.187500
30.250000
30.312500
41.312500
37.625000
34.125000
44.750000
60.187500
53.375000
56.375000
41.312500
30.750000
20.062500
13.187500
4.937500
3.125000
7.437500
10.875000
4.500000
8.062500
7.750000
11.500000
4.062500
4.312500
-0.125000
-7.312500
-5.062500
-3.875000
-6.312500
-3.937500
1.500000
12.437500
17.812500
15.937500
15.250000
17.000000
14.125000
17.000000
23.000000
21.875000
21.687500
18.375000
15.000000
12.625000
-5.562500
-5.625000
-12.750000
-18.062500
-27.687500
-33.062500
-36.187500
-35.875000
-42.250000
-44.250000
-41.125000
-40.875000
-37.562500
-37.812500
-29.250000
-23.562500
-20.500000
-18.062500
-12.000000
-6.750000
-2.750000
0.750000
0.437500
-1.000000
-1.625000
-2.187500
-3.000000
-3.875000
-2.625000
-1.500000
-2.687500
-5.750000
-10.000000
-15.187500
-21.250000
-26.687500
-33.437500
-36.625000
-40.437500
-46.437500
-53.125000
-55.750000
-55.062500
-52.687500
-47.750000
-44.437500
-41.875000
-33.875000
-26.062500
-20.562500
-17.062500
-11.562500
-5.312500
-1.000000
2.000000
5.062500
8.812500
12.125000
14.375000
17.187500
20.125000
22.312500
21.312500
20.625000
19.875000
19.375000
17.125000
14.000000
8.187500
9.187500
6.312500
3.875000
2.625000
3.812500
4.312500
7.500000
8.812500
9.125000
7.437500
7.812500
6.875000
7.750000
5.500000
7.187500
6.062500
3.375000
4.125000
4.875000
5.437500
5.437500
5.937500
6.562500
6.812500
7.062500
7.500000
6.812500
5.312500
3.312500
0.750000
-1.562500
-4.812500
-6.937500
-9.187500
-9.500000
-9.937500
-10.375000
-10.312500
-10.187500
-9.562500
-7.812500
-6.187500
-5.062500
-3.562500
-2.375000
-0.750000
-0.500000
-1.187500
-1.375000
-0.750000
-0.375000
-0.125000
-0.062500
-0.062500
0.687500
0.750000
1.000000
0.562500
0.375000
0.062500
-0.250000
-0.812500
-1.500000
-2.312500
-3.375000
-4.187500
-5.062500
-5.312500
-5.562500
-5.937500
-5.687500
-5.750000
-5.312500
-4.875000
-4.125000
-4.062500
-4.000000
-4.250000
-4.437500
-4.937500
-4.875000
-5.250000
-5.250000
-4.687500
-4.625000
-3.875000
-3.000000
-1.812500
-1.375000
-1.687500
-1.812500
-1.312500
-0.500000
0.687500
1.500000
2.062500
2.625000
3.750000
3.812500
4.437500
5.125000
5.375000
5.312500
4.375000
3.062500
1.000000
-0.812500
-3.125000
-4.812500
-6.062500
-6.812500
-7.375000
-7.062500
-6.500000
-6.187500
-5.750000
-4.937500
-4.687500
-4.375000
-4.187500
-3.937500
-3.562500
-3.375000
-3.375000
-3.125000
-3.437500
-2.937500
-2.687500
-2.812500
-3.250000
-3.750000
-4.062500
-3.687500
-3.437500
-3.062500
-2.937500
-2.875000
-3.000000
-2.562500
-2.875000
-2.625000
-2.937500
-3.250000
-3.750000
-4.187500
-4.812500
-5.062500
-5.062500
-4.812500
-4.750000
-4.375000
-3.812500
-3.125000
-2.562500
-2.062500
-2.125000
-2.000000
-2.187500
-2.750000
-3.375000
-3.312500
-3.125000
-2.875000
-2.000000
-1.687500
-1.250000
-1.625000
-1.187500
-1.562500
-1.312500
-1.500000
-1.875000
-1.750000
-1.687500
-1.437500
-1.250000
-1.562500
-1.812500
-1.812500
-1.875000
-1.937500
-1.875000
-2.187500
-2.500000
-2.937500
-2.750000
-2.812500
-2.250000
-2.187500
-1.187500
-0.687500
0.000000
0.437500
0.625000
0.875000
0.250000
-0.625000
-1.500000
-2.062500
-2.500000
-2.250000
-1.687500
-0.875000
-0.437500
0.250000
0.750000
1.125000
1.312500
1.500000
1.625000
1.750000
1.625000
1.375000
1.125000
1.250000
1.500000
1.375000
1.500000
1.687500
1.750000
2.125000
2.750000
3.000000
3.062500
2.937500
3.062500
3.187500
3.375000
3.312500
3.625000
3.812500
4.000000
3.750000
2.937500
2.812500
2.812500
2.812500
3.312500
3.500000
3.875000
3.937500
3.812500
3.687500
3.250000
2.812500
2.125000
1.250000
0.312500
0.125000
-0.187500
-0.312500
-0.437500
-0.625000
-0.937500
-1.312500
-2.125000
-2.625000
-2.812500
-3.062500
-3.437500
-3.750000
-4.062500
-4.187500
-3.750000
-3.125000
-3.000000
-2.562500
-2.312500
-2.187500
-2.062500
-1.750000
-1.500000
-1.437500
-1.250000
-1.375000
-1.125000
-1.062500
-1.437500
-1.812500
-1.812500
-1.875000
-1.375000
-0.875000
-0.125000
0.312500
0.687500
0.937500
1.375000
1.812500
2.125000
2.375000
2.937500
3.562500
4.187500
5.062500
5.375000
6.875000
7.250000
7.937500
8.187500
8.187500
8.187500
7.875000
7.562500
7.250000
5.937500
5.250000
4.437500
3.875000
3.062500
2.312500
1.812500
1.187500
0.312500
0.000000
-0.625000
-0.812500
-0.562500
-0.687500
-0.750000
-0.937500
-1.250000
-1.500000
-1.437500
-1.250000
-1.312500
-1.375000
-1.750000
-1.562500
-1.000000
-0.562500
-0.687500
-0.500000
-0.250000
-0.312500
-0.437500
-0.125000
-0.250000
0.125000
0.625000
0.687500
0.687500
0.625000
0.562500
0.562500
0.062500
0.000000
0.000000
-0.187500
-0.437500
-1.187500
-1.687500
-2.375000
-2.687500
-3.125000
-3.125000
-3.250000
-2.937500
-2.750000
-2.812500
-2.500000
-2.000000
-1.500000
-1.125000
-0.375000
-0.062500
-0.250000
-0.062500
-0.562500
-0.812500
-1.187500
-1.937500
-2.375000
-2.687500
-2.437500
-2.250000
-1.687500
-1.000000
-0.312500
0.562500
1.000000
2.250000
2.625000
3.437500
4.000000
4.937500
5.375000
6.000000
6.312500
6.375000
6.625000
6.375000
6.312500
6.250000
5.625000
5.125000
4.875000
4.250000
3.687500
2.687500
2.687500
2.125000
1.437500
0.687500
-0.687500
-1.437500
-2.750000
-3.687500
-4.312500
-5.000000
-5.500000
-5.812500
-6.500000
-7.000000
-8.062500
-8.187500
-8.500000
-9.125000
-9.187500
-9.625000
-8.625000
-8.000000
-7.937500
-7.750000
-7.500000
-7.250000
-8.062500
-8.750000
-9.187500
-10.250000
-10.875000
-11.250000
-10.812500
-10.937500
-8.437500
-8.375000
-6.500000
-7.312500
-7.937500
-8.500000
-10.500000
-15.000000
-17.125000
-20.062500
-24.250000
-27.375000
-16.500000
-9.000000
-22.812500
-13.312500
-16.562500
-21.000000
-19.187500
-6.812500
-18.250000
-5.062500
-14.250000
-3.000000
-18.625000
-2.562500
-10.750000
-3.625000
-6.062500
-10.750000
-10.937500
-8.062500
-7.000000
-15.187500
-20.562500
-20.937500
-16.562500
-16.312500
-22.625000
-24.750000
-19.312500
-19.125000
-23.812500
-25.000000
-25.875000
-23.437500
-22.562500
-18.437500
-18.875000
-18.187500
-13.250000
-11.437500
-16.062500
-14.625000
-10.812500
-10.500000
-10.000000
-12.625000
-12.125000
-7.750000
-7.750000
-7.937500
-12.000000
-11.125000
-8.875000
-10.250000
-10.250000
-11.937500
-9.812500
-6.812500
-5.500000
-6.312500
-4.687500
-7.500000
-7.500000
-7.500000
-6.812500
-5.937500
-5.375000
-6.000000
-7.375000
-9.062500
-13.312500
-9.687500
-4.312500
0.750000
3.812500
1.812500
0.187500
-1.812500
-2.250000
-2.250000
-1.750000
-0.750000
2.437500
4.437500
6.437500
4.562500
5.875000
5.437500
5.937500
4.375000
4.125000
3.875000
0.500000
-4.562500
-9.250000
-13.937500
-17.375000
-19.125000
-18.500000
-16.000000
-12.562500
-8.312500
-4.812500
-2.187500
-0.750000
-1.062500
0.437500
2.187500
2.312500
3.562500
2.750000
4.437500
5.187500
2.750000
2.000000
0.187500
-0.125000
-2.187500
-3.750000
-2.812500
-3.000000
-4.625000
-6.437500
-7.375000
-7.875000
-6.625000
-4.562500
-3.062500
-1.312500
0.375000
-0.562500
-3.500000
-6.250000
-8.562500
-8.500000
-7.000000
-6.625000
-6.250000
-5.812500
-4.562500
-2.812500
1.000000
4.000000
7.562500
11.250000
14.375000
17.125000
18.062500
18.187500
16.062500
13.062500
9.500000
6.562500
2.812500
1.062500
1.562500
2.500000
4.187500
5.625000
7.500000
10.000000
11.750000
12.187500
10.937500
9.625000
7.375000
5.062500
1.812500
-0.437500
-1.250000
-0.687500
0.187500
3.125000
5.437500
7.812500
9.875000
11.625000
11.937500
11.562500
10.000000
8.937500
9.437500
10.875000
11.562500
10.937500
10.875000
10.812500
9.500000
8.125000
7.187500
5.750000
4.250000
3.812500
3.187500
2.062500
1.000000
0.000000
-0.875000
-1.062500
-1.250000
-0.750000
-1.062500
-1.937500
-2.312500
-2.875000
-3.375000
-3.000000
-2.625000
-2.375000
-1.750000
-0.625000
0.437500
1.062500
1.500000
1.312500
1.187500
1.375000
1.687500
1.687500
1.625000
2.125000
2.625000
3.250000
3.812500
4.000000
3.062500
2.250000
2.000000
2.562500
2.125000
0.687500
-1.500000
-3.625000
-7.750000
-7.750000
-5.000000
-5.125000
-5.500000
-5.437500
-4.812500
-5.312500
-5.937500
-6.062500
-6.312500
-5.687500
-5.125000
-4.187500
-4.125000
-3.937500
-3.375000
-2.375000
-0.187500
2.437500
4.875000
6.375000
7.375000
7.687500
7.312500
6.812500
6.125000
6.500000
6.750000
7.187500
7.250000
6.250000
6.125000
5.687500
5.437500
5.375000
5.250000
4.687500
4.437500
3.937500
3.625000
3.625000
3.937500
3.812500
2.875000
1.312500
-0.375000
-1.062500
-1.562500
-1.375000
-0.562500
-0.125000
0.250000
0.437500
1.375000
3.187500
4.125000
5.312500
7.000000
8.750000
10.375000
10.875000
10.812500
10.187500
9.687500
8.875000
9.062500
8.437500
7.000000
4.687500
2.437500
1.062500
0.000000
-2.000000
-3.625000
-4.625000
-5.375000
-5.187500
-5.437500
-5.687500
-5.937500
-5.875000
-5.625000
-5.062500
-3.875000
-2.625000
-0.875000
1.562500
3.812500
2.812500
0.437500
-1.625000
7.312500
8.375000
7.187500
6.000000
4.562500
3.937500
4.062500
4.500000
4.437500
3.312500
1.875000
0.687500
0.312500
-0.375000
-1.187500
-1.312500
-1.500000
-0.750000
0.000000
0.562500
0.500000
0.000000
-0.375000
-0.500000
-0.062500
0.375000
0.562500
0.312500
0.062500
0.500000
1.187500
1.562500
2.062500
2.250000
2.375000
2.500000
2.937500
2.875000
3.187500
3.812500
3.937500
2.375000
1.250000
0.000000
-0.500000
-1.125000
-2.625000
-4.750000
-3.625000
-1.000000
-0.250000
-0.625000
-1.187500
-1.562500
-1.312500
-1.562500
-2.062500
-3.250000
-3.375000
-3.062500
-2.625000
-2.125000
-1.500000
-0.937500
-0.562500
-0.687500
-1.312500
-1.187500
-1.187500
-0.375000
-0.250000
0.000000
-0.312500
-0.437500
-0.875000
-1.625000
-2.625000
-3.000000
-3.437500
-3.000000
-2.187500
-1.250000
-0.312500
1.000000
2.750000
4.000000
5.000000
5.562500
6.312500
6.437500
5.937500
5.312500
4.750000
4.812500
5.437500
7.125000
8.250000
8.812500
8.437500
6.812500
4.937500
3.625000
2.750000
1.812500
1.312500
1.000000
0.875000
0.812500
0.625000
0.437500
0.750000
0.875000
1.562500
3.375000
4.312500
5.312500
6.062500
7.000000
8.125000
8.875000
9.000000
7.937500
6.125000
4.125000
3.250000
3.562500
3.812500
2.062500
2.562500
2.062500
1.500000
0.812500
-0.187500
-0.750000
-0.875000
-1.187500
-1.250000
-1.062500
-0.875000
-0.687500
-1.062500
-1.062500
-0.875000
-0.687500
-1.125000
-1.062500
-1.187500
-0.375000
-0.312500
-0.125000
-0.187500
-0.125000
-0.125000
-0.312500
-0.437500
-0.500000
-0.500000
-0.125000
-0.062500
-0.312500
-0.250000
0.437500
0.437500
0.750000
1.375000
2.437500
2.437500
2.000000
0.937500
0.125000
0.000000
-0.062500
-0.250000
-0.187500
-0.937500
-1.500000
-1.687500
-1.812500
-1.437500
-0.750000
-0.312500
0.312500
0.875000
1.125000
1.312500
0.812500
0.125000
0.312500
0.625000
1.250000
1.625000
2.312500
2.875000
3.750000
4.062500
2.750000
2.750000
2.812500
2.437500
2.437500
1.375000
0.062500
-0.812500
-0.125000
0.000000
0.000000
0.250000
0.000000
-0.312500
-0.625000
-1.062500
-1.437500
-1.875000
-1.062500
-0.500000
0.312500
1.000000
0.687500
0.125000
-0.250000
-0.875000
-1.375000
-1.312500
-1.562500
-1.500000
-1.625000
-1.937500
-2.625000
-3.125000
-3.125000
-2.812500
-2.437500
-1.750000
-0.875000
-0.750000
-0.812500
-0.375000
0.312500
1.375000
1.812500
2.250000
2.125000
1.812500
0.500000
-0.312500
-0.937500
-1.375000
-1.625000
-1.750000
-2.125000
-2.000000
-2.000000
-1.562500
-0.687500
0.312500
1.250000
1.687500
1.437500
1.125000
0.437500
0.000000
-0.812500
-1.125000
-1.750000
-2.187500
-2.250000
-2.687500
-3.125000
-2.812500
-4.250000
-3.937500
-6.750000
-7.312500
-4.187500
-4.625000
-4.937500
-5.250000
-5.812500
-6.875000
-7.375000
-7.375000
-6.125000
-5.875000
-4.437500
-3.500000
-2.687500
-0.625000
1.312500
3.062500
6.125000
9.375000
13.500000
17.562500
20.000000
21.250000
22.000000
21.812500
21.750000
22.312500
22.375000
21.500000
21.000000
19.875000
17.812500
15.562500
12.375000
9.062500
4.812500
-0.312500
-4.312500
-8.375000
-12.750000
-17.375000
-20.812500
-23.187500
-24.125000
-22.437500
-20.500000
-19.187500
-19.562500
-19.750000
-19.375000
-20.625000
-15.750000
-0.062500
-2.687500
-6.000000
-8.250000
-7.250000
-4.250000
-4.187500
-3.937500
-2.875000
-0.625000
1.500000
4.125000
4.625000
4.750000
6.312500
11.125000
16.625000
20.875000
23.625000
27.875000
33.937500
38.000000
39.375000
38.000000
34.500000
29.562500
24.375000
19.937500
17.625000
16.312500
13.687500
8.625000
4.875000
-2.312500
-10.687500
-16.312500
-21.937500
-26.062500
-26.500000
-23.375000
-17.000000
-6.500000
6.750000
18.687500
29.062500
36.187500
40.937500
43.687500
44.437500
44.250000
45.687500
49.375000
50.562500
48.125000
41.250000
32.062500
22.250000
17.562500
18.125000
18.625000
15.062500
11.625000
8.500000
7.937500
9.875000
8.750000
5.125000
4.250000
2.625000
2.437500
2.875000
5.875000
12.312500
20.375000
23.812500
14.687500
6.437500
1.375000
-0.625000
-4.312500
-5.437500
-4.187500
-1.875000
-0.937500
-2.812500
-5.625000
-8.812500
-11.000000
-12.875000
-17.187500
-22.187500
-23.437500
-19.937500
-20.687500
-21.250000
-19.687500
-21.125000
-22.000000
-24.562500
-23.562500
-31.500000
-49.062500
-59.125000
-50.375000
-39.937500
-31.187500
-20.187500
-9.437500
-0.187500
4.437500
8.062500
7.812500
7.625000
1.750000
-5.250000
-11.187500
-13.687500
-15.125000
-15.000000
-13.437500
-12.125000
-12.125000
-13.062500
-15.437500
-17.250000
-18.375000
-17.875000
-19.312500
-19.750000
-18.500000
-16.437500
-11.187500
-5.562500
1.000000
6.500000
9.812500
13.812500
17.187500
21.937500
23.187500
23.500000
22.812500
21.000000
20.125000
19.937500
19.000000
17.062500
13.375000
8.312500
2.375000
-6.312500
-14.125000
-21.250000
-26.312500
-29.187500
-28.125000
-24.625000
-20.250000
-15.250000
-11.875000
-9.187500
-6.875000
-4.875000
-0.562500
3.312500
5.437500
5.125000
2.250000
0.375000
-1.250000
-1.437500
-1.875000
-3.500000
-6.062500
-8.000000
-11.125000
-15.937500
-22.000000
-28.625000
-31.750000
-32.000000
-30.750000
-29.687500
-28.812500
-27.625000
-27.750000
-28.750000
-29.937500
-30.875000
-30.750000
-28.187500
-24.437500
-19.812500
-15.062500
-9.812500
-4.687500
-0.937500
0.000000
-0.375000
-1.062500
-0.250000
1.250000
0.750000
-1.375000
-4.312500
-8.125000
-11.875000
-13.937500
-15.250000
-17.000000
-19.875000
-23.437500
-25.562500
-25.250000
-24.000000
-24.062500
-23.875000
-23.000000
-21.375000
-20.437500
-19.625000
-17.687500
-16.812500
-16.687500
-16.937500
-17.687500
-15.500000
-13.937500
-12.937500
-13.062500
-12.000000
-12.187500
-13.437500
-14.437500
-14.750000
-15.062500
-14.937500
-14.562500
-14.937500
-13.750000
-11.250000
-9.812500
-10.625000
-11.937500
-14.000000
-15.812500
-17.437500
-18.812500
-18.812500
-18.375000
-17.312500
-16.937500
-17.312500
-16.562500
-15.187500
-13.812500
-12.750000
-11.000000
-8.625000
-7.562500
-6.187500
-3.937500
-1.937500
-0.250000
1.000000
1.312500
1.625000
2.250000
3.187500
4.875000
6.625000
8.437500
9.875000
10.062500
8.937500
8.562500
7.937500
7.750000
8.312500
8.062500
7.187500
6.062500
4.937500
3.687500
2.750000
1.437500
-0.937500
-1.937500
-3.500000
-4.625000
-5.000000
-5.437500
-4.687500
-3.500000
-2.437500
-2.250000
-1.375000
-0.125000
0.937500
1.312500
1.375000
1.187500
0.500000
-0.437500
-0.750000
-1.187500
0.187500
-0.125000
-0.750000
-1.687500
-0.937500
0.000000
0.875000
2.250000
2.812500
2.687500
2.187500
1.812500
1.500000
1.125000
1.437500
2.000000
2.250000
2.937500
3.375000
3.250000
2.750000
2.250000
0.875000
-0.125000
0.062500
0.500000
0.937500
1.375000
1.125000
0.500000
0.000000
-0.875000
-1.375000
-0.687500
0.062500
1.062500
1.875000
3.062500
3.375000
4.125000
4.562500
4.437500
4.375000
4.000000
1.375000
3.187500
2.562500
2.812500
3.000000
2.625000
1.625000
0.312500
-1.125000
-1.937500
-2.187500
-2.625000
-3.312500
-2.687500
-1.562500
-0.562500
-0.937500
-2.562500
-1.437500
0.437500
1.812500
0.437500
-1.625000
-2.937500
-3.937500
-4.250000
-4.562500
-4.250000
-4.000000
-3.750000
-3.125000
-3.000000
-3.187500
-3.125000
-3.687500
-3.312500
-2.937500
-1.750000
-0.750000
-1.125000
-1.812500
-2.187500
-2.062500
-0.750000
0.875000
1.812500
2.187500
1.625000
0.687500
0.187500
0.250000
0.375000
0.687500
0.875000
0.937500
1.250000
2.250000
3.500000
4.437500
4.625000
4.625000
4.750000
5.000000
5.687500
6.125000
4.812500
6.687500
6.562500
6.562500
5.875000
3.562500
2.625000
1.937500
0.062500
1.625000
3.437500
2.812500
3.125000
4.562500
6.250000
7.625000
7.625000
6.875000
5.687500
4.937500
5.000000
5.625000
6.125000
5.062500
4.687500
4.187500
3.062500
1.875000
0.875000
0.562500
-0.125000
-0.125000
0.750000
1.187500
1.437500
2.187500
2.312500
3.687500
4.000000
3.375000
2.937500
2.250000
1.250000
0.687500
-0.437500
-1.000000
-0.750000
-1.187500
-0.937500
-1.250000
-1.500000
-1.500000
-2.062500
-2.875000
-3.437500
-3.562500
-3.062500
-2.812500
-3.187500
-3.625000
-3.437500
-3.375000
-2.875000
-2.375000
-2.000000
-2.437500
-2.625000
-2.937500
-3.375000
-3.000000
-2.375000
-2.062500
-2.250000
-2.687500
-3.500000
-3.687500
-3.437500
-3.312500
-2.812500
-2.375000
-1.750000
-0.937500
-0.312500
-0.437500
-0.250000
0.187500
0.625000
0.937500
1.375000
1.375000
1.250000
0.750000
0.312500
0.125000
-0.500000
-1.500000
-1.750000
-3.125000
-4.625000
-5.937500
-7.250000
-7.625000
-7.437500
-8.750000
-9.687500
-10.750000
-11.687500
-13.000000
-14.250000
-13.937500
-13.625000
-13.812500
-14.125000
-14.125000
-14.187500
-15.000000
-14.750000
-14.812500
-14.875000
-14.562500
-13.625000
-13.250000
-13.000000
-12.250000
-10.750000
-10.062500
-13.750000
-13.687500
-12.750000
-11.500000
-10.937500
-10.375000
-10.250000
-9.687500
-8.437500
-8.187500
-8.375000
-10.625000
-8.812500
-9.000000
-14.187500
-12.937500
-4.562500
3.375000
9.625000
18.437500
27.375000
36.125000
44.125000
50.937500
59.875000
66.625000
69.125000
71.125000
76.187500
66.312500
61.375000
57.125000
49.812500
40.625000
31.875000
26.812500
23.062500
20.250000
17.375000
14.312500
13.250000
16.062500
20.875000
23.250000
25.187500
27.250000
26.000000
29.500000
35.500000
38.875000
38.625000
37.500000
35.312500
30.187500
26.937500
25.937500
26.562500
25.062500
19.000000
12.437500
9.500000
13.875000
17.437500
15.000000
7.812500
-8.312500
-29.000000
-44.750000
-55.125000
-56.687500
-58.625000
-58.000000
-53.250000
-54.625000
-55.812500
-51.437500
-49.750000
-54.187500
-61.312500
-71.937500
-78.875000
-81.437500
-76.250000
-69.375000
-69.000000
-75.437500
-82.500000
-86.312500
-84.500000
-79.000000
-72.250000
-65.062500
-61.687500
-59.125000
-58.125000
-55.750000
-57.187500
-60.250000
-60.812500
-60.500000
-61.000000
-61.000000
-57.125000
-51.062500
-42.875000
-32.062500
-22.187500
-17.437500
-16.375000
-17.375000
-19.750000
-27.562500
-34.687500
-37.187500
-36.062500
-32.375000
-27.312500
-24.000000
-26.062500
-31.125000
-33.125000
-32.187500
-27.937500
-19.250000
-9.000000
0.562500
5.687500
7.250000
5.437500
0.000000
-8.625000
-17.375000
-21.437500
-27.875000
-33.375000
-34.562500
-31.625000
-23.625000
-16.437500
-9.187500
-7.437500
-2.625000
1.937500
8.812500
14.812500
17.000000
17.312500
13.062500
7.250000
-0.500000
-9.312500
-17.625000
-23.625000
-27.750000
-27.312500
-25.750000
-22.875000
-18.687500
-16.687500
-18.812500
-17.062500
-10.500000
-2.062500
12.812500
30.375000
22.625000
11.125000
17.125000
31.750000
44.812500
53.812500
61.062500
67.625000
72.375000
76.937500
80.875000
83.875000
84.750000
86.000000
88.812500
91.750000
94.625000
96.562500
96.875000
96.187500
91.625000
83.500000
76.187500
69.500000
63.187500
57.125000
49.062500
41.250000
36.625000
36.500000
39.562500
40.250000
40.437500
41.500000
43.562500
46.437500
50.125000
52.750000
51.937500
49.687500
49.687500
50.875000
50.250000
44.562500
37.125000
32.000000
26.000000
19.062500
13.625000
11.062500
10.437500
10.125000
9.750000
9.250000
7.562500
5.000000
2.187500
-5.937500
-4.125000
-7.312500
-8.562500
-11.312500
-5.437500
-8.937500
-13.250000
-17.750000
-19.000000
-14.187500
-5.562500
1.062500
5.562500
8.562500
10.687500
13.562500
16.625000
18.562500
19.250000
19.937500
21.000000
23.125000
25.000000
23.312500
21.750000
17.812500
15.125000
12.875000
11.875000
10.187500
9.937500
9.750000
11.750000
7.312500
5.125000
6.937500
9.250000
16.312500
19.312500
18.500000
15.437500
11.125000
4.250000
-0.437500
-3.875000
-3.750000
-3.250000
-2.750000
-2.937500
-4.000000
-6.562500
-9.000000
-10.812500
-12.375000
-13.812500
-14.875000
-16.437500
-18.687500
-22.125000
-25.375000
-29.062500
-31.937500
-33.437500
-34.125000
-37.625000
-40.687500
-42.875000
-44.937500
-46.250000
-46.812500
-48.437500
-48.312500
-48.312500
-48.437500
-48.437500
-49.125000
-49.250000
-48.750000
-45.750000
-41.125000
-36.687500
-34.687500
-35.000000
-32.812500
-29.375000
-25.562500
-23.562500
-22.750000
-23.062500
-23.687500
-22.562500
-20.687500
-19.812500
-18.312500
-16.437500
-15.562500
-13.937500
-12.000000
-10.250000
-8.187500
-8.375000
-8.562500
-8.125000
-8.437500
-7.937500
-6.437500
-4.875000
-5.000000
-5.937500
-4.500000
-3.562500
1.250000
4.437500
5.000000
4.250000
4.687500
5.875000
8.750000
11.437500
14.062500
14.500000
14.875000
14.375000
13.687500
12.062500
12.562500
16.500000
19.625000
20.062500
18.562500
16.750000
14.375000
10.937500
6.875000
3.250000
0.187500
-2.875000
-4.562500
-4.750000
-3.062500
-6.625000
-7.437500
-6.375000
-7.812500
-10.687500
-11.312500
-11.500000
-13.062500
-13.812500
-13.312500
-12.562500
-11.250000
-10.187500
-10.437500
-11.062500
-12.125000
-11.750000
-9.875000
-6.500000
-4.937500
-2.187500
-1.125000
-1.562500
-3.625000
-5.437500
-6.062500
-5.750000
-6.062500
-6.250000
-6.562500
-6.375000
-6.312500
-6.125000
-6.125000
-7.625000
-9.375000
-9.812500
-8.875000
-8.375000
-4.750000
-2.812500
-4.125000
-6.000000
-6.687500
-5.687500
-4.500000
-2.812500
-1.625000
0.062500
1.062500
1.812500
1.500000
1.312500
0.875000
0.562500
0.000000
-1.000000
-2.062500
-2.875000
-3.250000
-2.625000
-2.187500
-1.812500
-2.062500
-2.750000
-2.875000
-3.062500
-3.000000
-2.812500
-1.812500
-0.875000
-0.625000
-1.375000
-2.187500
-2.687500
-3.312500
-3.562500
-3.750000
-3.812500
-3.812500
-4.187500
-3.375000
-2.562500
-2.125000
-2.312500
-1.875000
-2.000000
-2.875000
-3.812500
-4.375000
-4.437500
-3.687500
-3.437500
-3.125000
-4.000000
-5.000000
-5.312500
-5.562500
-6.312500
-6.937500
-5.937500
-4.812500
-4.625000
-5.187500
-5.562500
-5.250000
-4.812500
-4.375000
-4.187500
-5.000000
-5.437500
-4.875000
-6.500000
-7.625000
-8.250000
-7.250000
-6.562500
-6.437500
-6.375000
-6.562500
-6.500000
-5.375000
-5.062500
-5.125000
-5.250000
-6.500000
-8.437500
-10.500000
-12.625000
-15.312500
-16.375000
-16.687500
-14.437500
-13.375000
-20.250000
-21.125000
-20.062500
-21.125000
-21.562500
-20.937500
-16.812500
-10.812500
-12.812500
-10.687500
-10.937500
-8.500000
-6.812500
-5.750000
-5.062500
-5.312500
-5.625000
-5.000000
-3.375000
-2.500000
-1.687500
-0.750000
-0.437500
0.437500
-1.312500
-2.625000
-3.562500
-3.750000
-4.062500
-2.062500
-1.125000
-1.500000
-3.750000
-4.875000
-5.437500
-6.687500
-6.250000
-5.000000
-3.562500
-2.312500
0.000000
2.812500
6.187500
8.500000
10.375000
11.875000
13.312500
14.375000
15.375000
16.375000
17.750000
18.500000
17.187500
14.500000
12.125000
10.875000
9.875000
9.250000
8.750000
8.000000
7.437500
6.500000
5.875000
5.937500
6.125000
6.125000
5.750000
7.250000
8.062500
8.312500
5.125000
3.250000
1.250000
1.750000
1.875000
0.437500
-1.812500
-2.750000
-4.437500
-6.187500
-5.375000
-4.187500
-3.062500
-2.937500
-1.312500
-0.875000
1.187500
4.375000
6.437500
8.375000
11.750000
16.375000
21.062500
26.000000
26.875000
25.875000
22.500000
22.562500
27.750000
31.375000
30.812500
28.937500
27.062500
23.625000
18.937500
15.062500
13.625000
12.562500
10.437500
6.875000
0.937500
-5.000000
-11.187500
-16.625000
-22.375000
-25.562500
-29.437500
-33.562500
-37.687500
-40.750000
-43.500000
-46.937500
-51.187500
-56.812500
-60.562500
-63.187500
-67.062500
-71.187500
-75.187500
-78.937500
-81.812500
-83.562500
-83.937500
-82.125000
-78.062500
-72.750000
-68.062500
-67.250000
-70.187500
-74.750000
-79.687500
-83.000000
-86.500000
-90.437500
-94.500000
-98.375000
-103.000000
-108.187500
-113.125000
-117.500000
-121.812500
-121.750000
-117.312500
-111.062500
-103.062500
-93.312500
-84.250000
-76.000000
-67.250000
-57.250000
-46.437500
-33.437500
-22.875000
-11.687500
-2.875000
3.000000
8.812500
9.375000
6.312500
-0.500000
-7.187500
-13.187500
-16.562500
-17.375000
-17.750000
-18.937500
-18.062500
-16.187500
-14.062500
-11.437500
-8.750000
-6.625000
-3.250000
1.437500
6.687500
11.500000
16.625000
21.500000
26.062500
30.312500
34.937500
40.062500
44.812500
49.812500
55.062500
59.312500
64.875000
70.562500
74.937500
76.375000
75.500000
73.125000
70.312500
69.187500
69.312500
70.937500
72.625000
75.375000
79.250000
83.500000
86.000000
87.562500
87.500000
85.875000
84.125000
83.625000
83.687500
81.875000
79.062500
74.625000
70.937500
70.375000
72.562500
74.562500
74.500000
74.687500
73.812500
73.062500
72.625000
69.937500
68.125000
65.062500
63.562500
62.187500
59.625000
56.250000
52.562500
49.312500
45.812500
44.125000
43.312500
41.937500
40.187500
38.312500
34.875000
30.750000
26.687500
23.687500
23.187500
23.250000
23.437500
22.125000
19.937500
18.062500
16.000000
14.812500
13.687500
12.500000
12.000000
12.812500
14.250000
15.062500
14.750000
14.937500
15.875000
15.937500
16.937500
18.062500
18.312500
17.625000
16.000000
13.500000
10.312500
8.000000
6.937500
6.687500
7.312500
6.812500
0.062500
2.500000
3.875000
2.687500
3.625000
4.062500
3.125000
2.125000
1.812500
1.187500
1.562500
1.062500
-0.062500
-2.000000
-2.375000
-2.187500
-2.500000
-3.875000
-5.625000
-5.937500
-4.937500
-2.812500
0.062500
2.937500
5.625000
7.812500
10.187500
11.750000
12.625000
12.375000
12.500000
12.687500
13.250000
13.250000
13.062500
11.875000
9.812500
8.875000
7.625000
6.312500
4.437500
1.750000
-0.437500
-3.312500
-5.625000
-7.312500
-8.437500
-8.187500
-8.062500
-7.937500
-7.625000
-6.375000
-4.000000
-1.375000
1.562500
3.562500
4.937500
5.750000
5.875000
5.750000
5.750000
5.500000
5.250000
4.875000
4.250000
3.750000
4.062500
4.437500
3.750000
2.375000
1.000000
0.625000
0.187500
-0.125000
-1.437500
-1.375000
-1.312500
-0.937500
-0.687500
-0.062500
0.875000
1.312500
1.812500
2.562500
3.750000
4.875000
4.312500
2.500000
0.062500
-1.875000
-3.375000
-3.562500
-3.500000
-4.125000
-4.187500
-4.062500
-3.687500
-2.937500
-2.062500
-1.687500
-2.375000
-3.375000
-3.187500
-3.375000
-3.375000
-3.937500
-4.250000
-4.750000
-4.250000
-4.750000
-5.062500
-5.312500
-5.437500
-5.625000
-10.812500
-7.687500
-5.437500
-5.875000
-6.500000
-7.250000
-7.562500
-6.437500
-8.750000
-10.500000
-10.687500
-10.437500
-10.187500
-9.687500
-7.812500
-8.187500
-8.250000
-8.562500
-8.375000
-6.937500
-5.125000
-3.187500
-2.375000
-2.375000
-1.250000
-1.312500
-1.500000
-1.187500
-2.187500
-4.312500
-5.687500
-6.187500
-7.000000
-7.687500
-7.187500
-6.375000
-6.312500
-7.187500
-8.187500
-8.625000
-8.250000
-7.687500
-6.625000
-6.187500
-5.437500
-3.937500
-2.687500
-1.500000
-0.312500
0.250000
0.562500
1.250000
2.125000
1.500000
0.562500
0.062500
-0.312500
-0.500000
-1.312500
-1.812500
-1.687500
-0.625000
1.250000
3.437500
4.562500
5.187500
4.625000
4.312500
3.500000
3.812500
4.187500
4.625000
4.750000
5.312500
6.812500
6.187500
6.312500
5.812500
4.750000
3.875000
3.250000
2.937500
2.562500
2.437500
2.750000
2.937500
3.187500
3.125000
2.812500
2.687500
3.000000
2.625000
2.625000
2.062500
1.250000
0.937500
1.375000
1.875000
2.562500
3.000000
3.187500
3.062500
3.187500
2.812500
3.000000
2.937500
2.750000
2.250000
1.750000
1.312500
1.062500
1.000000
1.125000
1.250000
1.312500
0.750000
0.312500
0.000000
-0.375000
-0.437500
-1.500000
-1.750000
-2.687500
-3.312500
-3.562500
-3.562500
-3.250000
-4.062500
-4.875000
-4.750000
-4.500000
-3.500000
-2.750000
-2.375000
-2.187500
-2.687500
-3.187500
-3.625000
-4.312500
-5.437500
-4.812500
-3.875000
-3.250000
-3.437500
-4.125000
-3.937500
-3.625000
-3.562500
-4.000000
-4.375000
-4.875000
-5.812500
-6.312500
-6.687500
-6.562500
-6.375000
-6.187500
-6.437500
-7.062500
-8.062500
-8.750000
-9.125000
-8.812500
-9.062500
-8.687500
-7.937500
-7.250000
-7.187500
-6.687500
-6.125000
-5.562500
-4.625000
-5.375000
-6.437500
-7.687500
-8.250000
-7.125000
-6.187500
-5.250000
-4.312500
-3.937500
-3.750000
-3.937500
-4.250000
-5.000000
-4.187500
-3.750000
-2.687500
-1.375000
-0.250000
0.437500
0.812500
0.625000
1.187500
0.937500
0.437500
-0.687500
-0.687500
-0.437500
-0.687500
-0.750000
0.437500
-0.312500
0.250000
0.125000
1.500000
1.625000
0.500000
0.250000
0.125000
-0.875000
-0.937500
-1.250000
-0.875000
0.250000
0.437500
0.750000
1.062500
1.312500
0.812500
0.250000
-0.312500
-0.250000
-0.125000
0.000000
-0.812500
-2.187500
-2.187500
-2.250000
-2.125000
-2.812500
-3.437500
-3.187500
-3.500000
-5.687500
-5.125000
-3.812500
-2.250000
-5.187500
-3.875000
-1.625000
-0.562500
-1.187500
-2.125000
-2.625000
-2.500000
-1.812500
-2.375000
-2.375000
-2.937500
-3.437500
-3.500000
-3.875000
-4.187500
-4.625000
-5.125000
-5.250000
-5.187500
-5.125000
-4.937500
-4.875000
-5.125000
-5.750000
-5.562500
-5.437500
-5.125000
-4.875000
-5.062500
-4.750000
-4.312500
-3.812500
-3.875000
-2.500000
-1.437500
-0.187500
0.562500
1.187500
1.062500
1.625000
1.875000
2.437500
2.562500
1.937500
0.937500
0.625000
0.062500
-0.187500
-0.500000
-1.625000
-1.625000
-2.500000
-2.875000
-2.625000
-2.250000
-1.375000
-0.437500
-0.375000
-0.437500
0.187500
1.312500
2.625000
3.937500
4.187500
4.062500
3.062500
2.562500
2.437500
2.062500
1.625000
1.062500
0.750000
0.437500
0.187500
0.687500
0.375000
0.000000
-0.312500
-0.687500
-0.625000
-0.625000
-0.437500
-0.062500
-0.687500
-0.812500
-0.187500
0.750000
1.125000
0.875000
1.125000
1.625000
1.562500
1.937500
2.125000
2.687500
3.937500
2.562500
1.187500
-0.750000
-1.312500
-2.250000
-2.062500
-1.125000
0.375000
0.687500
-0.250000
-1.250000
-1.687500
-1.312500
-0.625000
-0.500000
-0.562500
-1.312500
-1.750000
-2.000000
-2.562500
-2.187500
-1.875000
-1.812500
-2.000000
-1.687500
-1.312500
-0.562500
-0.750000
-1.187500
0.062500
-1.312500
-3.187500
-4.000000
-5.000000
-5.812500
-5.312500
-4.687500
-3.937500
-2.812500
-1.625000
-0.937500
0.750000
0.000000
-0.500000
0.625000
0.937500
0.812500
1.562500
2.625000
2.812500
2.187500
1.500000
0.500000
-1.187500
-2.437500
-3.062500
-3.437500
-3.250000
-3.125000
-3.187500
-3.250000
-3.500000
-3.062500
-3.062500
-3.312500
-4.750000
-6.312500
-7.187500
-8.250000
-8.937500
-8.750000
-7.687500
-9.125000
-9.812500
-11.437500
-10.687500
-10.500000
-10.312500
-11.062500
-10.875000
-10.937500
-11.312500
-9.812500
-8.687500
-7.687500
-7.437500
-7.625000
-7.937500
-8.875000
-9.500000
-9.375000
-8.500000
-7.250000
-6.000000
-5.062500
-4.750000
-5.000000
-4.187500
-3.062500
-2.125000
-0.750000
1.312500
2.312500
2.625000
3.437500
4.562500
3.250000
3.500000
4.187500
5.062500
5.437500
5.625000
4.375000
4.062500
2.375000
1.500000
1.437500
1.875000
2.062500
1.812500
1.625000
1.937500
1.812500
2.562500
2.875000
2.937500
3.250000
2.875000
2.375000
2.000000
1.500000
0.625000
-0.250000
-0.687500
0.625000
1.500000
-0.750000
0.000000
-0.812500
-2.187500
-1.687500
-1.125000
-0.750000
0.062500
-0.062500
-0.062500
0.062500
0.812500
1.250000
1.687500
2.687500
3.187500
3.625000
3.500000
3.625000
3.187500
3.000000
2.562500
2.625000
2.062500
1.687500
1.750000
1.125000
0.562500
0.250000
0.812500
1.062500
1.812500
1.937500
1.562500
0.937500
0.125000
0.375000
0.500000
1.125000
1.375000
1.500000
1.625000
1.750000
1.937500
2.000000
2.125000
2.375000
3.062500
3.000000
2.750000
2.625000
2.187500
1.812500
2.000000
2.625000
2.437500
1.750000
1.562500
1.500000
1.625000
2.125000
2.812500
3.125000
3.375000
3.187500
4.000000
4.562500
5.312500
6.312500
6.750000
6.812500
6.562500
5.875000
5.000000
4.125000
3.312500
3.250000
2.875000
3.000000
2.875000
2.625000
1.750000
1.562500
1.250000
1.000000
1.562500
2.250000
2.687500
2.562500
2.375000
2.437500
2.375000
2.000000
1.187500
0.750000
0.562500
0.062500
-0.437500
-1.187500
-1.500000
-1.500000
-1.937500
-2.187500
-2.125000
-2.375000
-2.625000
-2.937500
-2.500000
-1.875000
-1.187500
-0.312500
0.562500
0.812500
0.562500
0.687500
1.687500
2.500000
2.687500
2.062500
1.750000
0.562500
0.000000
-0.250000
-0.187500
0.000000
-0.187500
-0.812500
-1.875000
-3.125000
-4.062500
-4.562500
-4.687500
-3.625000
-3.125000
-2.687500
-2.937500
-2.437500
-1.375000
-0.562500
0.000000
0.562500
1.562500
3.250000
3.562500
3.062500
1.625000
0.000000
-1.312500
-2.062500
-2.562500
-2.312500
-2.250000
-2.437500
-2.875000
-3.312500
-3.500000
-3.437500
-3.062500
-2.625000
-2.750000
-2.562500
-2.625000
-2.500000
-1.812500
-1.375000
-0.875000
0.062500
0.625000
0.687500
0.500000
0.125000
-0.625000
-0.437500
0.125000
0.062500
0.500000
0.625000
0.375000
0.562500
1.062500
1.625000
2.500000
3.250000
3.750000
2.687500
1.687500
1.000000
0.875000
0.937500
1.312500
1.250000
1.812500
2.750000
3.937500
4.125000
3.937500
4.062500
4.562500
5.000000
5.500000
5.375000
4.562500
3.500000
3.125000
2.625000
2.937500
3.312500
3.125000
3.000000
3.062500
3.125000
2.500000
2.125000
1.562500
0.812500
-0.875000
-1.750000
-2.062500
-2.625000
-2.937500
-3.562500
-3.750000
-3.125000
-1.937500
-0.500000
0.000000
0.875000
1.812500
2.500000
1.875000
1.437500
0.437500
0.500000
0.437500
0.812500
1.187500
0.437500
0.625000
0.875000
1.375000
1.312500
0.625000
0.625000
-0.312500
-0.875000
-0.500000
0.125000
1.000000
1.125000
1.187500
0.375000
0.500000
0.250000
0.875000
0.875000
0.250000
-0.812500
-2.000000
-2.312500
-1.312500
-1.187500
-1.375000
-1.125000
-0.500000
0.187500
1.250000
2.000000
2.500000
2.750000
3.375000
3.562500
3.812500
3.750000
2.687500
1.250000
0.250000
0.250000
0.000000
-0.687500
-1.937500
-3.125000
-4.000000
-4.500000
-5.187500
-5.562500
-5.750000
-6.000000
-6.250000
-5.625000
-6.125000
-8.687500
-12.375000
-14.062500
-14.187500
-14.000000
-13.812500
-13.750000
-12.375000
-10.187500
-7.812500
-5.375000
-3.875000
-3.125000
-3.812500
-4.500000
-5.562500
-7.250000
-10.812500
-14.875000
-18.250000
-19.937500
-19.562500
-18.125000
-17.812500
-18.562500
-19.375000
-19.812500
-19.500000
-20.312500
-22.125000
-23.312500
-24.562500
-24.562500
-22.812500
-20.500000
-18.625000
-16.562500
-13.125000
-10.250000
-7.437500
-5.312500
-4.125000
-4.062500
-3.687500
-1.562500
2.312500
6.875000
10.437500
12.625000
13.875000
14.437500
13.562500
10.312500
6.500000
3.687500
2.062500
1.000000
-0.250000
-2.062500
-3.875000
-5.250000
-6.437500
-6.187500
-5.687500
-5.437500
-5.687500
-7.187500
-9.875000
-13.687500
-14.062500
-13.562500
-8.937500
-7.312500
-2.375000
1.125000
2.625000
3.562500
4.062500
3.000000
2.625000
2.312500
1.500000
0.687500
-0.812500
-1.500000
-1.625000
