-1.250000
-1.250000
-1.875000
-2.000000
-2.125000
-2.312500
-2.187500
-1.937500
-1.687500
-1.312500
-1.062500
-0.625000
-0.625000
-0.687500
-1.062500
-1.000000
-0.875000
-1.187500
-1.312500
-1.375000
-1.937500
-2.375000
-2.750000
-3.125000
-3.000000
-2.500000
-2.312500
-2.000000
-1.562500
-1.312500
-0.625000
-0.562500
-0.375000
0.125000
0.250000
0.312500
0.562500
0.625000
1.125000
1.000000
0.937500
0.750000
0.062500
-0.250000
-1.125000
-1.187500
-1.812500
-2.125000
-2.062500
-1.812500
-1.687500
-1.750000
-1.562500
-1.000000
-0.687500
-0.062500
0.000000
0.437500
0.375000
0.312500
0.562500
0.250000
0.125000
-0.187500
-0.187500
-0.687500
-0.812500
-0.687500
-0.375000
-0.187500
-0.062500
0.250000
0.625000
1.187500
1.125000
1.500000
1.312500
1.187500
0.750000
0.250000
-0.187500
-0.312500
-0.062500
0.000000
0.000000
0.062500
0.000000
-0.375000
-0.625000
-0.937500
-0.937500
-0.750000
-0.250000
-0.062500
0.000000
0.062500
0.312500
0.375000
0.875000
1.312500
1.250000
1.250000
1.812500
2.187500
2.500000
2.875000
3.187500
2.937500
3.187500
3.000000
3.000000
3.000000
3.125000
2.875000
2.937500
2.937500
3.125000
3.125000
3.625000
3.562500
4.125000
4.250000
4.375000
4.312500
4.312500
4.312500
3.625000
3.250000
2.687500
2.250000
2.250000
2.437500
2.875000
2.937500
3.250000
3.437500
3.937500
4.000000
3.812500
4.000000
3.875000
3.937500
4.375000
4.000000
4.062500
3.625000
3.062500
2.812500
2.812500
2.312500
2.062500
2.000000
2.062500
2.187500
2.500000
2.687500
3.187500
3.500000
3.437500
3.875000
4.062500
4.187500
4.250000
4.562500
4.500000
4.562500
5.000000
5.312500
5.562500
5.750000
5.750000
6.125000
6.125000
6.500000
6.812500
8.312500
7.562500
7.687500
7.062500
6.125000
5.375000
4.875000
4.875000
4.562500
4.312500
3.937500
4.000000
4.062500
4.000000
3.875000
3.812500
3.812500
4.062500
3.937500
3.812500
3.562500
2.562500
1.687500
0.750000
0.062500
-0.125000
-0.437500
-1.000000
-0.937500
-1.187500
-1.000000
-0.375000
-0.187500
-0.250000
-0.125000
-0.437500
-0.187500
-0.500000
-0.937500
-1.250000
-1.125000
-1.250000
-1.000000
-0.875000
-0.500000
-0.500000
-0.187500
-0.437500
-0.875000
-0.812500
-0.687500
-1.062500
-1.062500
-1.312500
-1.375000
-1.625000
-1.562500
-1.875000
-2.062500
-2.062500
-1.937500
-1.812500
-1.312500
-0.812500
-0.562500
0.000000
0.375000
0.562500
0.812500
1.187500
1.687500
2.187500
2.000000
2.000000
2.187500
1.562500
0.875000
0.312500
-0.312500
-0.562500
-0.812500
-1.062500
-1.375000
-1.250000
-1.062500
-0.875000
-1.250000
-1.687500
-1.375000
-1.312500
-0.562500
-0.062500
0.062500
0.312500
0.750000
0.625000
0.875000
0.500000
0.437500
-0.250000
-0.750000
-1.125000
-1.562500
-2.125000
-2.187500
-1.875000
-1.500000
-1.250000
-0.812500
-0.687500
-0.937500
-0.875000
-0.562500
-0.437500
-0.375000
-0.562500
-0.750000
-0.625000
-0.500000
-0.437500
-0.812500
-0.875000
-1.062500
-1.187500
-1.437500
-1.562500
-1.562500
-1.562500
-1.312500
-1.125000
-0.812500
-0.812500
-0.437500
0.000000
0.125000
0.312500
0.312500
0.500000
0.437500
0.062500
-0.062500
-0.437500
-1.000000
-0.875000
-1.125000
-1.062500
-1.125000
-1.125000
-1.312500
-1.437500
-1.437500
-1.000000
-0.750000
-0.500000
-0.625000
-0.750000
-0.937500
-0.625000
-0.687500
-0.250000
-0.437500
0.000000
0.000000
0.000000
-0.125000
0.187500
0.062500
0.375000
0.500000
0.875000
1.312500
1.437500
1.500000
1.500000
1.687500
1.375000
1.500000
1.437500
1.000000
0.562500
0.500000
0.687500
0.312500
0.312500
0.000000
0.062500
-0.062500
-0.062500
-0.375000
0.000000
0.375000
0.750000
1.125000
1.375000
1.312500
1.312500
1.125000
0.625000
0.437500
-0.062500
0.000000
0.312500
0.812500
0.937500
1.187500
1.125000
0.500000
0.625000
0.625000
0.687500
0.500000
0.625000
0.375000
0.187500
0.125000
-0.312500
-0.312500
-0.250000
-0.437500
-0.250000
-0.562500
-0.750000
-0.937500
-1.250000
-1.375000
-2.125000
-2.750000
-3.000000
-2.875000
-3.125000
-2.437500
-1.812500
-0.875000
-0.687500
-0.812500
-0.687500
-0.375000
-0.125000
-0.187500
-0.500000
-0.812500
-1.437500
-1.625000
-1.437500
-1.750000
-1.437500
-1.312500
-1.437500
-1.437500
-1.375000
-1.312500
-1.375000
-1.375000
-1.312500
-0.937500
-0.625000
-0.562500
-0.312500
-0.375000
-0.437500
-0.062500
0.187500
0.250000
0.375000
0.562500
0.500000
0.375000
0.125000
0.812500
0.812500
0.625000
0.312500
0.250000
-0.187500
-0.312500
-0.812500
-1.062500
-1.562500
-1.750000
-1.625000
-1.312500
-1.375000
-1.062500
-0.812500
-0.562500
-0.625000
-0.750000
-0.625000
-0.312500
-0.125000
0.187500
0.375000
0.875000
1.187500
1.312500
1.250000
1.437500
1.562500
0.875000
0.937500
1.312500
1.437500
1.500000
1.250000
1.312500
1.187500
1.062500
1.312500
1.187500
0.875000
0.875000
0.812500
0.875000
1.375000
1.437500
1.375000
0.875000
1.062500
1.062500
0.625000
-0.062500
-0.437500
-0.625000
-0.687500
-0.375000
-0.437500
-0.250000
0.000000
0.062500
0.125000
0.000000
0.062500
0.375000
0.500000
0.437500
1.125000
1.625000
2.062500
2.375000
2.687500
2.687500
2.250000
2.062500
1.625000
1.812500
1.750000
1.062500
0.000000
-0.187500
-0.750000
-1.000000
-0.937500
-0.812500
-0.500000
-0.250000
-0.125000
0.062500
0.062500
0.187500
0.375000
0.187500
0.125000
0.187500
0.062500
0.687500
1.062500
1.187500
1.250000
1.562500
2.000000
1.875000
1.750000
1.375000
0.625000
-0.187500
-1.062500
-1.375000
-1.750000
-1.500000
-1.312500
-1.125000
-1.437500
-1.562500
-1.500000
-1.500000
-1.187500
-1.500000
-1.312500
-1.250000
-1.312500
-1.000000
-0.875000
-0.687500
-0.562500
-0.875000
-1.000000
-0.750000
-0.625000
-0.625000
-0.187500
-0.375000
-0.250000
0.000000
-0.062500
-0.062500
-0.125000
-0.062500
0.000000
-0.250000
-0.500000
-0.937500
-1.000000
-1.000000
-0.312500
0.250000
0.687500
1.312500
2.000000
2.437500
2.375000
3.125000
3.687500
4.187500
4.500000
4.437500
4.500000
4.375000
4.000000
3.875000
3.562500
3.125000
2.625000
2.250000
1.812500
1.375000
1.062500
0.812500
0.562500
0.875000
1.187500
1.312500
0.937500
0.875000
0.500000
0.437500
0.000000
-0.437500
-0.875000
-1.000000
-1.187500
-1.062500
-1.625000
-1.812500
-2.375000
-2.937500
-3.375000
-3.437500
-3.625000
-3.375000
-2.750000
-1.875000
-1.562500
-1.187500
-0.937500
-1.187500
-1.500000
-1.875000
-2.062500
-2.125000
-1.937500
-1.750000
-1.500000
-1.312500
-0.687500
-0.500000
-0.437500
-1.000000
-1.062500
-1.812500
-2.625000
-3.562500
-4.437500
-4.875000
-5.500000
-5.125000
-5.000000
-4.375000
-3.875000
-3.562500
-3.062500
-2.750000
-2.062500
-2.062500
-1.812500
-1.937500
-1.687500
-0.687500
0.062500
1.062500
1.875000
2.437500
2.500000
2.812500
2.250000
1.687500
0.812500
0.312500
0.000000
-0.437500
-0.937500
-1.250000
-0.937500
-0.250000
0.000000
0.125000
0.250000
0.125000
-0.375000
-0.437500
-0.750000
-0.500000
-0.562500
0.000000
0.125000
0.125000
0.187500
0.500000
0.437500
0.562500
0.500000
0.500000
0.625000
0.812500
1.062500
1.500000
2.062500
2.625000
3.062500
3.187500
3.312500
3.437500
3.000000
2.437500
0.625000
0.625000
-1.000000
-6.625000
-9.125000
-7.375000
-6.437500
-5.312500
-3.812500
-2.687500
-0.625000
0.500000
1.500000
0.687500
-1.312500
-3.187500
-4.187500
-4.625000
-4.937500
-4.125000
-3.000000
-0.062500
4.187500
7.625000
6.625000
7.062500
6.875000
6.312500
6.812500
8.312500
9.437500
9.875000
10.500000
10.312500
9.250000
9.875000
20.562500
22.875000
15.250000
12.500000
7.250000
6.812500
8.875000
11.875000
14.500000
22.187500
16.687500
9.812500
6.562500
4.375000
5.125000
6.687500
7.687500
8.625000
7.937500
7.062500
6.625000
7.312500
8.562500
9.437500
10.125000
10.062500
10.250000
9.687500
9.500000
10.062500
10.625000
11.312500
12.187500
12.750000
13.375000
14.437500
14.375000
15.062500
15.625000
16.375000
16.750000
17.125000
17.375000
15.875000
14.875000
13.500000
10.625000
8.250000
5.062500
2.625000
1.562500
0.750000
0.000000
-1.187500
-1.500000
-2.687500
-3.625000
-5.562500
-8.125000
-12.062500
-14.437500
-15.875000
-16.937500
-17.125000
-17.937500
-17.625000
-17.500000
-17.312500
-18.812500
-20.062500
-20.312500
-20.562500
-21.375000
-23.437500
-25.375000
-27.562500
-29.125000
-30.625000
-32.187500
-33.187500
-35.000000
-37.500000
-40.437500
-42.312500
-44.500000
-44.312500
-44.750000
-44.562500
-38.375000
-37.687500
-34.187500
-31.625000
-28.875000
-27.312500
-26.437500
-26.250000
-25.875000
-25.562500
-26.500000
-27.500000
-29.625000
-32.437500
-34.562500
-37.312500
-38.375000
-38.750000
-39.375000
-40.375000
-41.687500
-42.562500
-43.125000
-44.000000
-44.375000
-43.875000
-44.500000
-44.750000
-44.062500
-43.125000
-41.812500
-40.125000
-36.875000
-32.875000
-28.187500
-23.625000
-20.875000
-19.312500
-19.625000
-20.875000
-21.750000
-20.125000
-15.437500
-8.750000
-0.875000
5.125000
11.000000
16.437500
20.875000
21.625000
19.500000
16.062500
12.875000
10.937500
9.687500
10.000000
10.500000
11.000000
11.937500
14.562500
18.750000
23.937500
28.312500
30.562500
31.625000
30.750000
30.125000
29.375000
29.375000
29.750000
29.125000
27.812500
24.312500
19.687500
14.500000
11.062500
9.062500
9.312500
11.437500
15.562500
19.312500
22.437500
25.000000
25.937500
24.437500
22.125000
19.750000
18.062500
16.437500
15.437500
15.125000
15.437500
15.562500
14.687500
12.562500
9.062500
11.437500
2.437500
0.625000
-3.062500
-7.375000
-9.312500
-10.062500
-8.500000
-5.687500
-2.312500
1.625000
3.937500
4.625000
5.000000
3.687500
0.937500
-2.625000
-7.375000
-11.500000
-15.312500
-18.750000
-21.250000
-21.125000
-19.125000
-15.812500
-13.062500
-11.437500
-11.000000
-2.062500
-7.875000
-8.625000
-7.125000
-9.812500
-11.437500
-14.937500
-19.625000
-23.062500
-23.750000
-24.125000
-21.625000
-16.625000
-10.187500
-4.000000
1.812500
7.500000
13.250000
17.750000
22.250000
25.125000
27.562500
29.875000
30.375000
30.687500
30.625000
30.312500
29.250000
28.250000
29.312500
31.625000
33.937500
35.312500
34.250000
32.250000
29.562500
26.437500
23.500000
20.625000
18.250000
17.187500
17.812500
20.000000
22.437500
25.000000
26.875000
28.687500
28.750000
29.500000
30.000000
32.000000
35.437500
38.812500
40.937500
40.687500
39.375000
36.625000
32.875000
28.687500
24.562500
18.937500
15.000000
10.062500
6.562500
5.375000
3.125000
0.562500
-2.687500
-5.250000
-7.437500
-9.187500
-10.562500
-11.062500
-10.750000
-10.375000
-10.375000
-10.812500
-11.812500
-13.125000
-13.812500
-14.500000
-15.437500
-16.125000
-16.750000
-17.375000
-16.625000
-15.500000
-14.437500
-13.250000
-11.562500
-9.812500
-8.062500
-6.750000
-5.500000
-4.687500
-5.250000
-5.250000
-4.125000
-2.125000
-7.000000
-3.062500
-2.250000
-1.812500
-1.625000
-1.250000
-0.750000
0.187500
1.500000
3.312500
5.375000
7.125000
8.875000
10.187500
10.812500
11.437500
11.500000
10.750000
10.187500
8.875000
7.875000
6.437500
4.250000
2.437500
0.812500
-0.312500
-1.000000
-2.312500
-3.625000
-4.250000
-4.812500
-5.000000
-4.937500
-4.312500
-3.687500
-3.000000
-2.062500
-1.687500
-1.375000
-1.062500
-1.000000
-0.625000
-0.187500
1.062500
1.687500
2.187500
1.625000
1.375000
1.937500
3.062500
3.187500
2.937500
3.187500
3.750000
4.625000
5.812500
6.812500
6.625000
6.562500
5.812500
5.437500
4.937500
4.625000
3.812500
3.062500
1.750000
0.437500
-0.687500
-1.500000
-1.375000
-1.062500
-0.625000
-0.875000
-1.687500
-1.812500
-1.187500
0.125000
1.187500
1.875000
2.312500
2.562500
2.625000
2.437500
2.062500
0.875000
0.312500
-0.437500
-1.562500
-2.562500
-2.937500
-3.562500
-4.000000
-3.750000
-3.812500
-3.437500
-2.562500
-1.187500
0.250000
0.875000
0.687500
-0.062500
-0.250000
-0.687500
-0.562500
-0.125000
0.562500
1.187500
2.625000
3.062500
3.750000
4.187500
5.500000
7.125000
8.375000
9.312500
10.375000
11.187500
12.125000
12.375000
12.000000
10.937500
9.562500
7.812500
6.250000
4.437500
2.875000
1.687500
0.875000
0.687500
0.812500
0.500000
-0.187500
-0.937500
-1.437500
-2.187500
-3.250000
-3.937500
-4.625000
-5.250000
-5.375000
-4.500000
-3.312500
-1.937500
0.000000
1.250000
2.312500
3.562500
4.500000
5.500000
6.375000
6.875000
7.312500
7.687500
8.562500
9.187500
10.500000
11.250000
11.437500
11.500000
11.437500
10.812500
9.937500
9.687500
10.250000
11.437500
12.312500
12.687500
12.062500
10.875000
9.437500
8.437500
6.875000
4.750000
2.437500
0.687500
0.000000
-0.187500
-0.062500
0.375000
1.125000
1.687500
1.812500
2.062500
1.437500
1.187500
0.187500
0.125000
-0.250000
-0.187500
-0.375000
-0.562500
-1.000000
-1.312500
-1.750000
-2.125000
-2.687500
-2.875000
-3.125000
-3.375000
-3.125000
-3.125000
-2.750000
-2.625000
-2.187500
-2.687500
-2.437500
-2.625000
-2.375000
-1.687500
-1.437500
-1.000000
-1.312500
-1.062500
-1.062500
-1.187500
-1.437500
-1.687500
-1.312500
-1.437500
-1.250000
-0.687500
-0.250000
0.250000
0.937500
2.062500
2.812500
3.375000
3.562500
4.000000
4.187500
4.000000
3.437500
3.250000
2.750000
1.875000
1.375000
0.750000
-0.375000
-1.187500
-1.937500
-2.875000
-3.125000
-3.125000
-3.437500
-3.562500
-4.187500
-4.500000
-5.062500
-5.375000
-5.062500
-5.125000
-4.875000
-4.437500
-3.250000
-1.937500
-0.437500
1.187500
2.375000
2.937500
3.062500
2.937500
2.625000
1.812500
1.062500
-0.062500
-1.062500
-1.875000
-2.250000
-2.687500
-2.812500
-2.750000
-2.687500
-2.500000
-2.312500
-2.812500
-3.687500
-4.187500
-4.437500
-5.062500
-4.937500
-5.000000
-5.125000
-5.875000
-6.562500
-6.687500
-5.875000
-5.312500
-4.812500
-4.250000
-3.500000
-3.062500
-2.375000
-2.000000
-1.750000
-1.812500
-2.125000
-2.750000
-2.812500
-2.500000
-2.375000
-1.875000
-1.437500
-1.500000
-1.062500
-0.812500
-1.000000
-0.937500
-0.687500
-0.375000
0.625000
1.812500
2.625000
3.125000
3.500000
4.062500
4.875000
5.312500
5.312500
5.125000
3.875000
2.937500
1.250000
-0.062500
-0.312500
-0.437500
0.312500
1.250000
1.937500
2.625000
3.000000
2.375000
1.750000
1.312500
1.062500
0.625000
1.125000
2.375000
4.000000
3.750000
3.750000
3.312500
3.250000
2.812500
2.312500
1.187500
-0.250000
-1.687500
-2.875000
-3.437500
-4.125000
-4.375000
-4.312500
-4.500000
-4.250000
-3.500000
-2.625000
-1.375000
-0.187500
0.937500
2.250000
3.562500
4.687500
5.437500
5.812500
6.250000
6.437500
6.875000
6.437500
6.812500
7.125000
7.812500
8.875000
10.437500
12.625000
14.750000
16.625000
18.500000
20.375000
21.312500
21.812500
20.312500
17.437500
14.125000
10.750000
7.812500
5.125000
2.562500
2.687500
10.000000
1.250000
-5.062500
-7.437500
-8.187500
-6.437500
-6.687500
-10.687500
-15.437500
-16.625000
-14.812500
-15.937500
-14.187500
-10.187500
-12.187500
-11.375000
-7.187500
-6.000000
-10.375000
-10.625000
-7.437500
-4.437500
-3.187500
-2.687500
-1.250000
0.562500
1.875000
2.375000
1.125000
-1.062500
-3.625000
-6.500000
-8.562500
-10.625000
-11.812500
-12.750000
-13.687500
-13.500000
-12.562500
-10.750000
-9.500000
-9.187500
-9.312500
-7.562500
-5.812500
-2.000000
-0.750000
1.562500
2.562500
3.312500
3.437500
4.000000
5.000000
5.812500
7.062500
8.625000
11.250000
12.625000
13.625000
13.250000
14.937500
14.500000
13.562500
13.437500
13.125000
13.437500
13.250000
14.312500
15.000000
16.375000
15.937500
18.187500
17.375000
15.750000
17.562500
17.437500
21.875000
21.625000
21.937500
24.562500
27.937500
31.062500
34.500000
37.500000
36.750000
36.500000
35.375000
34.312500
33.812500
33.000000
34.312500
34.125000
32.625000
29.625000
26.000000
23.375000
20.812500
23.625000
22.750000
21.062500
18.562500
15.812500
14.062500
12.625000
10.500000
7.812500
3.312500
-1.062500
-4.000000
-3.937500
-1.437500
3.687500
9.000000
12.500000
15.500000
18.312500
20.500000
21.937500
22.562500
24.750000
25.625000
27.062500
27.000000
25.750000
23.750000
22.375000
20.000000
17.875000
14.000000
8.062500
0.562500
-6.312500
-9.000000
-12.000000
-16.875000
-19.875000
-19.000000
-18.687500
-18.687500
-20.437500
-22.937500
-24.937500
-25.500000
-26.312500
-26.187500
-24.937500
-23.937500
-21.812500
-18.250000
-12.875000
-8.875000
-5.312500
-2.562500
-1.312500
-2.000000
-3.812500
-4.125000
-4.500000
-7.125000
-11.437500
-15.562500
-19.312500
-22.312500
-24.250000
-27.687500
-31.625000
-34.000000
-35.062500
-37.250000
-37.875000
-38.000000
-38.187500
-38.187500
-36.500000
-32.250000
-26.312500
-20.562500
-16.125000
-13.250000
-12.750000
-12.937500
-14.437500
-15.500000
-17.937500
-22.125000
-25.250000
-28.937500
-32.625000
-35.375000
-36.750000
-41.125000
-41.875000
-40.562500
-36.562500
-32.312500
-26.375000
-20.437500
-13.250000
-5.875000
2.000000
7.937500
15.062500
21.687500
25.375000
28.000000
28.625000
27.750000
26.312500
26.812500
28.812500
30.750000
31.812500
33.000000
32.937500
31.625000
30.625000
29.812500
30.000000
30.375000
32.125000
33.312500
34.250000
37.375000
39.312500
40.812500
44.750000
48.687500
52.250000
56.375000
60.250000
64.625000
69.562500
72.437500
71.375000
70.187500
71.625000
71.562500
70.625000
70.312500
70.062500
67.750000
63.875000
59.375000
55.125000
50.312500
43.250000
36.312500
29.312500
23.812500
18.750000
13.625000
10.500000
11.750000
16.375000
22.437500
29.062500
35.187500
40.875000
43.437500
43.687500
42.625000
39.312500
35.125000
31.437500
29.250000
28.875000
30.000000
31.937500
33.375000
35.875000
37.312500
37.500000
37.312500
35.875000
33.437500
29.875000
26.625000
23.125000
20.937500
19.500000
18.937500
19.375000
21.250000
23.062500
25.125000
27.000000
28.812500
28.750000
23.812500
20.562500
19.875000
18.562500
18.687500
22.062500
26.187500
28.812500
30.562500
31.250000
30.250000
27.000000
23.687500
22.437500
22.062500
25.187500
30.000000
36.125000
42.062500
46.562500
50.687500
53.687500
55.687500
55.500000
54.187500
51.750000
49.187500
44.437500
40.625000
36.437500
31.500000
27.437500
24.250000
22.562500
20.250000
19.125000
18.500000
16.500000
15.437500
13.875000
14.375000
17.375000
20.062500
23.312500
25.062500
25.937500
26.187500
25.875000
24.312500
23.437500
23.000000
23.437500
22.687500
21.437500
19.437500
17.437500
16.062500
14.875000
13.125000
10.875000
9.875000
9.625000
9.500000
8.937500
8.437500
7.000000
4.750000
1.937500
0.000000
-0.687500
-0.437500
0.250000
0.125000
-0.250000
-0.625000
-0.750000
-1.000000
-1.312500
-2.187500
-4.687500
-7.437500
-10.250000
-12.375000
-14.000000
-15.500000
-15.187500
-13.625000
-11.312500
-9.875000
-9.375000
-9.250000
-9.812500
-10.812500
-12.000000
-13.125000
-13.000000
-12.062500
-10.937500
-8.500000
-6.312500
-4.875000
-4.562500
-5.375000
-5.750000
-5.250000
-3.812500
-2.312500
-0.187500
1.062500
2.125000
2.375000
1.500000
0.625000
-0.750000
-2.375000
-5.437500
-8.437500
-10.375000
-11.000000
-10.375000
-10.062500
-10.000000
-10.562500
-9.875000
-9.312500
-8.625000
-8.000000
-6.812500
-5.750000
-5.062500
-3.687500
-2.562500
-1.187500
-1.187500
-1.437500
-2.312500
-2.875000
-2.750000
-2.187500
-1.812500
-0.875000
-0.562500
0.062500
0.500000
1.250000
2.312500
2.437500
1.125000
-0.812500
-3.562500
-5.437500
-7.625000
-8.937500
-9.375000
-9.625000
-9.062500
-8.437500
-6.125000
-4.625000
-2.812500
-2.187500
-1.562500
-2.125000
-3.062500
-3.187500
-2.250000
-2.187500
-3.312500
-5.250000
-7.000000
-7.812500
-8.125000
-7.562500
-6.875000
-6.812500
-6.937500
-6.687500
-5.937500
-5.562500
-4.812500
-4.437500
-4.062500
-3.687500
-3.187500
-2.500000
-1.812500
-1.312500
-0.375000
-0.312500
-0.625000
-0.750000
-1.312500
-1.937500
-2.437500
-2.312500
-2.000000
-1.625000
-0.062500
0.687500
1.062500
1.375000
1.500000
2.437500
2.812500
2.000000
0.687500
-1.187500
-2.437500
-3.000000
-3.062500
-2.500000
-2.375000
-2.562500
-2.687500
-3.187500
-3.750000
-3.812500
-3.562500
-3.875000
-3.937500
-4.750000
-5.125000
-5.000000
-4.000000
-3.375000
-3.062500
-2.687500
-2.437500
-2.812500
-2.687500
-2.062500
-2.375000
-3.750000
-5.812500
-8.000000
-9.187500
-9.500000
-8.750000
-7.375000
-5.875000
-4.562500
-3.500000
-1.937500
-0.812500
0.062500
0.125000
0.187500
0.000000
-0.375000
0.000000
0.312500
1.125000
1.812500
3.187500
3.812500
3.875000
3.562500
2.937500
2.187500
1.750000
0.750000
-0.500000
-2.062500
-3.875000
-4.375000
-4.625000
-5.062500
-5.437500
-4.937500
-4.750000
-5.000000
-4.812500
-4.562500
-4.312500
-3.562500
-2.625000
-2.062500
-0.687500
-0.187500
0.187500
0.125000
-0.062500
-0.375000
-0.375000
-0.500000
-0.125000
0.000000
0.250000
0.125000
-0.625000
-1.312500
-1.625000
-2.437500
-3.000000
-3.312500
-3.812500
-4.250000
-4.687500
-5.250000
-5.062500
-4.625000
-3.500000
-3.250000
-3.625000
-3.937500
-4.375000
-4.437500
-4.062500
-3.750000
-3.312500
-2.687500
-2.500000
-2.187500
-1.750000
-1.250000
-1.500000
-2.312500
-2.875000
-2.875000
-3.062500
-2.812500
-2.375000
-2.062500
-2.250000
-1.687500
-0.937500
-0.187500
0.375000
0.250000
-0.500000
-2.687500
-4.750000
-6.250000
-7.437500
-7.500000
-7.750000
-7.687500
-8.812500
-9.687500
-10.312500
-9.875000
-7.812500
-5.687500
-3.937500
-3.250000
-2.125000
-0.500000
-0.187500
0.375000
0.687500
0.812500
0.125000
-1.437500
-3.375000
-5.187500
-6.250000
-7.687500
-7.937500
-8.000000
-7.562500
-6.625000
-5.437500
-4.000000
-2.125000
-0.375000
0.437500
1.562500
3.125000
4.375000
5.375000
6.187500
6.875000
6.875000
6.562500
5.937500
5.250000
4.687500
4.250000
4.125000
4.125000
4.312500
4.875000
4.437500
3.625000
2.812500
1.875000
1.125000
0.562500
0.625000
0.312500
0.000000
-1.375000
-2.625000
-3.125000
-3.812500
-4.437500
-4.875000
-5.750000
-6.937500
-8.125000
-8.937500
-9.250000
-9.687500
-10.125000
-10.875000
-11.687500
-12.687500
-13.250000
-14.875000
-15.812500
-16.000000
-14.875000
-13.062500
-13.125000
-15.375000
-16.562500
-17.187500
-17.687500
-17.375000
-15.937500
-14.125000
-12.812500
-12.250000
-12.125000
-11.312500
-11.437500
-12.187500
-13.062500
-14.000000
-14.750000
-15.562500
-16.625000
-17.250000
-17.312500
-16.250000
-14.312500
-12.000000
-9.875000
-8.312500
-7.250000
-6.687500
-6.875000
-8.000000
-9.625000
-11.250000
-13.312500
-5.562500
-10.750000
-20.375000
-27.562500
-31.000000
-32.812500
-31.875000
-30.375000
-30.250000
-30.187500
-31.250000
-32.812500
-33.375000
-33.812500
-33.562500
-31.812500
-31.250000
-30.187500
-29.750000
-31.375000
-33.625000
-35.500000
-37.437500
-40.500000
-41.625000
-42.000000
-41.687500
-41.125000
-40.562500
-40.500000
-39.562500
-37.062500
-34.375000
-33.812500
-33.812500
-33.750000
-33.312500
-31.687500
-29.625000
-26.500000
-23.375000
-18.312500
-13.000000
-8.937500
-5.875000
-1.187500
2.062500
3.062500
2.375000
1.562500
-0.562500
-3.687500
-4.812500
-4.125000
-4.375000
-7.125000
-9.062500
-8.250000
-4.812500
1.250000
3.937500
4.812500
4.812500
5.312500
7.375000
10.687500
13.875000
16.000000
17.812500
18.937500
19.500000
18.000000
16.062500
15.937500
16.875000
19.187500
21.812500
23.562500
24.375000
23.125000
20.937500
18.312500
15.437500
11.812500
8.000000
7.687500
7.750000
4.000000
-0.687500
-5.687500
-8.250000
-8.000000
-7.125000
-7.437500
-8.375000
-10.875000
-12.750000
-14.562500
-16.000000
-17.375000
-19.625000
-22.750000
-24.312500
-21.312500
-18.750000
-18.812500
-18.312500
-18.125000
-18.687500
-19.062500
-16.937500
-14.812500
-12.625000
-10.625000
-8.750000
-6.000000
-2.625000
1.062500
4.000000
6.625000
9.250000
11.875000
14.125000
15.750000
17.062500
16.875000
17.687500
20.125000
19.000000
17.125000
16.875000
16.187500
12.500000
8.687500
5.562500
3.187500
1.812500
1.250000
0.812500
1.625000
2.187500
3.312500
3.750000
3.937500
3.937500
4.000000
4.312500
4.937500
5.562500
6.812500
8.000000
8.125000
7.750000
7.312500
6.750000
6.125000
5.625000
4.562500
3.875000
3.562500
3.125000
2.875000
1.875000
1.125000
-0.562500
-2.062500
-3.312500
-4.125000
-4.250000
-3.625000
-3.250000
-2.437500
-1.937500
-1.812500
-2.437500
-2.687500
-3.312500
-4.000000
-5.187500
-6.562500
-7.437500
-7.812500
-8.500000
-9.250000
-10.625000
-11.562500
-13.062500
-13.125000
-13.312500
-13.250000
-12.500000
-12.062500
-11.000000
-9.750000
-8.437500
-6.625000
-4.750000
-2.812500
-1.312500
-0.062500
0.000000
0.312500
0.687500
0.125000
0.125000
0.125000
0.312500
0.375000
-0.062500
0.000000
0.500000
0.375000
0.875000
0.875000
1.187500
1.937500
2.500000
4.625000
5.750000
6.312500
6.875000
7.500000
7.437500
7.750000
7.500000
7.000000
6.250000
5.250000
4.000000
3.062500
2.125000
0.937500
-0.062500
-1.125000
-1.937500
-2.625000
-2.937500
-2.562500
-2.250000
-1.562500
-0.687500
0.437500
1.125000
1.937500
2.937500
3.750000
4.062500
4.625000
4.625000
4.562500
5.187500
5.250000
5.250000
4.812500
4.125000
3.812500
3.500000
3.375000
3.437500
3.000000
2.500000
1.750000
1.125000
0.500000
0.000000
-0.187500
-0.125000
-0.500000
-0.812500
-0.562500
-0.437500
-0.375000
0.187500
0.187500
0.437500
0.250000
0.625000
0.937500
0.625000
0.375000
0.625000
1.437500
1.562500
1.812500
2.250000
3.312500
3.937500
4.562500
4.937500
4.750000
5.000000
4.875000
4.437500
3.687500
3.000000
2.187500
1.625000
1.062500
0.187500
-0.375000
-0.750000
-1.250000
-2.062500
-2.000000
-2.062500
-2.125000
-2.500000
-2.375000
-1.875000
-1.687500
-1.375000
-1.812500
-2.250000
-2.562500
-2.375000
-1.937500
-1.687500
-1.000000
-0.750000
-0.250000
0.375000
0.437500
0.375000
0.687500
0.937500
1.375000
1.687500
1.937500
1.750000
2.125000
2.062500
1.937500
1.875000
1.812500
1.812500
1.875000
1.500000
1.250000
0.812500
0.187500
-0.437500
-1.312500
-1.937500
-2.500000
-2.500000
-2.375000
-2.000000
-1.625000
-1.125000
-0.500000
0.812500
1.750000
2.375000
3.000000
3.250000
3.562500
4.062500
4.562500
4.625000
5.125000
5.312500
5.750000
5.750000
5.937500
5.812500
5.687500
4.937500
4.187500
3.125000
2.687500
2.250000
2.250000
1.687500
1.250000
0.437500
-0.062500
-0.937500
-1.750000
-2.562500
-3.250000
-4.250000
-5.000000
-5.937500
-6.312500
-6.687500
-6.875000
-7.062500
-7.250000
-6.750000
-6.125000
-5.437500
-5.000000
-4.812500
-4.500000
-4.000000
-3.000000
-2.500000
-2.000000
-2.187500
-2.062500
-2.312500
-2.500000
-2.562500
-2.375000
-2.375000
-2.562500
-2.687500
-2.687500
-2.625000
-2.562500
-2.375000
-2.437500
-2.000000
-1.937500
-1.750000
-1.687500
-1.750000
-1.875000
-1.812500
-1.312500
-1.187500
-0.937500
-1.250000
-0.750000
-0.562500
-0.437500
0.250000
0.812500
1.125000
1.375000
0.937500
0.875000
0.625000
0.437500
0.125000
-0.437500
-0.375000
-0.562500
-0.500000
-0.625000
-0.312500
-0.062500
0.000000
0.312500
0.500000
0.750000
0.875000
0.625000
0.562500
0.562500
0.500000
0.375000
0.375000
0.000000
0.000000
-0.062500
-0.187500
0.000000
-0.187500
-0.562500
-0.500000
-0.937500
-0.750000
-1.000000
-0.937500
-0.875000
-1.687500
-2.312500
-2.687500
-2.312500
-1.937500
-1.812500
-1.875000
-1.875000
-1.625000
-1.500000
-1.437500
-1.312500
-0.687500
0.000000
0.687500
1.437500
1.562500
1.687500
1.562500
1.125000
0.812500
0.500000
0.625000
0.625000
0.500000
0.562500
0.500000
0.500000
1.000000
1.750000
2.500000
2.500000
2.500000
3.312500
3.500000
4.312500
3.750000
3.125000
2.812500
1.750000
1.125000
-0.437500
-1.750000
-2.437500
-3.500000
-4.625000
-5.875000
-6.687500
-6.875000
-6.875000
-6.812500
-6.125000
-5.687500
-5.312500
-5.312500
-4.437500
-3.750000
-2.375000
-1.812500
-1.437500
-0.562500
0.812500
1.875000
2.937500
3.375000
3.250000
3.000000
3.500000
4.312500
5.062500
6.312500
7.562500
9.250000
11.250000
13.250000
15.062500
17.437500
19.937500
22.375000
24.875000
26.000000
28.375000
31.250000
33.750000
36.062500
39.250000
41.125000
42.875000
44.250000
45.312500
45.750000
45.937500
45.937500
45.687500
46.125000
47.375000
49.812500
52.687500
55.812500
59.125000
62.437500
66.000000
68.687500
71.250000
73.937500
76.500000
77.062500
75.437500
74.562500
79.625000
80.750000
87.875000
79.562500
80.875000
81.437500
84.000000
86.375000
89.062500
92.062500
96.437500
101.437500
110.187500
113.500000
114.062500
113.812500
112.687500
115.500000
117.437500
118.125000
118.250000
115.062500
112.250000
108.375000
104.312500
102.437500
102.250000
102.125000
102.437500
101.875000
101.312500
103.250000
102.562500
101.875000
104.875000
105.250000
106.625000
109.375000
113.812500
115.500000
117.687500
120.562500
122.000000
121.125000
119.875000
120.375000
118.687500
117.500000
114.437500
110.875000
106.812500
113.875000
112.875000
114.562500
118.875000
117.250000
114.875000
112.000000
109.250000
107.187500
106.687500
105.937500
106.625000
104.812500
104.500000
106.000000
106.375000
105.062500
102.812500
103.437500
97.187500
95.562500
95.375000
95.187500
94.312500
93.062500
92.125000
92.312500
94.000000
95.437500
97.062500
98.187500
98.937500
100.437500
102.000000
104.812500
107.625000
110.937500
114.437500
116.437500
117.687500
119.812500
119.750000
121.875000
124.187500
126.500000
128.312500
128.937500
130.437500
132.000000
136.812500
141.625000
142.687500
142.125000
142.625000
143.875000
144.062500
145.250000
145.437500
144.500000
145.687500
146.875000
149.750000
151.812500
148.937500
145.125000
141.000000
136.312500
132.625000
129.125000
126.687500
123.812500
122.687500
122.875000
122.500000
121.812500
120.125000
119.750000
117.812500
117.875000
116.875000
119.000000
123.937500
127.562500
129.687500
133.500000
135.000000
137.437500
135.500000
137.125000
135.812500
135.500000
135.125000
139.750000
141.750000
147.000000
144.750000
143.375000
144.750000
145.062500
143.812500
145.062500
139.687500
134.375000
130.000000
124.750000
119.812500
116.187500
116.562500
117.687500
112.125000
110.125000
106.937500
103.437500
100.812500
96.500000
92.375000
85.375000
79.375000
71.062500
62.187500
61.750000
63.000000
61.312500
58.437500
55.312500
53.187500
51.750000
50.625000
51.125000
53.125000
54.625000
55.750000
55.812500
55.250000
55.562500
55.750000
57.875000
59.562500
60.750000
60.062500
58.875000
56.750000
55.250000
52.750000
52.250000
53.375000
54.250000
55.937500
56.625000
57.312500
57.625000
56.312500
53.562500
51.000000
47.750000
43.187500
37.937500
32.875000
27.437500
21.250000
15.375000
10.125000
6.375000
2.937500
0.187500
-2.375000
-5.125000
-6.750000
-8.187500
-9.437500
-10.687500
-12.375000
-13.875000
-15.500000
-16.812500
-17.312500
-17.250000
-16.375000
-15.375000
-13.875000
-12.062500
-10.687500
-9.250000
-7.937500
-7.125000
-6.312500
-5.375000
-4.750000
-4.187500
-4.000000
-3.875000
-3.500000
-3.062500
-3.187500
-3.500000
-4.625000
-5.500000
-6.625000
-7.437500
-8.500000
-10.125000
-11.750000
-12.937500
-13.625000
-14.375000
-15.312500
-16.312500
-17.125000
-17.875000
-18.750000
-19.187500
-18.937500
-19.250000
-18.750000
-17.500000
-16.312500
-15.250000
-13.062500
-11.187500
-8.687500
-6.187500
-4.000000
-2.250000
-1.375000
-0.875000
-0.187500
-0.500000
-2.000000
-4.125000
-6.375000
-8.500000
-9.937500
-11.500000
-12.812500
-13.562500
-13.875000
-14.562500
-14.875000
-15.250000
-14.750000
-13.500000
-11.812500
-10.187500
-8.187500
-6.875000
-5.625000
-4.625000
-4.000000
-3.437500
-3.875000
-4.187500
-4.562500
-5.875000
-7.437500
-8.625000
-9.500000
-10.062500
-10.062500
-9.875000
-9.812500
-10.125000
-10.187500
-10.437500
-10.187500
-10.187500
-9.000000
-7.875000
-6.312500
-4.812500
-3.187500
-2.312500
-1.625000
-1.375000
-0.562500
2.437500
-1.062500
-2.812500
-4.125000
-4.687500
-5.187500
-5.125000
-5.500000
-4.875000
-4.687500
-4.687500
-4.312500
-3.750000
-3.812500
-3.687500
-3.750000
-4.375000
-4.687500
-4.687500
-4.875000
-4.312500
-3.562500
-3.062500
-2.875000
-2.875000
-3.062500
-3.187500
-3.562500
-3.562500
-3.937500
-4.500000
-4.500000
-4.250000
-3.625000
-3.625000
-3.187500
-2.937500
-2.562500
-2.375000
-1.875000
-1.687500
-1.625000
-1.750000
-1.250000
-0.812500
0.000000
0.875000
1.187500
1.687500
2.062500
2.125000
1.625000
1.125000
0.437500
-0.375000
-1.187500
-2.500000
-3.000000
-3.437500
-3.250000
-3.187500
-2.687500
-2.562500
-2.187500
-2.187500
-2.625000
-2.750000
-3.250000
-3.125000
-2.687500
-2.250000
-2.000000
-1.812500
-1.375000
-1.000000
-0.812500
-0.687500
-0.500000
-0.125000
0.312500
0.375000
0.437500
0.562500
0.687500
1.062500
1.312500
1.562500
1.562500
1.187500
1.000000
0.625000
0.875000
1.250000
1.250000
1.312500
1.437500
1.812500
1.875000
2.250000
2.812500
3.437500
3.812500
3.562500
3.000000
2.625000
1.937500
1.500000
0.937500
-0.500000
-2.312500
-3.937500
-5.625000
-7.687500
-8.750000
-9.000000
-9.437500
-9.437500
-8.625000
-7.500000
-5.875000
-4.312500
-2.875000
-1.750000
-1.000000
-1.062500
-1.312500
-1.250000
-1.000000
-0.812500
-0.625000
-0.250000
0.000000
0.125000
0.062500
-1.625000
-3.250000
-4.312500
-3.937500
-3.750000
-2.937500
-2.437500
-2.500000
-3.500000
-4.250000
-5.250000
-5.437500
-6.062500
-6.562500
-6.875000
-7.250000
-6.750000
-6.375000
-5.812500
-5.187500
-4.812500
-4.750000
-4.500000
-3.937500
-3.250000
-2.312500
-1.812500
-1.500000
-1.437500
-1.125000
-1.187500
-1.187500
-1.000000
-1.125000
-1.250000
-2.125000
-3.000000
-4.250000
-5.687500
-7.000000
-8.687500
-9.937500
-10.812500
-11.625000
-12.000000
-11.625000
-11.312500
-10.812500
-10.125000
-9.875000
-9.687500
-9.687500
-9.187500
-8.562500
-8.000000
-7.250000
-7.187500
-6.625000
-6.437500
-5.812500
-5.312500
-4.375000
-3.937500
-3.312500
-3.375000
-3.687500
-3.750000
-4.312500
-3.875000
-3.875000
-3.875000
-3.875000
-4.125000
-4.687500
-5.000000
-5.937500
-6.187500
-6.500000
-6.500000
-6.312500
-6.062500
-6.000000
-6.062500
-6.562500
-7.375000
-8.250000
-10.062500
-12.125000
-14.187500
-15.937500
-15.875000
-16.875000
-18.625000
-20.812500
-22.187500
-25.500000
-28.125000
-32.000000
-34.500000
-35.375000
-37.000000
-38.875000
-42.312500
-47.187500
-54.062500
-62.250000
-72.750000
-84.500000
-94.500000
-103.375000
-110.375000
-115.250000
-119.250000
-123.625000
-126.812500
-132.562500
-139.187500
-146.250000
-153.750000
-154.562500
-149.437500
-143.500000
-135.125000
-121.125000
-111.000000
-102.750000
-97.375000
-94.125000
-95.187500
-95.937500
-99.375000
-105.437500
-110.375000
-112.750000
-113.250000
-111.937500
-111.187500
-110.187500
-106.937500
-104.500000
-103.875000
-104.812500
-104.500000
-103.937500
-102.812500
-101.750000
-101.937500
-102.187500
-102.000000
-101.562500
-100.812500
-100.562500
-100.250000
-99.187500
-97.875000
-98.562500
-98.437500
-98.937500
-99.937500
-102.125000
-104.187500
-107.375000
-110.062500
-111.875000
-114.375000
-117.437500
-122.187500
-125.500000
-127.312500
-127.500000
-127.937500
-127.812500
-126.500000
-125.062500
-128.000000
-123.875000
-130.625000
-133.937500
-138.187500
-142.187500
-148.000000
-154.937500
-164.687500
-172.500000
-183.375000
-188.187500
-202.000000
-211.812500
-219.000000
-225.000000
-243.437500
-238.750000
-244.000000
-242.375000
-246.937500
-237.000000
-241.437500
-245.125000
-249.562500
-245.250000
-245.437500
-246.937500
-247.687500
-255.312500
-250.250000
-239.437500
-236.250000
-237.500000
-247.687500
-240.875000
-245.750000
-256.062500
-253.500000
-240.062500
-242.250000
-248.000000
-242.875000
-239.625000
-235.187500
-232.500000
-226.125000
-225.812500
-231.250000
-229.312500
-224.500000
-219.125000
-218.125000
-219.687500
-220.312500
-217.125000
-214.000000
-215.687500
-226.437500
-235.375000
-241.250000
-232.562500
-219.562500
-214.937500
-209.437500
-204.437500
-203.687500
-200.687500
-181.375000
-174.125000
-171.187500
-177.562500
-178.250000
-183.750000
-186.562500
-195.000000
-199.937500
-200.000000
-202.312500
-202.562500
-204.437500
-207.125000
-202.750000
-203.437500
-208.500000
-204.625000
-199.000000
-199.875000
-199.937500
-202.062500
-201.562500
-200.875000
-202.062500
-202.062500
-204.250000
-204.250000
-207.937500
-215.187500
-216.812500
-221.687500
-224.375000
-231.187500
-234.875000
-240.812500
-242.562500
-242.562500
-239.500000
-240.500000
-236.312500
-233.187500
-226.875000
-224.187500
-224.562500
-223.500000
-221.000000
-217.250000
-214.875000
-210.687500
-206.625000
-202.187500
-197.437500
-195.312500
-195.875000
-199.562500
-200.000000
-196.687500
-197.250000
-196.562500
-198.187500
-200.750000
-203.375000
-200.750000
-199.125000
-198.625000
-197.375000
-196.500000
-193.312500
-193.312500
-189.062500
-183.062500
-180.187500
-175.437500
-171.750000
-167.250000
-161.625000
-156.187500
-155.062500
-147.500000
-144.062500
-141.125000
-137.750000
-133.937500
-131.437500
-128.625000
-126.500000
-125.625000
-125.875000
-124.500000
-124.812500
-124.375000
-125.812500
-126.625000
-127.125000
-127.875000
-129.312500
-129.062500
-126.625000
-125.437500
-123.250000
-120.750000
-114.875000
-109.687500
-106.312500
-103.437500
-100.625000
-100.062500
-97.937500
-96.062500
-95.687500
-93.437500
-92.000000
-90.937500
-89.625000
-88.187500
-88.000000
-86.687500
-85.875000
-86.062500
-86.250000
-86.625000
-87.500000
-87.312500
-88.687500
-89.062500
-89.062500
-88.562500
-87.562500
-85.937500
-84.312500
-82.812500
-80.875000
-78.812500
-78.562500
-76.437500
-74.937500
-73.562500
-72.750000
-71.937500
-69.500000
-67.312500
-64.312500
-60.562500
-56.812500
-54.000000
-50.062500
-46.312500
-41.937500
-38.062500
-35.250000
-32.000000
-30.000000
-28.437500
-26.687500
-28.062500
-27.625000
-28.125000
-25.437500
-23.687500
-22.812500
-21.937500
-21.250000
-21.000000
-20.500000
-20.000000
-18.625000
-17.125000
-15.500000
-13.875000
-11.437500
-9.437500
-7.937500
-6.437500
-5.187500
-4.000000
-3.187500
-2.000000
-0.750000
0.562500
1.125000
1.437500
1.750000
2.125000
2.125000
2.125000
2.062500
2.312500
2.687500
2.562500
2.750000
2.750000
2.812500
2.875000
3.062500
2.937500
2.562500
2.312500
1.562500
0.750000
-0.062500
-0.500000
-0.937500
-1.062500
-0.625000
-0.062500
0.625000
1.562500
1.937500
2.187500
2.625000
3.312500
3.562500
4.312500
5.000000
5.750000
5.687500
6.062500
6.500000
6.687500
7.375000
7.750000
8.062500
8.250000
8.125000
8.000000
7.500000
6.437500
5.312500
4.375000
3.687500
3.687500
3.375000
3.000000
3.125000
3.687500
4.375000
5.250000
5.875000
7.062500
7.812500
8.937500
10.000000
10.500000
10.562500
10.312500
10.437500
10.562500
10.687500
10.625000
11.000000
11.375000
11.937500
12.687500
13.187500
13.812500
13.812500
14.437500
14.562500
15.062500
15.187500
16.750000
17.750000
18.625000
19.937500
21.250000
21.500000
21.750000
22.250000
22.312500
22.562500
22.312500
22.437500
22.125000
21.562500
20.750000
19.875000
18.812500
17.562500
16.625000
15.375000
14.375000
13.375000
12.000000
10.562500
9.125000
8.000000
7.000000
5.562500
4.875000
2.750000
1.187500
-0.250000
-1.562500
-2.562500
-3.562500
-4.062500
-4.312500
-4.250000
-3.750000
-3.625000
-3.687500
-3.687500
-3.312500
-3.125000
-2.625000
-2.312500
-1.812500
-1.125000
-0.500000
0.000000
0.562500
0.812500
1.312500
1.562500
2.000000
2.062500
2.062500
2.000000
1.750000
0.875000
0.250000
-0.562500
-1.125000
-1.812500
-2.125000
-2.500000
-2.125000
-1.812500
-1.375000
-0.875000
-0.625000
-0.250000
0.500000
0.562500
1.187500
1.312500
1.687500
2.187500
2.562500
2.625000
2.250000
2.062500
1.500000
1.187500
0.375000
0.437500
0.375000
0.000000
-0.562500
-0.937500
-2.000000
-2.375000
-2.812500
-2.937500
-3.000000
-3.000000
-2.187500
-1.500000
-0.375000
0.687500
2.000000
3.875000
5.437500
7.250000
8.437500
9.750000
10.750000
11.437500
11.750000
12.125000
12.375000
12.375000
12.375000
12.312500
12.312500
12.312500
12.750000
12.437500
12.375000
11.812500
11.000000
10.000000
8.750000
7.875000
7.187500
6.437500
5.125000
4.250000
3.250000
2.562500
2.000000
1.875000
1.562500
2.125000
2.250000
2.812500
3.125000
3.125000
3.312500
3.562500
3.125000
3.437500
3.000000
2.562500
2.375000
1.625000
1.500000
1.125000
0.625000
0.312500
-0.062500
-0.562500
-1.062500
-1.437500
-2.375000
-3.187500
-4.062500
-4.562500
-5.375000
-5.625000
-6.312500
-6.937500
-7.437500
-8.125000
-8.187500
-8.375000
-8.062500
-6.812500
-6.250000
-5.312500
-4.562500
-3.562500
-2.687500
-1.937500
-0.875000
0.125000
0.750000
1.437500
2.562500
3.125000
3.687500
3.875000
4.375000
4.437500
4.687500
4.375000
4.250000
4.062500
3.500000
3.125000
2.562500
2.000000
1.625000
0.875000
0.125000
-0.750000
-1.125000
-1.687500
-2.125000
-2.437500
-2.437500
-3.062500
-3.250000
-3.187500
-3.187500
-3.062500
-2.687500
-2.250000
-1.562500
-1.312500
-1.187500
-0.437500
-0.187500
-0.125000
0.375000
0.312500
0.562500
1.125000
1.812500
2.375000
3.562500
4.375000
5.625000
6.875000
7.562500
8.500000
9.937500
10.812500
11.375000
12.187500
12.875000
13.062500
13.500000
13.937500
14.000000
14.000000
13.500000
13.187500
13.062500
12.437500
12.187500
11.250000
10.625000
9.625000
9.250000
8.875000
7.937500
6.687500
5.500000
4.062500
2.875000
1.562500
0.375000
-0.625000
-1.625000
-2.437500
-2.687500
-2.687500
-1.937500
-1.187500
-0.312500
0.812500
1.875000
2.812500
4.312500
4.937500
6.312500
7.687500
8.687500
10.687500
12.250000
13.500000
15.437500
17.000000
18.437500
20.000000
21.312500
22.437500
24.125000
25.250000
26.812500
27.562500
29.812500
31.062500
33.062500
34.375000
37.125000
39.437500
42.250000
45.187500
49.062500
54.125000
59.562500
65.812500
72.437500
79.250000
86.750000
98.375000
107.812500
119.437500
130.250000
137.875000
143.750000
150.562500
154.250000
159.000000
154.187500
156.437500
161.625000
167.125000
167.000000
172.500000
169.000000
174.187500
178.312500
180.187500
180.937500
187.125000
185.437500
189.437500
190.375000
193.125000
191.500000
190.750000
187.187500
182.750000
180.125000
175.062500
170.562500
164.312500
161.375000
156.312500
149.062500
140.250000
132.875000
129.875000
128.625000
122.375000
119.437500
117.875000
114.062500
112.250000
108.687500
108.000000
105.750000
106.750000
107.125000
105.437500
106.375000
110.625000
110.937500
111.125000
112.437500
113.937500
115.000000
115.437500
113.250000
111.687500
109.750000
108.875000
106.562500
105.000000
104.062500
102.562500
102.812500
101.687500
101.750000
102.937500
104.500000
105.375000
107.312500
107.750000
108.437500
109.187500
109.437500
109.750000
109.437500
109.875000
109.062500
107.125000
110.437500
112.312500
112.687500
115.062500
118.437500
121.375000
124.000000
125.062500
125.750000
126.687500
127.687500
128.562500
130.312500
129.937500
130.750000
128.500000
126.750000
123.500000
120.062500
115.750000
112.187500
111.437500
109.812500
107.750000
105.000000
103.062500
100.875000
99.000000
98.500000
97.812500
98.000000
97.750000
97.750000
97.062500
96.500000
94.437500
90.687500
87.875000
84.875000
83.375000
81.500000
81.062500
81.375000
80.875000
80.937500
80.625000
79.062500
79.750000
80.625000
80.437500
78.937500
78.437500
77.750000
77.250000
77.125000
76.812500
76.750000
76.125000
74.437500
73.500000
71.812500
69.062500
64.812500
58.875000
51.812500
46.625000
42.187500
39.187500
37.125000
35.937500
35.687500
34.812500
35.500000
36.937500
38.687500
41.062500
44.187500
46.750000
50.437500
54.312500
58.312500
61.000000
63.187500
65.250000
67.500000
69.375000
71.500000
73.187500
74.625000
75.812500
76.937500
78.562500
79.062500
79.687500
79.125000
78.312500
77.687500
76.062500
74.125000
72.562500
70.812500
69.625000
67.687500
66.937500
65.750000
65.250000
64.375000
64.000000
63.937500
63.750000
63.750000
62.875000
62.125000
60.750000
59.000000
57.062500
55.750000
55.062500
54.250000
53.000000
51.812500
49.937500
48.562500
46.937500
45.687500
44.312500
42.812500
40.750000
38.500000
36.125000
33.125000
30.500000
27.875000
25.750000
24.062500
21.500000
19.062500
16.750000
14.500000
12.125000
10.062500
7.625000
5.500000
3.375000
1.625000
0.000000
-1.625000
-2.437500
-2.687500
-2.437500
-1.812500
-0.687500
0.500000
1.500000
2.562500
3.000000
3.187500
3.125000
2.500000
1.875000
0.812500
0.000000
-5.062500
-1.187500
-0.875000
0.625000
1.750000
3.375000
4.375000
5.312500
6.562500
7.375000
7.875000
7.375000
6.437500
5.250000
3.562500
2.250000
0.500000
-0.250000
-2.062500
-3.625000
-5.000000
-5.687500
-6.500000
-7.062500
-6.812500
-6.687500
-6.312500
-5.687500
-5.187500
-4.625000
-3.312500
-2.500000
-1.562500
-0.437500
0.375000
1.312500
2.250000
3.250000
3.625000
4.062500
3.937500
3.937500
3.687500
3.937500
4.000000
3.812500
3.875000
3.375000
2.500000
1.562500
0.687500
0.000000
-0.562500
-1.125000
-1.312500
-1.375000
-1.625000
-2.000000
-2.062500
-1.750000
-1.875000
-1.437500
-0.562500
1.125000
2.875000
4.812500
6.687500
8.625000
10.437500
12.312500
14.062500
15.687500
16.687500
16.937500
16.625000
16.125000
15.500000
15.187500
14.687500
13.875000
13.187500
12.562500
11.750000
11.375000
9.750000
8.937500
7.187500
5.250000
3.250000
3.250000
3.875000
3.750000
-1.062500
-1.687500
-1.187500
-0.187500
0.125000
0.000000
-0.312500
0.000000
0.312500
0.750000
1.250000
1.937500
2.187500
2.687500
3.062500
3.062500
2.687500
1.937500
1.125000
0.062500
-0.625000
-1.312500
-2.125000
-3.000000
-3.812500
-4.437500
-5.562500
-7.062500
-8.000000
-8.437500
-8.812500
-9.125000
-9.000000
-8.437500
-7.750000
-7.000000
-6.000000
-5.000000
-4.062500
-4.312500
-4.062500
-3.687500
-3.937500
-4.250000
-4.437500
-4.562500
-4.312500
-3.562500
-5.000000
-6.437500
-6.875000
-6.187500
-5.562500
-5.000000
-3.625000
-2.250000
-0.687500
0.437500
1.375000
2.000000
2.187500
2.875000
2.625000
2.750000
2.687500
2.687500
2.687500
2.562500
2.875000
3.187500
3.812500
4.062500
4.250000
4.375000
3.562500
3.250000
2.312500
0.937500
0.500000
-0.250000
-1.500000
-2.062500
-2.500000
-2.312500
-2.250000
-2.000000
-1.500000
-0.750000
-0.062500
0.062500
0.062500
0.062500
-0.250000
-0.625000
-1.062500
-1.500000
-1.937500
-2.625000
-3.125000
-3.312500
-3.687500
-3.875000
-4.500000
-4.250000
-4.125000
-4.250000
-4.125000
-3.937500
-3.250000
-3.000000
-2.500000
-2.250000
-2.062500
-1.875000
-1.187500
-0.750000
-0.562500
-0.250000
0.000000
-0.187500
-0.250000
-0.375000
-0.187500
-0.375000
-0.750000
0.000000
-0.437500
-1.750000
-2.937500
-3.500000
-3.312500
-3.250000
-3.000000
-2.187500
-1.687500
-1.812500
-1.750000
-1.500000
-1.312500
-1.375000
-1.000000
-0.562500
-0.125000
0.562500
1.125000
1.625000
1.562500
1.437500
1.187500
1.187500
1.062500
1.000000
2.187500
3.062500
4.312500
5.562500
6.562500
6.812500
7.250000
7.062500
7.125000
6.812500
6.937500
6.625000
6.625000
6.312500
6.500000
6.812500
7.000000
7.562500
8.125000
8.312500
8.437500
8.375000
8.500000
8.500000
8.062500
7.375000
6.687500
5.062500
3.250000
1.875000
0.937500
0.750000
1.125000
1.062500
1.062500
0.437500
0.000000
-0.562500
-1.062500
-1.375000
-1.937500
-2.062500
-1.937500
-1.375000
-0.312500
-0.625000
-1.250000
-1.875000
-1.125000
-0.312500
0.375000
0.750000
1.187500
1.687500
1.937500
2.000000
1.750000
1.375000
0.937500
0.000000
-0.875000
-1.125000
-1.000000
-1.000000
-0.687500
-0.187500
0.375000
1.250000
1.562500
1.687500
1.625000
1.437500
0.937500
0.312500
0.062500
0.375000
0.437500
0.250000
0.500000
0.437500
0.187500
0.375000
0.437500
0.437500
0.062500
0.687500
0.750000
0.562500
0.562500
0.625000
1.687500
2.687500
4.250000
5.875000
6.750000
7.500000
7.812500
8.000000
7.687500
6.687500
6.000000
5.562500
4.812500
4.000000
3.062500
1.187500
-0.250000
-2.562500
-4.000000
-5.062500
-5.875000
-6.250000
-6.687500
-5.937500
-4.687500
-3.500000
-2.187500
-1.625000
-0.312500
2.187500
2.062500
0.875000
0.937500
0.750000
1.687500
2.250000
3.625000
4.687500
5.500000
7.125000
9.500000
11.312500
12.812500
14.187500
14.875000
15.750000
15.750000
15.937500
15.500000
15.250000
15.437500
15.687500
16.562500
17.500000
17.937500
18.000000
16.875000
16.625000
16.500000
16.250000
15.687500
15.000000
14.062500
12.937500
11.687500
10.687500
9.750000
9.062500
8.750000
8.062500
7.937500
7.687500
8.000000
7.875000
6.000000
4.812500
3.750000
3.562500
3.125000
2.437500
0.750000
3.062500
13.312500
2.562500
-1.875000
-7.000000
-9.187500
-10.000000
-12.687500
-15.375000
-19.312500
-21.312500
-22.812500
-24.562500
-25.875000
-27.250000
-21.750000
-22.375000
-20.562500
-21.000000
-19.437500
-18.250000
-17.000000
-14.500000
-11.312500
-9.187500
-7.812500
-7.187500
-5.000000
-1.125000
3.375000
6.500000
9.500000
13.062500
14.250000
16.875000
19.062500
18.750000
15.750000
11.062500
7.000000
3.312500
0.125000
-5.437500
-12.187500
-19.937500
-29.437500
-35.562500
-40.812500
-44.312500
-44.375000
-41.625000
-35.875000
-28.312500
-20.812500
-14.875000
-10.125000
-3.562500
5.687500
17.250000
30.375000
40.312500
47.750000
52.812500
56.125000
56.875000
56.062500
55.062500
51.812500
47.437500
41.437500
33.500000
29.250000
26.937500
23.187500
20.312500
19.937500
25.750000
25.125000
22.312500
19.562500
17.750000
17.250000
18.625000
21.500000
24.125000
27.187500
29.562500
31.437500
33.312500
33.500000
31.687500
31.437500
32.937500
33.812500
33.187500
31.250000
30.250000
28.812500
26.562500
26.000000
22.062500
23.062500
34.437500
43.687500
43.625000
42.562500
42.250000
43.250000
44.812500
46.500000
45.312500
42.250000
38.500000
34.187500
31.187500
27.375000
23.062500
18.812500
15.062500
10.875000
6.875000
2.000000
-2.687500
-7.687500
-12.687500
-15.562500
-14.562500
-10.062500
-7.625000
-4.687500
-1.562500
0.625000
4.062500
6.625000
9.750000
11.750000
14.500000
17.250000
21.250000
24.562500
25.500000
24.750000
24.375000
24.250000
24.812500
25.187500
24.562500
21.437500
17.187500
14.000000
11.000000
6.187500
0.375000
-5.250000
-9.562500
-13.437500
-14.750000
-15.625000
-15.500000
-14.687500
-14.000000
-14.062500
-14.687500
-14.937500
-14.625000
-14.187500
-14.250000
-14.812500
-16.750000
-17.312500
-17.937500
-18.187500
-18.812500
-20.000000
-21.250000
-22.000000
-23.250000
-26.000000
-28.000000
-29.875000
-29.375000
-27.375000
-24.375000
-21.687500
-19.875000
-17.937500
-17.000000
-16.625000
-16.750000
-16.187500
-15.500000
-14.000000
-12.187500
-10.750000
-8.875000
-7.000000
-4.625000
-2.437500
-1.062500
0.187500
0.500000
0.500000
0.187500
-0.812500
-2.062500
-1.562500
-1.500000
-1.812500
-3.062500
-4.062500
-5.375000
-7.437500
-10.312500
-12.750000
-14.187500
-15.812500
-17.375000
-18.625000
-18.437500
-17.437500
-17.375000
-16.750000
-16.187500
-15.625000
-15.375000
-16.937500
-16.687500
-15.250000
-14.437500
-14.125000
-13.937500
-13.562500
-13.500000
-13.500000
-13.562500
-13.437500
-12.687500
-11.625000
-10.687500
-9.500000
-7.687500
-5.375000
-3.312500
-0.937500
1.375000
2.437500
3.750000
4.250000
4.375000
5.000000
5.375000
5.312500
4.812500
4.062500
2.500000
0.812500
-0.187500
-1.187500
-1.437500
-1.125000
-0.062500
0.187500
0.812500
2.062500
3.000000
4.125000
4.812500
5.375000
5.562500
6.062500
7.375000
9.375000
10.937500
11.875000
11.937500
11.375000
10.437500
10.062500
9.875000
9.625000
8.875000
8.437500
7.875000
7.500000
6.875000
5.750000
5.062500
5.250000
5.312500
5.187500
3.875000
2.187500
0.937500
0.937500
1.625000
2.312500
2.375000
2.812500
2.750000
3.125000
3.437500
3.875000
4.500000
5.250000
5.375000
6.250000
6.437500
8.562500
7.562500
7.687500
6.750000
5.875000
5.937500
6.250000
6.187500
5.312500
4.625000
3.937500
3.687500
3.062500
2.437500
1.937500
1.250000
0.312500
-0.125000
-1.062500
-2.000000
-2.062500
-1.625000
-0.875000
-0.937500
-0.250000
0.187500
0.312500
0.812500
0.437500
-0.125000
-0.625000
-0.500000
-0.562500
-0.062500
0.062500
0.000000
0.687500
0.937500
1.750000
2.312500
3.062500
4.000000
4.687500
5.250000
6.875000
6.312500
6.687500
7.062500
6.812500
6.000000
4.812500
3.937500
3.437500
3.312500
2.812500
2.187500
1.500000
1.312500
1.625000
1.687500
1.437500
1.625000
1.812500
1.312500
1.125000
-0.187500
-1.125000
-2.062500
-2.562500
-2.937500
-2.875000
-3.125000
-2.875000
-2.187500
-1.875000
-1.562500
-2.000000
-2.125000
-2.500000
-2.687500
-3.312500
-4.062500
-4.437500
-4.875000
-5.250000
-4.562500
-4.750000
-5.500000
-5.937500
-7.250000
-8.562500
-10.750000
-13.250000
-14.937500
-16.625000
-18.562500
-20.187500
-21.000000
-21.125000
-21.062500
-20.812500
-21.000000
-21.312500
-21.562500
-21.937500
-21.937500
-22.375000
-22.687500
-22.625000
-22.500000
-23.750000
-24.250000
-24.687500
-25.562500
-26.625000
-27.062500
-26.875000
-25.437500
-25.375000
-24.500000
-24.000000
-23.250000
-21.812500
-20.437500
-19.750000
-19.312500
-18.562500
-18.062500
-17.437500
-16.687500
-15.750000
-14.625000
-13.437500
-12.500000
-11.625000
-11.000000
-10.875000
-10.187500
-9.562500
-8.812500
-8.437500
-7.687500
-7.250000
-7.000000
-6.250000
-5.187500
-4.750000
-3.750000
-2.812500
-2.250000
-1.375000
-0.375000
-0.062500
0.000000
0.562500
1.000000
1.375000
1.875000
2.562500
3.500000
4.625000
5.250000
6.437500
6.937500
8.062500
9.125000
9.750000
10.500000
10.937500
10.625000
10.375000
9.875000
9.750000
9.812500
9.562500
8.437500
7.187500
6.062500
5.437500
4.812500
4.562500
4.562500
4.625000
4.625000
5.375000
6.250000
7.500000
9.125000
11.000000
12.375000
13.500000
13.625000
13.625000
13.687500
13.437500
12.937500
12.187500
11.250000
10.250000
9.562500
9.562500
9.312500
8.812500
9.062500
9.125000
8.687500
8.187500
8.062500
7.125000
6.312500
5.375000
4.187500
2.937500
1.625000
0.562500
-0.500000
-1.500000
-3.187500
-3.687500
-4.000000
-4.187500
-3.750000
-3.312500
-3.000000
-2.437500
-2.250000
-2.062500
-1.187500
-0.687500
-0.437500
0.187500
0.187500
-1.125000
-2.562500
-2.687500
-1.562500
-2.375000
-3.375000
-2.687500
-1.812500
-0.500000
0.750000
2.062500
3.250000
5.875000
9.312500
13.812500
14.375000
12.687500
14.750000
20.375000
25.000000
27.687500
31.000000
33.250000
34.312500
34.500000
35.625000
35.437500
36.062500
30.187500
23.937500
19.125000
28.937500
31.312500
14.250000
4.375000
-1.250000
-4.625000
-5.437500
-6.062500
-6.937500
-8.875000
-12.000000
-14.250000
-15.500000
-15.250000
-14.125000
-13.687500
-13.625000
-13.062500
-10.937500
-11.250000
-10.750000
-12.125000
-11.500000
-10.750000
-9.625000
-8.625000
-9.187500
-10.875000
-13.687500
-16.812500
-17.937500
-15.125000
-10.750000
-6.000000
-5.375000
0.750000
12.062500
27.062500
44.437500
55.062500
65.187500
72.750000
78.875000
89.437500
98.312500
111.750000
122.812500
127.812500
131.250000
137.562500
143.312500
145.437500
146.937500
143.312500
131.437500
110.812500
89.750000
68.250000
51.687500
35.375000
21.500000
7.937500
-1.875000
-11.812500
-20.000000
-28.312500
-31.375000
-34.375000
-34.312500
-31.312500
-26.750000
-20.437500
-11.562500
-2.250000
5.437500
11.500000
14.937500
18.187500
21.375000
24.875000
28.750000
31.625000
32.375000
32.562500
30.625000
24.500000
16.375000
5.625000
-5.312500
-15.750000
-23.000000
-27.062500
-29.562500
-32.562500
-36.875000
-43.125000
-47.375000
-49.375000
-49.437500
-48.875000
-49.500000
-50.250000
-48.437500
-45.562500
-40.937500
-35.187500
-29.187500
-22.437500
-18.125000
-13.125000
-12.875000
-11.875000
-6.187500
-4.000000
-3.875000
-6.750000
-8.437500
-11.125000
-14.375000
-17.125000
-16.937500
-16.062500
-15.250000
-13.000000
-9.125000
-3.187500
0.312500
2.312500
2.875000
3.687500
5.687500
9.750000
12.562500
15.000000
16.250000
14.875000
9.875000
18.062500
33.625000
39.000000
36.875000
33.312500
32.250000
31.750000
33.750000
33.687500
33.500000
31.500000
29.687500
28.437500
28.812500
29.250000
29.250000
29.187500
28.437500
26.187500
23.625000
23.000000
23.937500
24.750000
26.125000
27.062500
28.125000
29.562500
31.125000
32.062500
33.250000
34.625000
35.750000
37.125000
36.312500
32.562500
27.500000
23.812500
21.687500
21.562500
21.375000
18.437500
13.812500
11.937500
10.437500
10.812500
11.125000
8.687500
4.750000
-0.625000
-6.625000
-13.375000
-19.812500
-24.750000
-30.125000
-34.000000
-36.812500
-38.812500
-41.437500
-34.750000
-35.562500
-33.937500
-31.437500
-29.750000
-26.187500
-22.375000
-19.125000
-17.375000
-18.937500
-20.437500
-20.250000
-20.375000
-18.562500
-20.437500
-23.312500
-26.312500
-29.187500
-30.812500
-32.000000
-33.062500
-33.937500
-35.875000
-36.500000
-35.500000
-33.750000
-32.500000
-29.500000
-27.062500
-23.187500
-19.937500
-16.875000
-12.937500
-8.125000
-0.625000
1.187500
1.250000
0.250000
1.187500
2.437500
5.000000
7.000000
8.437500
8.500000
8.500000
7.437500
7.562500
7.875000
7.750000
7.812500
7.750000
9.062500
10.250000
11.000000
11.875000
12.812500
14.312500
16.062500
18.500000
20.062500
21.500000
22.937500
26.062500
26.375000
27.875000
30.437500
31.750000
32.562500
33.812500
35.625000
36.562500
37.375000
38.062500
37.875000
41.687500
43.625000
45.625000
47.250000
46.562500
44.437500
42.375000
42.125000
43.687500
44.187500
43.187500
41.687500
39.437500
37.750000
36.687500
36.062500
35.000000
34.062500
33.875000
33.562500
32.937500
31.812500
30.312500
28.375000
26.312500
23.812500
24.250000
24.187500
23.437500
23.812500
25.000000
25.500000
25.687500
26.250000
25.625000
24.062500
20.125000
18.625000
17.437500
15.625000
13.437500
10.562500
7.437500
4.687500
2.375000
0.437500
-0.437500
-0.375000
-0.562500
-1.500000
-2.875000
-4.375000
-7.062500
-9.062500
-9.500000
-8.687500
-7.875000
-7.187500
-7.687500
-4.750000
-1.562500
2.437500
3.375000
4.312500
2.062500
-0.312500
0.375000
0.000000
-2.500000
-2.250000
-2.125000
-1.250000
-1.125000
-1.062500
-0.937500
-1.937500
-3.437500
-5.250000
-7.000000
-7.500000
-8.250000
-9.250000
-10.687500
-12.562500
-13.937500
-15.125000
-13.187500
-12.500000
-10.437500
-8.937500
-6.562500
-5.062500
-3.562500
-2.250000
-0.750000
0.062500
2.125000
4.375000
6.062500
6.125000
5.687500
6.125000
6.000000
5.187500
1.187500
1.062500
2.000000
2.062500
2.625000
3.312500
2.750000
2.062500
1.750000
1.312500
1.437500
1.250000
1.187500
1.750000
2.062500
2.562500
3.000000
3.125000
4.437500
5.437500
6.937500
7.937500
8.625000
9.187500
10.312500
11.312500
12.562500
13.437500
13.187500
12.812500
11.875000
10.187500
8.062500
6.875000
6.187500
6.125000
6.062500
5.000000
4.562500
4.187500
3.875000
3.375000
2.437500
1.375000
0.437500
-0.375000
-1.062500
-0.500000
-0.312500
0.437500
0.937500
1.312500
1.562500
1.875000
2.500000
3.000000
3.500000
5.000000
4.875000
4.937500
4.687500
4.250000
2.625000
1.562500
0.875000
0.687500
-0.562500
-2.500000
-3.625000
-3.937500
-2.750000
-0.937500
-0.250000
-0.500000
-0.062500
-0.250000
-1.062500
-2.062500
-2.937500
-4.062500
-4.312500
-4.562500
-4.062500
-3.375000
-2.000000
-0.875000
0.250000
1.437500
2.625000
3.562500
4.562500
5.562500
3.750000
6.375000
5.875000
6.625000
10.687500
13.000000
11.875000
12.937500
13.875000
13.312500
11.375000
7.750000
9.500000
10.250000
10.125000
10.875000
11.125000
12.687500
12.187500
10.625000
9.312500
8.562500
8.000000
7.625000
7.250000
5.750000
4.500000
3.312500
2.437500
2.625000
2.312500
1.750000
1.562500
1.437500
1.062500
3.375000
4.375000
5.187500
5.000000
4.750000
4.562500
4.062500
3.437500
3.000000
2.125000
0.562500
-0.687500
-2.562500
-3.875000
-5.187500
-6.187500
-7.437500
-7.625000
-8.125000
-8.437500
-9.375000
-9.062500
-8.375000
-7.500000
-6.500000
-5.937500
-5.187500
-4.937500
-4.437500
-3.875000
-4.000000
-4.812500
-6.125000
-7.375000
-8.625000
-10.125000
-10.312500
-8.937500
-8.062500
-8.375000
-6.562500
-5.750000
-4.625000
-3.187500
-2.250000
-0.125000
1.312500
2.250000
2.062500
3.500000
2.687500
2.375000
-0.375000
-2.937500
-4.000000
-6.687500
-9.312500
-11.375000
-11.812500
-12.687500
-14.187500
-15.312500
-18.187500
-21.125000
-23.937500
-24.750000
-24.812500
-23.000000
-28.125000
-29.812500
-30.812500
-30.500000
-29.500000
-27.437500
-24.750000
-23.562500
-23.062500
-22.375000
-20.687500
-17.312500
-13.000000
-7.750000
-3.062500
2.250000
5.312500
8.562500
11.062500
12.687500
13.750000
14.687500
16.500000
18.750000
22.187500
24.750000
25.750000
27.250000
27.625000
26.937500
25.125000
22.062500
18.875000
12.750000
5.437500
-2.375000
-8.312500
-11.125000
-9.375000
-4.375000
-0.250000
2.937500
3.875000
4.312500
4.437500
4.937500
4.062500
3.312500
2.000000
-0.125000
-3.000000
-5.750000
-9.125000
-15.500000
-23.062500
-32.500000
-38.687500
-44.062500
-50.437500
-55.562500
-58.937500
-60.312500
-61.250000
-60.562500
-60.312500
-59.500000
-59.375000
-59.312500
-57.750000
-55.250000
-50.687500
-46.250000
-42.500000
-38.812500
-37.625000
-37.312500
-37.875000
-38.625000
-40.250000
-42.187500
-44.375000
-47.312500
-49.937500
-51.875000
-54.437500
-57.250000
-60.187500
-65.250000
-70.812500
-77.125000
-82.687500
-87.375000
-90.437500
-91.875000
-91.812500
-89.375000
-85.437500
-80.937500
-77.187500
-73.187500
-68.687500
-63.250000
-58.000000
-53.937500
-51.125000
-49.125000
-48.500000
-47.750000
-47.125000
-47.062500
-46.562500
-44.812500
-41.937500
-38.187500
-35.750000
-36.125000
-37.937500
-40.187500
-41.750000
-43.562500
-44.000000
-43.062500
-41.187500
-39.937500
-37.250000
-32.875000
-28.812500
-24.625000
-20.812500
-18.062500
-15.187500
-13.062500
-10.125000
-8.000000
-7.000000
-5.687500
-4.937500
-4.000000
-4.187500
-4.875000
-6.687500
-9.875000
-13.812500
-16.062500
-18.812500
-21.250000
-22.375000
-22.625000
-22.750000
-22.625000
-22.125000
-20.687500
-18.437500
-16.562500
-15.000000
-13.687500
-12.500000
-10.562500
-8.875000
-6.687500
-5.437500
-4.125000
-3.375000
-2.062500
-0.500000
1.437500
2.875000
3.750000
3.687500
3.687500
4.437500
5.562500
7.187500
9.687500
12.812500
16.000000
18.062500
19.812500
21.812500
24.687500
22.187500
20.000000
17.937500
15.875000
14.312500
12.562500
10.500000
8.937500
6.875000
5.375000
3.187500
1.375000
0.375000
-0.937500
-1.750000
-1.812500
-1.375000
-0.500000
0.500000
1.937500
3.500000
4.812500
6.125000
7.250000
7.937500
7.437500
7.250000
7.250000
7.562500
9.000000
10.312500
12.562500
13.437500
13.937500
13.625000
13.000000
11.937500
9.875000
8.375000
6.625000
5.062500
4.187500
3.187500
2.250000
1.562500
0.625000
0.375000
0.312500
0.937500
2.250000
3.125000
4.062500
4.687500
5.250000
6.187500
6.937500
7.062500
6.625000
6.312500
6.062500
5.437500
4.375000
2.812500
0.750000
-1.125000
-3.000000
-5.250000
-6.687500
-7.625000
-8.750000
-9.312500
-10.000000
-10.000000
-9.812500
-9.125000
-9.312500
-9.125000
-9.250000
-9.312500
-9.000000
-8.437500
-7.187500
-5.812500
-4.437500
-2.812500
-0.875000
1.250000
4.187500
7.375000
10.125000
12.562500
13.500000
14.062500
14.437500
14.875000
14.687500
14.312500
13.312500
12.187500
11.875000
11.000000
11.375000
10.562500
9.062500
8.625000
7.625000
6.500000
5.312500
3.937500
3.187500
2.125000
1.437500
1.062500
4.125000
0.750000
-0.625000
-0.937500
-0.375000
1.062500
1.250000
1.562500
3.250000
4.312500
5.187500
5.437500
5.437500
5.375000
4.312500
3.500000
3.375000
2.687500
2.375000
1.875000
1.625000
1.562500
1.250000
1.625000
0.875000
0.750000
0.937500
0.437500
0.500000
1.375000
1.812500
2.125000
2.687500
3.375000
3.437500
2.750000
2.562500
2.625000
2.750000
3.625000
3.687500
3.750000
3.125000
2.812500
2.687500
2.125000
1.937500
1.937500
1.875000
2.062500
2.750000
3.187500
3.875000
4.000000
4.187500
4.375000
4.875000
5.625000
6.187500
6.812500
7.375000
7.437500
6.875000
6.062500
5.625000
5.562500
5.687500
5.812500
6.187500
7.000000
8.000000
9.187500
10.437500
11.375000
12.250000
12.812500
16.250000
17.500000
17.562500
17.312500
17.000000
17.187500
16.687500
16.062500
14.562500
13.500000
12.812500
11.875000
10.750000
9.625000
8.562500
7.937500
7.437500
7.125000
6.812500
6.687500
6.375000
6.750000
7.375000
8.000000
8.625000
9.000000
9.062500
8.937500
8.000000
6.812500
5.437500
4.125000
3.250000
2.125000
0.375000
-1.625000
-3.750000
-5.625000
-6.625000
-6.687500
-6.375000
-6.750000
-6.937500
-6.937500
-6.562500
-6.375000
-6.062500
-5.937500
-5.812500
-5.750000
-5.812500
-5.625000
-5.000000
-4.500000
-4.437500
-4.250000
-4.250000
-4.062500
-3.375000
-2.687500
-1.625000
-0.750000
0.000000
0.937500
1.687500
1.437500
1.687500
2.062500
2.375000
2.250000
1.875000
1.500000
0.875000
0.000000
-1.187500
-1.875000
-2.687500
-3.062500
-3.437500
-3.875000
-4.125000
-3.250000
-2.625000
-2.000000
-1.937500
-1.875000
-1.125000
-1.187500
-0.687500
-0.437500
-0.562500
-0.625000
-0.500000
-0.312500
-0.500000
-1.312500
-2.250000
-2.750000
-3.000000
-3.812500
-4.500000
-5.125000
-5.625000
-5.625000
-5.187500
-5.062500
-4.500000
-4.125000
-3.187500
-2.562500
-2.375000
-2.437500
-2.875000
-3.250000
-3.812500
-4.312500
-5.750000
-6.937500
-7.750000
-8.125000
-8.750000
-9.750000
-9.937500
-10.187500
-10.500000
-12.125000
-11.000000
-10.375000
-9.000000
-9.312500
-6.062500
-4.687500
-4.250000
-3.625000
-2.562500
-1.750000
-0.687500
0.250000
0.812500
1.250000
1.562500
1.500000
1.500000
1.687500
1.812500
1.812500
1.500000
1.250000
0.125000
-0.375000
-1.187500
-2.062500
-2.750000
-3.000000
-2.000000
-2.312500
-2.187500
0.375000
1.687500
3.312500
1.875000
8.312500
7.187500
6.812500
4.500000
3.937500
4.437500
5.062500
4.687500
4.250000
3.062500
3.125000
2.625000
2.625000
2.937500
3.187500
3.750000
4.375000
5.625000
6.250000
6.687500
7.062500
7.625000
7.125000
7.062500
6.562500
6.625000
6.375000
6.250000
5.500000
5.375000
5.250000
4.937500
4.250000
3.937500
3.812500
3.250000
3.125000
3.000000
3.187500
3.500000
3.750000
3.937500
3.437500
3.000000
3.000000
3.187500
3.562500
3.750000
3.687500
3.500000
3.125000
2.812500
1.312500
1.562500
1.062500
0.625000
-0.125000
-1.187500
-2.625000
-3.375000
-4.187500
-5.312500
-6.312500
-7.437500
-8.500000
-8.625000
-8.437500
-7.812500
-6.687500
-5.937500
-5.250000
-4.500000
-4.000000
-3.625000
-3.187500
-3.000000
-2.875000
-2.562500
-2.562500
-2.375000
-2.625000
-2.687500
-2.437500
-2.125000
-2.125000
-2.125000
-1.812500
-2.375000
-2.750000
-2.812500
-1.875000
-1.187500
-0.875000
-0.562500
0.125000
2.625000
4.562500
7.250000
8.062500
8.500000
8.750000
9.500000
10.562500
10.687500
10.062500
9.125000
8.750000
9.437500
10.375000
10.875000
10.375000
9.500000
9.500000
9.812500
9.687500
9.125000
8.437500
7.937500
7.062500
5.937500
5.062500
4.187500
3.125000
1.937500
1.500000
1.625000
1.812500
0.500000
3.187500
3.625000
4.250000
4.812500
5.125000
4.312500
3.375000
3.000000
2.812500
2.187500
1.375000
-1.437500
0.625000
-0.937500
-1.750000
-2.562500
-3.937500
-4.812500
-6.187500
-6.562500
-6.250000
-6.375000
-6.062500
-5.250000
-4.500000
-3.625000
-3.000000
-2.187500
-1.750000
-1.250000
-0.750000
-0.375000
-0.125000
0.250000
0.812500
1.250000
1.937500
2.125000
2.375000
2.937500
3.937500
3.562500
5.187500
8.437500
7.875000
7.062500
8.875000
7.812500
7.500000
6.375000
5.250000
5.125000
3.875000
3.687500
3.375000
3.562500
3.750000
3.312500
3.562500
2.687500
2.500000
1.812500
0.937500
0.125000
-0.562500
-1.250000
-1.875000
-1.812500
-1.437500
-0.750000
-0.312500
-0.062500
0.062500
0.062500
-0.187500
1.125000
4.625000
6.937500
8.375000
9.375000
10.125000
9.875000
10.312500
9.312500
8.875000
7.812500
6.687500
5.625000
4.312500
3.250000
2.187500
0.812500
-0.062500
-1.375000
-2.250000
-3.125000
-3.562500
-3.750000
-3.437500
-3.000000
-2.500000
-1.687500
-1.875000
-3.250000
-6.312500
-6.125000
-4.875000
-6.562500
-5.875000
-5.437500
-5.937500
-5.375000
-5.062500
-4.937500
-3.625000
-2.625000
-1.937500
-0.937500
-0.312500
0.375000
0.812500
1.500000
2.437500
2.750000
3.250000
3.500000
3.937500
3.250000
3.750000
3.937500
3.937500
4.062500
3.562500
2.750000
2.312500
1.062500
0.625000
0.125000
0.000000
-0.125000
0.000000
0.125000
0.187500
0.125000
-0.187500
-0.312500
-0.375000
-0.625000
-0.687500
-1.062500
-1.375000
-1.625000
-2.000000
-3.000000
-4.250000
-5.250000
-5.812500
-6.375000
-7.125000
-7.812500
-8.375000
-8.562500
-8.062500
-7.562500
-7.500000
-7.437500
-7.250000
-7.250000
-7.000000
-6.937500
-6.750000
-6.125000
-6.125000
-5.875000
-5.187500
-4.437500
-4.187500
-3.562500
-3.187500
-2.812500
-2.437500
-2.062500
-1.812500
-1.687500
-1.687500
-1.375000
-1.312500
-1.062500
-0.875000
-0.625000
-0.687500
-1.125000
-1.250000
-1.125000
-1.125000
-1.562500
-1.812500
-2.062500
-2.000000
-2.375000
-2.187500
-2.437500
-2.187500
-2.250000
-2.437500
-2.375000
-2.875000
-3.125000
-3.437500
-3.562500
-3.437500
-3.187500
-2.500000
-1.500000
-0.937500
0.000000
0.437500
0.375000
-0.062500
-0.437500
-0.500000
-0.875000
-1.187500
-1.500000
-1.875000
-2.187500
-1.875000
-1.687500
-1.625000
-1.687500
-1.750000
-1.437500
-1.187500
-0.687500
-0.687500
-0.875000
-1.125000
-1.812500
-2.375000
-2.687500
-2.812500
-3.375000
-3.625000
-4.312500
-5.437500
-6.000000
-6.625000
-7.500000
-8.000000
-8.312500
-7.812500
-7.500000
-7.375000
-6.875000
-6.500000
-6.312500
-6.062500
-5.187500
-4.000000
-2.625000
-1.000000
0.000000
0.625000
1.312500
1.937500
2.312500
2.125000
1.750000
0.875000
-0.062500
-1.437500
-2.687500
-3.687500
-4.125000
-4.437500
-4.500000
-4.937500
-4.750000
-4.500000
-4.500000
-4.500000
-4.437500
-3.812500
-3.687500
-3.312500
-3.312500
-2.937500
-2.937500
-2.937500
-2.625000
-1.687500
-0.625000
-0.125000
0.812500
1.187500
1.437500
1.375000
1.562500
1.250000
0.687500
0.125000
0.000000
0.000000
-0.312500
-0.687500
-0.875000
-0.437500
0.000000
0.187500
0.750000
1.000000
1.062500
1.500000
2.437500
2.562500
2.500000
2.687500
3.375000
3.812500
3.937500
4.187500
4.250000
4.437500
4.625000
4.437500
3.875000
3.875000
3.437500
2.562500
2.187500
1.750000
1.437500
0.812500
0.125000
-0.437500
-0.500000
0.187500
0.625000
0.875000
1.312500
1.250000
1.875000
2.437500
2.812500
2.812500
3.187500
3.187500
2.812500
2.437500
2.562500
2.187500
1.062500
-0.125000
-1.250000
-1.937500
-2.375000
-3.000000
-3.250000
-3.625000
-3.937500
-4.000000
-3.625000
-2.937500
-2.687500
-2.812500
-3.562500
-3.187500
-2.750000
-2.750000
-2.625000
-3.250000
-3.687500
-3.687500
-3.625000
-3.562500
-3.937500
-4.312500
-5.250000
-6.062500
-6.562500
-5.812500
-5.187500
-5.437500
-5.125000
-5.000000
-4.812500
-4.500000
-4.187500
-4.312500
-4.437500
-4.812500
-5.000000
-4.062500
-4.375000
-5.062500
-5.312500
-4.250000
-3.250000
-2.750000
-1.937500
-1.125000
-0.625000
-0.062500
0.312500
1.187500
1.562500
2.187500
1.937500
2.250000
2.312500
2.437500
2.687500
1.687500
-0.062500
-1.937500
-2.562500
-4.312500
-6.062500
-7.125000
-7.875000
-8.375000
-7.625000
-7.625000
-5.812500
-3.562500
-0.062500
4.000000
8.562500
12.125000
14.687500
15.875000
16.750000
17.812500
18.187500
18.062500
17.687500
17.500000
17.375000
17.437500
18.000000
18.812500
17.562500
15.937500
13.937500
13.125000
12.250000
11.437500
11.000000
11.687500
12.312500
13.500000
13.500000
12.750000
12.062500
12.312500
12.750000
13.062500
12.875000
11.437500
9.062500
6.875000
4.500000
1.875000
-0.937500
-5.187500
-8.375000
-10.937500
-13.375000
-19.812500
-21.812500
-23.312500
-23.500000
-22.437500
-20.812500
-20.750000
-20.000000
-19.875000
-18.187500
-16.750000
-15.312500
-14.250000
-13.125000
