0.875000
0.875000
0.250000
0.125000
0.000000
-0.187500
-0.062500
-0.062500
0.062500
0.000000
0.375000
0.437500
0.625000
0.625000
0.812500
0.687500
0.625000
0.625000
0.625000
0.875000
0.750000
0.562500
0.750000
0.812500
1.062500
1.187500
1.437500
1.187500
0.750000
0.312500
0.125000
0.062500
-0.375000
-0.125000
-0.375000
-0.312500
-0.375000
0.000000
0.437500
0.625000
0.750000
0.750000
0.437500
0.812500
0.812500
0.750000
0.812500
0.875000
0.812500
0.750000
0.562500
0.062500
0.125000
0.000000
0.250000
0.125000
0.062500
-0.062500
-0.125000
-0.562500
-0.375000
-0.750000
-1.000000
-1.375000
-1.500000
-1.687500
-1.375000
-1.312500
-1.437500
-1.625000
-1.750000
-1.812500
-1.750000
-1.562500
-1.562500
-1.125000
-0.687500
-0.187500
0.125000
0.312500
0.375000
0.750000
1.000000
1.437500
1.937500
1.625000
1.375000
1.375000
0.937500
0.687500
0.562500
0.312500
0.062500
0.250000
0.000000
-0.312500
-0.562500
-0.500000
-0.625000
-0.562500
-0.687500
-0.562500
-0.250000
0.000000
-0.125000
-0.187500
-0.125000
-0.125000
0.000000
0.000000
0.562500
0.437500
0.875000
0.937500
1.125000
1.187500
1.500000
1.437500
1.812500
1.937500
1.812500
1.687500
1.562500
1.875000
2.000000
1.750000
1.312500
0.687500
0.187500
-0.062500
-0.250000
-0.375000
-0.500000
-0.312500
-0.312500
-0.437500
-0.250000
-0.125000
-0.375000
-0.375000
0.000000
0.000000
0.375000
0.875000
1.000000
1.062500
1.562500
1.437500
1.562500
1.500000
1.250000
1.187500
0.937500
1.000000
0.687500
0.062500
0.000000
-0.437500
-0.562500
-0.437500
-0.750000
-0.812500
-1.187500
-1.250000
-1.500000
-1.187500
-1.000000
-1.187500
-1.125000
-0.812500
-0.812500
-0.625000
-0.687500
-0.187500
-0.437500
-0.875000
0.062500
0.250000
0.000000
0.187500
0.000000
0.000000
0.000000
-0.250000
-0.500000
-0.312500
-0.062500
0.000000
-0.250000
-0.062500
-0.125000
0.187500
0.625000
0.625000
0.437500
0.562500
0.750000
0.625000
0.312500
0.250000
0.000000
-0.125000
-0.125000
-0.500000
-0.812500
-0.625000
-0.625000
-0.500000
-0.500000
-0.500000
-0.187500
-0.125000
0.125000
0.062500
0.437500
0.375000
0.187500
0.062500
0.250000
0.187500
0.187500
0.312500
0.125000
0.187500
-0.125000
-0.125000
-0.062500
-0.312500
0.000000
-0.312500
-0.375000
-0.687500
-0.875000
-0.875000
-1.062500
-1.187500
-1.187500
-1.437500
-1.312500
-1.312500
-1.000000
-1.125000
-1.000000
-0.937500
-1.000000
-0.750000
-0.875000
-0.750000
-0.625000
-0.500000
-0.875000
-1.125000
-1.437500
-1.875000
-2.000000
-1.750000
-1.687500
-1.812500
-1.687500
-1.250000
-1.312500
-1.562500
-1.250000
-0.937500
-0.312500
-0.125000
-0.312500
-0.187500
-0.125000
0.125000
0.000000
-0.187500
-0.500000
-0.750000
-1.187500
-1.375000
-1.562500
-1.812500
-1.937500
-1.812500
-1.500000
-1.687500
-1.250000
-0.937500
-0.562500
-0.312500
0.062500
0.437500
0.562500
0.750000
0.875000
0.937500
0.875000
1.000000
1.062500
1.000000
1.062500
0.812500
0.312500
-0.062500
-0.375000
-0.375000
-0.375000
-0.500000
-0.562500
-0.562500
-0.500000
-0.687500
-0.687500
-0.687500
-0.437500
-0.625000
-0.500000
-0.250000
-0.812500
-0.437500
-0.500000
-0.562500
-0.562500
-0.187500
-0.062500
0.250000
0.375000
0.687500
0.500000
0.500000
0.375000
0.750000
1.125000
1.125000
1.312500
1.187500
1.250000
1.375000
1.500000
1.875000
2.000000
1.500000
1.437500
0.875000
0.687500
0.250000
0.000000
-0.375000
-0.562500
-0.875000
-0.875000
-1.250000
-1.437500
-1.312500
-1.187500
-1.125000
-0.875000
-1.062500
-0.562500
-0.500000
-0.312500
0.000000
0.187500
0.375000
0.437500
0.312500
0.687500
0.312500
0.125000
0.000000
-0.187500
0.000000
0.187500
-0.125000
-0.062500
-0.062500
-0.312500
-0.625000
-0.687500
-0.875000
-0.562500
0.000000
0.000000
0.312500
0.000000
-0.187500
-0.062500
-0.312500
-0.375000
-0.687500
-1.000000
-0.875000
-0.875000
-0.750000
-0.750000
-0.375000
-0.062500
0.062500
0.187500
0.562500
0.312500
0.375000
0.437500
0.500000
0.187500
0.500000
0.312500
0.812500
0.625000
0.062500
0.500000
1.500000
2.437500
2.500000
2.812500
2.625000
2.625000
2.750000
2.625000
2.687500
2.562500
2.250000
1.875000
2.062500
1.750000
1.437500
1.062500
1.062500
1.125000
0.687500
0.562500
0.125000
-0.062500
-0.125000
0.000000
0.000000
-0.250000
-0.687500
-0.812500
-0.812500
-0.875000
-0.687500
-0.562500
-0.187500
0.000000
0.437500
0.562500
0.437500
0.937500
1.000000
1.187500
1.500000
1.750000
1.812500
1.750000
1.562500
1.312500
1.375000
1.312500
1.312500
0.937500
0.625000
0.625000
0.437500
0.562500
0.062500
-0.062500
-0.187500
-0.437500
-0.562500
-0.625000
-0.437500
-0.687500
-0.500000
-0.500000
-0.375000
-0.375000
-0.500000
-0.375000
-0.187500
0.125000
0.125000
0.375000
0.625000
0.312500
0.562500
0.500000
0.187500
0.000000
0.000000
-0.250000
-0.125000
0.000000
0.062500
-0.687500
-0.750000
-0.937500
-1.000000
-0.812500
-0.437500
-0.687500
-0.187500
-0.250000
0.000000
0.250000
0.687500
0.750000
1.312500
1.125000
1.500000
1.687500
1.625000
1.250000
1.312500
0.937500
0.562500
0.250000
-0.250000
-0.500000
-0.750000
-1.062500
-1.375000
-1.750000
-2.500000
-2.750000
-2.687500
-2.562500
-2.125000
-2.312500
-2.062500
-1.937500
-1.562500
-1.187500
-0.812500
-0.437500
-0.187500
0.000000
-0.062500
0.000000
-0.125000
0.000000
-0.250000
-0.187500
-0.500000
-0.750000
-0.750000
-0.750000
-0.750000
-1.062500
-0.812500
-0.562500
-0.375000
-0.375000
-0.875000
-0.750000
-0.687500
-0.750000
-0.687500
-0.375000
-0.375000
-0.437500
-0.562500
-0.562500
-0.562500
-0.750000
-0.812500
-0.500000
-0.625000
-0.375000
-0.500000
-0.500000
0.000000
0.000000
-0.125000
-0.312500
-0.312500
0.000000
0.000000
0.062500
0.062500
0.187500
0.500000
0.562500
0.500000
0.312500
0.062500
0.000000
0.000000
0.125000
0.187500
-0.250000
-0.562500
-0.812500
-1.000000
-0.750000
-0.250000
-0.687500
-0.687500
-0.937500
-0.750000
-0.937500
-0.625000
-0.750000
-0.937500
-1.062500
-1.375000
-1.625000
-1.750000
-1.562500
-1.500000
-1.375000
-1.125000
-1.062500
-1.125000
-0.937500
-0.437500
-0.187500
0.000000
0.375000
0.750000
1.000000
1.125000
1.187500
0.937500
0.812500
0.812500
1.062500
0.687500
0.750000
0.812500
0.625000
0.687500
0.437500
0.312500
0.062500
0.437500
0.562500
0.562500
0.625000
0.750000
0.625000
0.875000
1.000000
1.187500
1.000000
0.625000
0.437500
0.375000
0.437500
0.375000
0.500000
0.750000
0.812500
1.125000
1.062500
1.312500
1.250000
1.500000
1.187500
0.687500
0.500000
0.562500
0.687500
0.750000
0.875000
0.937500
1.437500
1.500000
1.437500
1.312500
1.750000
1.812500
1.875000
1.500000
1.125000
0.625000
0.812500
0.562500
0.437500
0.375000
0.062500
0.125000
0.187500
-0.062500
0.000000
0.437500
0.062500
0.000000
-0.250000
-0.437500
-0.812500
-0.562500
-0.500000
-0.375000
-0.125000
0.000000
-0.187500
-0.375000
0.000000
0.125000
-0.125000
-0.062500
0.375000
0.812500
1.625000
1.687500
1.375000
1.500000
2.187500
2.375000
2.312500
2.187500
1.625000
1.375000
1.500000
1.812500
1.687500
1.937500
1.937500
1.937500
2.437500
2.687500
3.062500
2.625000
3.062500
5.937500
7.125000
2.937500
3.375000
3.187500
2.250000
1.437500
0.875000
1.562500
1.937500
2.562500
2.562500
2.187500
1.250000
0.562500
0.312500
0.125000
0.000000
1.062500
2.562500
5.375000
6.875000
6.437500
5.875000
6.500000
7.812500
10.250000
12.187500
13.125000
13.250000
13.687500
13.000000
11.812500
6.812500
4.687500
2.500000
0.375000
-0.187500
-1.500000
-2.062500
-1.062500
-1.687500
-6.250000
-8.562500
-11.562500
-12.750000
-10.187500
-5.875000
-1.125000
1.500000
4.187500
6.625000
7.125000
7.187500
8.687500
12.125000
14.187500
15.000000
14.375000
13.500000
13.062500
12.187500
11.437500
12.250000
13.562500
14.625000
14.875000
14.375000
14.562500
14.812500
14.875000
15.562500
15.625000
15.937500
16.062500
16.125000
15.875000
14.187500
12.875000
9.375000
6.750000
5.937500
6.125000
6.812500
8.125000
10.125000
12.062500
14.125000
15.500000
17.437500
18.437500
20.437500
22.437500
19.812500
16.687500
18.875000
18.500000
20.812500
16.812500
16.750000
17.000000
17.125000
17.375000
17.000000
16.875000
17.062500
17.375000
16.562500
15.562500
14.250000
12.062500
9.437500
6.562500
2.000000
-1.812500
-5.937500
-9.937500
-14.187500
-18.750000
-23.187500
-26.000000
-31.812500
-33.750000
-33.437500
-31.375000
-27.812500
-24.562500
-21.437500
-19.062500
-17.375000
-15.812500
-12.437500
-14.250000
-14.875000
-15.000000
-15.687500
-16.750000
-17.312500
-16.500000
-16.187500
-16.812500
-17.125000
-17.375000
-18.625000
-19.875000
-22.312500
-25.750000
-28.500000
-29.812500
-29.625000
-28.562500
-27.625000
-26.125000
-25.562500
-24.625000
-23.562500
-23.250000
-23.125000
-24.562500
-26.312500
-29.375000
-31.937500
-32.687500
-31.750000
-29.625000
-26.312500
-22.500000
-18.125000
-14.000000
-9.687500
-6.937500
-4.625000
-3.125000
-1.875000
-0.437500
0.687500
2.500000
3.312500
3.937500
3.625000
3.875000
5.062500
7.250000
9.625000
11.812500
12.312500
12.562500
11.750000
11.250000
11.937500
12.437500
12.687500
12.875000
12.750000
11.125000
8.812500
6.937500
4.250000
3.687500
4.125000
4.375000
5.062500
5.000000
4.875000
4.437500
4.687500
4.187500
3.625000
4.125000
5.812500
7.437500
11.125000
14.375000
16.437500
17.500000
18.562500
20.312500
19.250000
19.812500
19.937500
18.500000
17.375000
15.687500
14.437500
13.812500
12.250000
10.937500
9.375000
7.500000
5.875000
4.687500
4.125000
4.312500
3.875000
3.937500
3.750000
4.562500
5.875000
7.187500
7.687500
8.000000
8.125000
8.312500
7.125000
4.750000
6.937500
-2.125000
-1.062500
-2.875000
-3.062500
-3.000000
-4.125000
-5.187500
-5.812500
-4.875000
-4.000000
-2.250000
-0.312500
1.687500
4.125000
4.250000
5.125000
6.312500
7.125000
7.687500
6.812500
5.875000
3.812500
2.562500
2.000000
1.437500
1.812500
2.062500
3.312500
4.000000
3.750000
3.250000
2.625000
3.062500
2.875000
3.187500
3.312500
3.312500
2.812500
0.812500
0.437500
-0.687500
-1.812500
-3.250000
-4.625000
-6.875000
-9.187500
-11.312500
-14.187500
-16.000000
-16.625000
-17.500000
-17.625000
-17.500000
-17.500000
-17.125000
-17.312500
-16.937500
-19.500000
-21.250000
-20.562500
-20.312500
-23.250000
-24.062500
-23.625000
-23.125000
-22.750000
-22.437500
-21.437500
-20.187500
-18.687500
-17.625000
-16.625000
-15.875000
-14.875000
-14.250000
-13.500000
-12.250000
-11.750000
-11.500000
-11.437500
-11.187500
-11.562500
-11.750000
-12.437500
-13.437500
-13.750000
-13.875000
-14.125000
-14.062500
-13.687500
-13.312500
-12.062500
-11.000000
-9.500000
-9.625000
-6.500000
-3.812500
-2.187500
-4.812500
-4.125000
-4.562500
-3.250000
-3.437500
-2.750000
-2.875000
-3.250000
-3.812500
-5.062500
-5.562500
-5.937500
-6.187500
-5.625000
-5.312500
-5.125000
-5.187500
-5.250000
-5.437500
-5.437500
-5.437500
-5.187500
-5.125000
-4.812500
-4.375000
-3.937500
-3.812500
-3.312500
-2.875000
-2.687500
-2.812500
-2.500000
-2.625000
-2.062500
-2.187500
-2.875000
-3.562500
-4.000000
-4.062500
-4.500000
-4.875000
-5.437500
-5.375000
-5.625000
-5.687500
-5.375000
-4.437500
-3.625000
-2.875000
-2.500000
-1.812500
-1.375000
-0.750000
0.125000
0.937500
0.875000
0.875000
0.375000
-0.062500
-0.312500
-0.187500
-0.062500
0.437500
0.625000
1.312500
1.750000
1.687500
2.125000
2.375000
2.437500
2.562500
2.500000
2.250000
1.937500
1.625000
1.312500
1.125000
1.062500
0.812500
0.687500
0.750000
0.875000
1.562500
1.937500
2.125000
2.250000
2.687500
2.625000
2.687500
2.812500
2.750000
2.687500
2.500000
1.625000
1.187500
0.500000
0.312500
0.437500
0.312500
0.000000
0.125000
-0.125000
-0.187500
-0.187500
-0.375000
-0.250000
-0.437500
-0.375000
-0.625000
-0.687500
-0.812500
-0.187500
-0.062500
0.062500
0.375000
0.375000
0.312500
0.625000
0.812500
1.125000
1.250000
1.500000
1.437500
1.062500
1.125000
0.812500
1.250000
1.437500
1.125000
0.625000
0.437500
0.000000
-0.687500
-1.062500
-1.437500
-1.562500
-1.812500
-1.250000
-1.062500
-0.875000
-0.375000
0.125000
0.062500
0.125000
0.250000
0.125000
0.125000
0.000000
0.312500
0.187500
0.375000
0.375000
0.312500
0.437500
0.562500
0.375000
0.625000
0.562500
0.312500
0.125000
0.000000
0.000000
-0.375000
-0.562500
-0.312500
0.312500
0.812500
0.875000
0.812500
0.937500
1.562500
2.000000
2.187500
2.250000
2.000000
2.000000
2.687500
2.875000
2.687500
2.937500
2.937500
3.250000
3.000000
2.812500
3.000000
2.687500
2.437500
2.000000
1.250000
0.875000
0.812500
0.750000
0.937500
0.687500
0.187500
-0.437500
-0.687500
-0.937500
-1.062500
-1.250000
-1.250000
-1.187500
-0.812500
-0.187500
0.187500
0.875000
1.625000
1.750000
2.000000
1.875000
1.750000
1.312500
1.375000
1.500000
1.187500
0.750000
0.562500
0.125000
0.125000
0.187500
0.000000
0.000000
-0.562500
-1.000000
-0.937500
-1.062500
-0.875000
-0.562500
-0.812500
-0.562500
-0.312500
0.062500
0.375000
0.625000
1.000000
1.312500
1.062500
1.500000
1.187500
1.125000
1.750000
1.062500
1.062500
1.062500
0.750000
0.500000
0.250000
0.250000
0.250000
0.375000
0.375000
0.437500
0.500000
0.562500
0.500000
0.500000
0.500000
0.125000
0.125000
0.062500
0.000000
-0.125000
0.000000
0.312500
0.500000
0.562500
0.437500
0.750000
0.812500
0.750000
0.562500
0.437500
0.375000
0.000000
-0.125000
-0.375000
-0.375000
0.125000
0.062500
0.250000
0.687500
0.937500
0.687500
0.750000
0.750000
0.562500
0.750000
0.750000
0.625000
1.062500
1.250000
1.250000
1.437500
1.625000
1.562500
1.812500
1.875000
1.937500
2.187500
2.437500
2.687500
2.812500
2.625000
2.750000
2.187500
2.187500
2.187500
1.937500
1.687500
1.437500
1.250000
1.250000
1.062500
0.625000
0.625000
1.000000
1.250000
0.875000
1.000000
0.937500
1.000000
0.687500
1.187500
1.187500
1.312500
1.187500
1.625000
1.625000
1.937500
1.812500
2.562500
2.875000
2.937500
3.062500
3.000000
2.687500
2.687500
2.687500
2.437500
1.500000
0.875000
0.937500
0.750000
0.812500
0.250000
0.187500
-0.062500
0.000000
-0.062500
-0.062500
-0.125000
-0.500000
-0.562500
-0.875000
-1.125000
-1.625000
-2.000000
-2.625000
-2.937500
-2.937500
-2.750000
-3.000000
-3.625000
-3.812500
-4.125000
-4.562500
-5.375000
-6.187500
-6.062500
-6.062500
-6.187500
-5.562500
-4.875000
-4.062500
-3.187500
-2.562500
-2.750000
-2.562500
-2.812500
-2.187500
-2.375000
-2.187500
-2.375000
-2.812500
-2.437500
-1.937500
-6.000000
-10.125000
-13.500000
-14.312500
-12.562500
-12.625000
-13.062500
-14.125000
-12.250000
-9.562500
-7.375000
-6.000000
-4.937500
-1.812500
-4.125000
-1.437500
1.187500
1.500000
1.062500
2.812500
4.125000
4.812500
5.187500
5.062500
4.937500
5.250000
5.375000
5.187500
5.062500
4.812500
4.687500
5.312500
5.687500
6.812500
7.812500
8.875000
10.375000
11.187500
12.437500
13.250000
14.312500
15.187500
15.625000
14.875000
14.750000
14.062500
13.937500
13.250000
13.562500
13.125000
12.312500
10.875000
10.125000
10.375000
10.437500
12.062500
12.687500
13.000000
11.500000
11.250000
11.125000
11.062500
9.437500
6.687500
3.437500
0.687500
-0.625000
-1.562500
-2.750000
-3.437500
-3.437500
-4.375000
-4.562500
-4.875000
-5.187500
-5.687500
-7.437500
-7.312500
-9.500000
-11.437500
-13.062500
-13.750000
-13.625000
-14.250000
-15.437500
-16.375000
-17.250000
-18.750000
-18.937500
-18.937500
-18.437500
-17.937500
-17.812500
-18.437500
-20.000000
-22.750000
-25.062500
-25.937500
-25.437500
-26.937500
-26.500000
-26.125000
-26.062500
-24.687500
-23.187500
-21.812500
-20.625000
-18.812500
-17.750000
-17.750000
-17.687500
-16.312500
-14.187500
-12.250000
-9.875000
-8.562500
-8.187500
-7.937500
-8.437500
-9.437500
-8.437500
-6.750000
-4.000000
-0.875000
1.062500
3.500000
4.625000
4.625000
6.937500
10.562500
13.375000
13.750000
12.312500
9.125000
6.000000
-0.187500
-3.562500
-3.500000
-1.437500
0.625000
2.375000
3.812500
5.312500
6.062500
6.750000
8.812500
12.562500
13.937500
13.812500
11.250000
8.375000
4.937500
2.000000
0.250000
-1.625000
-3.312500
-3.187500
-2.125000
-2.062500
-1.937500
-2.562500
-4.625000
-7.500000
-10.125000
-11.000000
-7.750000
-3.187500
-0.562500
0.875000
1.500000
2.500000
3.375000
5.375000
8.812500
11.187500
13.000000
12.875000
12.250000
11.687500
11.125000
9.687500
7.937500
6.687500
4.250000
0.687500
-0.562500
-4.437500
-6.875000
-8.625000
-11.125000
-12.437500
-11.750000
-10.687500
-9.750000
-10.875000
-11.625000
-11.937500
-13.187500
-14.625000
-14.625000
-13.187500
-10.812500
-8.500000
-6.687500
-6.125000
-5.562500
-5.250000
-4.500000
-4.875000
-6.687500
-8.625000
-12.375000
-14.812500
-16.000000
-16.500000
-16.625000
-16.437500
-17.375000
-18.312500
-17.875000
-18.125000
-18.875000
-19.437500
-19.062500
-20.750000
-20.375000
-19.812500
-20.062500
-20.687500
-20.500000
-19.125000
-18.312500
-18.250000
-19.500000
-23.437500
-22.125000
-21.250000
-20.875000
-21.000000
-20.937500
-21.062500
-20.812500
-20.750000
-21.437500
-22.000000
-22.437500
-21.750000
-21.500000
-21.187500
-21.437500
-23.125000
-24.500000
-25.312500
-27.125000
-28.875000
-30.437500
-31.437500
-30.750000
-29.312500
-27.625000
-25.000000
-21.125000
-17.125000
-14.562500
-12.437500
-10.937500
-10.812500
-11.625000
-13.062500
-13.750000
-14.125000
-14.437500
-14.000000
-13.437500
-12.875000
-12.125000
-10.500000
-8.437500
-6.187500
-3.375000
-2.187500
-0.750000
-0.812500
-0.687500
-0.500000
-0.062500
-0.062500
-0.500000
-1.187500
-1.875000
-3.000000
-1.812500
0.000000
0.937500
2.312500
2.375000
2.312500
1.500000
1.250000
2.000000
2.250000
2.875000
3.187500
2.687500
0.750000
-1.937500
-4.500000
-6.000000
-6.312500
-6.937500
-7.375000
-7.500000
-7.375000
-7.250000
-7.187500
-6.875000
-6.937500
-6.875000
-7.250000
-7.187500
-7.062500
-6.750000
-6.875000
-7.000000
-6.937500
-5.812500
-4.812500
-3.312500
-2.000000
-1.375000
-1.937500
-3.312500
-4.000000
-4.375000
-4.187500
-4.625000
-5.312500
-5.750000
-6.000000
-6.812500
-7.625000
-8.187500
-8.000000
-7.125000
-6.750000
-6.875000
-6.875000
-6.812500
-6.312500
-5.562500
-4.937500
-4.812500
-4.500000
-4.250000
-4.312500
-3.812500
-3.187500
-3.187500
-3.375000
-3.750000
-4.250000
-4.562500
-4.812500
-4.375000
-3.937500
-3.375000
-3.437500
-2.875000
-2.625000
-1.562500
-0.812500
-0.375000
0.000000
1.062500
1.250000
1.187500
1.000000
0.437500
0.000000
0.125000
0.062500
0.562500
1.125000
1.187500
0.937500
0.750000
0.500000
0.125000
0.000000
0.000000
-0.437500
-0.562500
-0.562500
-0.562500
-0.937500
-0.875000
-0.750000
-0.250000
0.687500
1.812500
2.437500
3.000000
2.687500
2.562500
2.375000
2.187500
2.437500
2.437500
2.437500
2.750000
2.937500
3.250000
3.000000
2.000000
0.687500
0.312500
0.062500
0.000000
-0.500000
-0.812500
-0.687500
-0.250000
0.562500
1.375000
1.875000
1.937500
1.812500
1.500000
1.000000
1.062500
0.812500
0.937500
0.875000
1.187500
1.437500
1.250000
0.937500
1.062500
1.625000
2.062500
2.437500
2.375000
1.812500
1.000000
0.875000
0.687500
0.500000
0.062500
0.250000
0.125000
-0.062500
-0.375000
-0.625000
-1.375000
-2.062500
-2.937500
-3.250000
-2.625000
-2.062500
-0.937500
-0.625000
-0.500000
-0.437500
0.250000
0.625000
1.125000
0.562500
-0.062500
-0.250000
-0.187500
-0.625000
0.000000
-0.125000
-0.187500
-0.250000
-0.750000
-1.000000
-1.125000
-0.750000
-0.312500
-0.187500
-0.812500
-0.687500
-0.687500
-0.937500
-0.937500
-0.812500
-1.125000
-0.500000
-0.250000
-0.125000
0.125000
0.500000
0.687500
1.062500
1.312500
1.437500
1.562500
1.125000
0.125000
-0.500000
-1.000000
-0.687500
-0.562500
-0.250000
-0.062500
-0.125000
-0.062500
0.125000
0.187500
0.625000
0.687500
0.500000
0.250000
0.187500
0.125000
0.250000
0.250000
0.250000
0.187500
-0.125000
0.125000
0.750000
1.375000
1.687500
1.437500
1.062500
1.187500
1.562500
1.875000
1.750000
2.125000
2.500000
2.375000
2.062500
2.062500
1.625000
1.375000
1.187500
1.125000
0.375000
0.375000
0.375000
0.187500
0.187500
0.750000
1.187500
1.500000
1.687500
1.625000
1.687500
2.000000
2.375000
2.312500
2.250000
2.187500
2.187500
2.625000
3.000000
3.312500
3.500000
4.062500
4.687500
4.937500
5.437500
5.312500
5.375000
4.875000
4.875000
5.000000
4.500000
4.000000
3.500000
2.437500
1.562500
1.437500
0.687500
0.437500
0.437500
0.000000
0.187500
0.562500
0.937500
1.125000
1.250000
1.500000
1.562500
2.000000
2.375000
2.312500
2.437500
2.062500
2.000000
2.312500
2.312500
2.437500
2.500000
2.500000
2.250000
1.687500
1.062500
0.500000
0.125000
-0.062500
0.000000
0.125000
-0.062500
-0.125000
-0.500000
-0.625000
-0.812500
-1.375000
-1.187500
-1.500000
-1.687500
-1.812500
-1.250000
-1.312500
-0.687500
-0.250000
0.000000
-0.437500
-0.625000
-0.500000
-0.062500
0.000000
0.062500
0.187500
0.312500
0.187500
-0.125000
-0.687500
-0.750000
-0.937500
-0.812500
-1.687500
-2.625000
-2.812500
-2.750000
-2.562500
-2.312500
-2.375000
-2.312500
-1.812500
-0.750000
-0.312500
0.000000
-0.437500
-1.375000
-1.437500
-1.125000
-0.375000
-0.187500
-0.562500
-0.500000
-0.375000
-0.625000
-1.125000
-1.250000
-1.375000
-0.937500
-0.750000
-0.625000
-0.250000
-0.187500
0.250000
0.312500
-0.062500
-0.312500
-0.625000
-0.812500
-0.937500
-1.000000
-0.937500
-0.812500
-0.250000
-0.437500
-0.562500
-0.687500
-0.437500
-0.125000
0.375000
0.937500
1.562500
2.125000
2.812500
3.562500
4.125000
4.812500
4.437500
4.812500
5.187500
5.437500
6.062500
6.812500
7.250000
7.562500
7.625000
7.687500
8.125000
8.375000
8.625000
7.812500
7.375000
7.250000
7.125000
7.187500
6.625000
5.687500
4.937500
4.562500
4.500000
4.437500
4.812500
4.375000
3.625000
3.000000
2.437500
2.375000
2.500000
2.312500
2.187500
1.875000
1.562500
1.375000
1.125000
1.125000
1.250000
1.875000
2.250000
2.750000
3.375000
4.187500
5.750000
6.875000
6.937500
5.500000
10.000000
12.187500
13.625000
14.812500
15.000000
13.750000
12.125000
10.437500
9.437500
9.187500
9.937500
10.437500
10.562500
10.062500
8.375000
8.250000
8.812500
9.125000
9.375000
9.250000
8.625000
8.437500
8.062500
8.187500
8.187500
8.375000
8.500000
8.500000
8.937500
8.187500
7.687500
7.187500
7.562500
7.375000
7.000000
7.125000
6.750000
6.500000
6.312500
5.625000
5.875000
5.500000
5.812500
8.625000
12.500000
15.000000
16.687500
17.312500
17.625000
17.625000
17.500000
17.125000
16.312500
16.312500
18.000000
19.875000
19.562500
18.687500
18.000000
16.625000
15.937500
14.937500
14.312500
13.375000
12.312500
10.750000
8.937500
7.875000
6.687500
6.000000
5.375000
4.187500
2.500000
1.562500
0.500000
-1.062500
-2.250000
-2.937500
-3.250000
-2.687500
-0.562500
3.750000
9.000000
13.625000
18.625000
22.562500
26.500000
30.250000
33.187500
34.937500
34.437500
32.437500
30.000000
28.375000
27.687500
27.812500
28.437500
29.125000
27.937500
25.250000
21.750000
19.000000
15.000000
12.187500
10.875000
11.687500
11.250000
9.750000
8.937500
9.125000
10.250000
13.062500
16.937500
21.000000
23.750000
25.375000
25.875000
26.062500
26.937500
27.437500
25.500000
23.687500
21.062500
19.312500
17.375000
15.625000
13.750000
12.312500
11.000000
8.187500
4.687500
3.437500
2.937500
2.187500
1.562500
0.687500
-0.875000
-2.500000
-4.500000
-5.750000
-6.375000
-6.750000
-6.375000
-5.375000
-4.250000
-2.250000
0.000000
1.125000
1.250000
0.500000
-1.937500
-3.937500
-5.375000
-5.687500
-5.625000
-5.875000
-6.375000
-6.062500
-5.500000
-5.062500
-4.187500
-3.500000
-3.437500
-3.125000
-2.750000
-2.187500
-1.000000
-0.312500
-0.062500
0.687500
0.875000
0.937500
0.437500
0.250000
0.000000
-0.312500
-0.500000
-0.625000
-0.875000
-0.500000
-0.375000
-0.437500
-1.000000
-1.625000
-2.125000
-2.625000
-2.625000
-3.625000
-3.875000
-3.375000
-1.562500
0.000000
0.875000
1.000000
1.750000
2.125000
2.250000
2.250000
2.125000
1.687500
0.687500
-0.062500
-0.937500
-1.937500
-2.687500
-3.437500
-3.937500
-4.000000
-2.750000
-1.750000
-1.312500
-1.062500
-0.562500
-0.375000
-0.062500
0.250000
0.687500
0.312500
0.562500
0.375000
0.312500
0.187500
-0.500000
-0.812500
-0.687500
-0.625000
-0.312500
0.187500
0.562500
0.375000
-0.375000
-0.625000
-0.750000
-0.687500
-0.375000
0.062500
0.062500
0.187500
0.000000
-0.250000
-0.312500
-0.562500
-0.312500
-0.187500
0.250000
0.125000
-0.375000
-0.687500
-1.000000
-0.750000
-0.250000
-0.250000
-0.312500
-0.437500
-0.250000
-0.062500
0.000000
-0.187500
-0.437500
-0.375000
-0.187500
-0.062500
0.375000
0.187500
-0.312500
-1.250000
-1.687500
-1.625000
-1.750000
-2.250000
-2.562500
-2.875000
-2.625000
-1.812500
-1.250000
-0.937500
-0.437500
-0.062500
0.062500
0.000000
0.312500
-0.187500
-0.750000
-0.875000
-0.187500
0.250000
0.875000
1.062500
1.062500
0.625000
0.000000
-0.937500
-1.687500
-2.437500
-3.500000
-4.500000
-5.000000
-4.875000
-5.437500
-5.812500
-5.875000
-6.187500
-6.187500
-6.187500
-5.812500
-5.062500
-4.375000
-3.312500
-2.375000
-1.875000
-1.750000
-1.625000
-1.375000
-0.937500
-0.187500
0.187500
0.375000
1.000000
1.812500
2.125000
2.437500
2.375000
1.625000
1.187500
0.687500
-0.062500
-0.937500
-1.562500
-2.250000
-2.437500
-2.875000
-3.625000
-4.000000
-4.500000
-4.562500
-4.812500
-4.125000
-3.562500
-3.062500
-2.562500
-2.437500
-2.187500
-2.125000
-1.875000
-2.125000
-1.937500
-2.000000
-1.625000
-1.500000
-1.500000
-1.187500
-1.250000
-0.625000
-1.000000
-0.937500
-1.375000
-1.312500
-1.750000
-1.812500
-1.562500
-1.562500
-1.687500
-1.750000
-2.000000
-2.062500
-2.062500
-2.250000
-2.312500
-2.312500
-2.187500
-1.687500
-1.687500
-2.000000
-1.687500
-2.250000
-2.062500
-2.000000
-1.625000
-1.062500
-0.750000
-0.375000
-0.500000
-0.875000
-0.875000
-1.125000
-1.562500
-1.375000
-1.812500
-2.000000
-2.000000
-1.687500
-1.500000
-1.062500
-0.812500
-0.437500
-0.562500
-0.750000
-0.500000
-1.000000
-1.500000
-1.687500
-1.375000
-1.437500
-1.312500
-1.500000
-1.687500
-1.687500
-1.375000
-1.062500
-0.937500
-0.687500
-0.875000
-0.937500
-0.625000
-0.625000
-0.125000
-0.250000
-0.125000
-0.062500
-0.250000
0.062500
-0.062500
-0.375000
-1.000000
-1.312500
-1.625000
-2.000000
-2.375000
-2.062500
-1.875000
-1.562500
-1.125000
-1.375000
-0.937500
-1.000000
-1.437500
-1.500000
-1.812500
-1.937500
-2.000000
-1.750000
-1.812500
-1.812500
-1.687500
-1.500000
-1.750000
-1.250000
-0.750000
-0.625000
-0.125000
0.312500
0.375000
0.437500
0.437500
0.500000
0.312500
0.125000
0.812500
0.625000
0.750000
0.562500
0.312500
-0.250000
-0.312500
-0.687500
-1.187500
-2.125000
-2.625000
-2.500000
-2.375000
-2.250000
-2.062500
-2.000000
-1.562500
-1.187500
-1.125000
-0.312500
-0.312500
0.062500
0.187500
0.625000
0.625000
0.500000
0.312500
0.500000
0.437500
0.500000
0.625000
0.250000
-0.250000
-0.687500
-1.250000
-1.750000
-2.000000
-1.125000
-1.875000
-1.750000
-1.375000
-1.500000
-1.500000
-2.062500
-2.500000
-2.812500
-4.000000
-5.750000
-7.750000
-10.250000
-12.000000
-14.312500
-15.625000
-17.125000
-17.750000
-17.812500
-17.812500
-17.625000
-16.625000
-15.000000
-13.750000
-12.812500
-12.250000
-11.750000
-11.562500
-11.500000
-13.500000
-15.062500
-15.687500
-15.625000
-14.937500
-14.562500
-14.625000
-15.250000
-16.187500
-16.625000
-17.125000
-18.125000
-17.750000
-17.562500
-17.750000
-17.750000
-17.187500
-15.187500
-15.062500
-15.937500
-15.687500
-15.250000
-12.812500
-9.750000
-6.875000
-4.187500
-2.187500
-0.562500
0.187500
1.187500
0.812500
0.062500
-0.875000
-2.000000
-2.812500
-3.000000
-3.062500
-2.687500
-2.937500
-3.812500
-5.437500
-6.500000
-8.437500
-10.500000
-12.125000
-14.000000
-15.625000
-15.875000
-15.750000
-11.187500
-9.875000
-13.062500
-15.125000
-9.625000
-13.875000
-9.375000
-11.437500
-11.875000
-10.750000
-10.312500
-8.937500
-7.250000
-5.437500
-3.250000
-1.812500
0.812500
2.625000
3.062500
0.812500
-0.187500
-0.875000
0.562500
2.375000
5.250000
7.375000
9.437500
10.125000
9.562500
8.625000
8.687500
10.500000
12.562500
13.062500
13.062500
13.187500
12.000000
12.187500
12.437500
13.687500
15.000000
15.437500
15.000000
16.625000
18.625000
21.375000
21.437500
20.562500
18.250000
16.750000
16.000000
16.250000
16.625000
11.062500
10.250000
10.062500
7.750000
7.437500
7.500000
7.250000
7.750000
8.125000
8.375000
7.500000
7.250000
6.000000
4.812500
2.250000
0.875000
0.187500
-2.125000
-3.937500
-4.750000
-5.875000
-7.937500
-8.750000
-9.812500
-10.375000
-10.687500
-10.500000
-10.187500
-9.937500
-10.312500
-10.500000
-10.625000
-10.312500
-10.125000
-8.500000
-7.875000
-8.062500
-7.750000
-7.250000
-7.500000
-8.625000
-9.687500
-12.875000
-14.187500
-15.062500
-16.312500
-17.500000
-17.187500
-16.500000
-16.000000
-14.687500
-11.687500
-11.312500
-11.562500
-11.562500
-11.812500
-12.875000
-13.312500
-14.125000
-15.000000
-16.875000
-18.687500
-20.875000
-22.750000
-24.187500
-24.750000
-25.250000
-23.437500
-21.125000
-19.437500
-17.562500
-16.375000
-15.250000
-12.500000
-11.937500
-9.375000
-7.625000
-5.062500
-3.500000
-4.125000
-6.750000
-6.625000
-10.187500
-11.812500
-14.500000
-16.062500
-17.187500
-18.812500
-20.687500
-25.375000
-35.250000
-40.125000
-31.500000
-27.312500
-24.562500
-23.937500
-23.875000
-22.812500
-25.875000
-34.625000
-28.750000
-21.250000
-15.750000
-11.500000
-12.062500
-12.375000
-13.500000
-11.875000
-11.250000
-13.500000
-13.875000
-13.625000
-14.625000
-13.687500
-12.562500
-11.812500
-12.000000
-12.312500
-8.750000
-7.250000
-8.312500
-11.437500
-12.125000
-12.687500
-13.062500
-14.562500
-17.187500
-19.812500
-21.562500
-21.437500
-19.812500
-18.125000
-16.937500
-16.125000
-15.625000
-15.250000
-14.625000
-13.125000
-12.062500
-12.437500
-13.125000
-13.375000
-13.812500
-14.437500
-15.812500
-16.312500
-16.187500
-16.000000
-15.750000
-16.062500
-15.187500
-14.000000
-12.937500
-12.000000
-10.750000
-10.062500
-9.125000
-7.250000
-5.625000
-4.312500
-3.250000
-1.750000
-0.687500
1.000000
2.937500
4.812500
6.500000
8.625000
10.437500
10.437500
9.937500
9.125000
7.687500
6.437500
6.062500
5.937500
5.687500
4.875000
3.437500
1.437500
0.187500
-0.625000
-1.125000
-2.437500
-3.562500
-5.250000
-6.500000
-6.250000
-5.000000
-4.562500
-4.625000
-4.562500
-3.875000
-2.812500
-2.250000
-1.750000
-1.562500
-1.312500
-0.437500
0.250000
1.562500
2.312500
2.375000
2.500000
2.937500
2.875000
1.687500
0.250000
-1.000000
-2.187500
-3.000000
-2.750000
-2.437500
-2.187500
-2.625000
-3.500000
-4.562500
-5.625000
-6.625000
-7.937500
-9.375000
-10.375000
-10.375000
-10.312500
-9.187500
-7.625000
-6.187500
-4.500000
-2.937500
-1.187500
-0.562500
-0.312500
-0.625000
-1.687500
-2.625000
-3.250000
-2.625000
-2.375000
-2.750000
-3.687500
-4.187500
-4.250000
-4.437500
-5.625000
-6.250000
-7.000000
-7.500000
-7.875000
-8.125000
-7.750000
-6.625000
-5.562500
-5.000000
-4.312500
-3.500000
-3.062500
-3.000000
-3.375000
-3.500000
-3.812500
-4.187500
-4.625000
-5.250000
-6.375000
-7.250000
-8.812500
-9.875000
-10.750000
-10.562500
-10.375000
-11.062500
-12.000000
-13.875000
-14.687500
-26.937500
-23.187500
-18.125000
-14.875000
-20.062500
-17.187500
-16.562500
-15.750000
-16.250000
-15.625000
-15.250000
-13.375000
-12.625000
-11.750000
-10.687500
-9.937500
-8.750000
-8.375000
-8.312500
-8.062500
-8.687500
-9.187500
-9.500000
-9.000000
-8.000000
-7.500000
-6.125000
-5.625000
-5.000000
-4.312500
-3.000000
-1.500000
-0.187500
1.125000
2.000000
2.875000
3.625000
4.062500
4.250000
4.250000
4.250000
4.062500
3.625000
3.375000
2.875000
2.062500
1.312500
1.437500
1.812500
1.562500
1.875000
2.062500
1.812500
1.812500
1.500000
1.625000
1.875000
1.812500
1.875000
2.062500
2.312500
2.875000
2.750000
2.437500
2.312500
2.187500
1.875000
1.750000
1.937500
1.812500
2.187500
2.125000
1.875000
0.750000
-0.500000
-1.125000
-1.375000
-1.500000
-1.312500
-0.812500
0.250000
1.250000
1.875000
2.625000
2.562500
2.562500
2.687500
2.875000
2.250000
1.625000
0.187500
-1.000000
-1.750000
-1.750000
-1.562500
-1.375000
-0.875000
-0.625000
-0.062500
0.000000
-0.125000
-0.312500
-0.062500
0.000000
0.312500
0.437500
1.125000
1.375000
2.187500
3.000000
4.437500
5.750000
7.125000
7.937500
8.375000
8.375000
7.937500
7.750000
7.625000
7.562500
7.375000
7.937500
7.750000
7.875000
6.937500
6.000000
5.062500
3.875000
2.812500
1.937500
1.187500
0.125000
-0.812500
-1.062500
-0.437500
0.812500
1.687500
0.937500
0.000000
-0.562500
0.000000
0.375000
0.437500
0.187500
0.750000
1.000000
1.187500
1.687500
1.375000
1.500000
1.000000
0.625000
0.312500
0.187500
-0.375000
-1.062500
-1.437500
-1.312500
-1.750000
-2.187500
-3.125000
-4.000000
-5.562500
-6.750000
-7.625000
-8.312500
-8.937500
-10.125000
-11.375000
-11.812500
-11.687500
-11.250000
-10.812500
-10.125000
-9.375000
-8.750000
-7.187500
-5.312500
-3.937500
-3.125000
-2.937500
-3.375000
-4.250000
-4.812500
-5.187500
-4.937500
-3.625000
-2.250000
-1.625000
-1.375000
-1.187500
-2.250000
-3.187500
-4.125000
-4.812500
-5.562500
-5.625000
-5.125000
-4.562500
-3.875000
-2.875000
-1.875000
-0.750000
0.000000
0.375000
0.812500
1.562500
2.812500
3.000000
1.125000
-0.562500
-1.750000
-2.625000
-1.937500
-1.437500
-1.187500
-1.125000
-1.125000
-1.500000
-2.000000
-2.375000
-2.625000
-3.062500
-3.500000
-3.875000
-2.125000
-1.187500
-0.625000
0.000000
0.437500
0.375000
0.312500
0.937500
1.000000
2.750000
5.250000
7.625000
10.937500
13.812500
16.937500
17.937500
20.812500
22.937500
25.312500
29.062500
32.125000
34.250000
37.500000
40.125000
44.750000
46.812500
50.875000
55.125000
54.000000
48.375000
38.250000
28.812500
25.250000
23.750000
24.625000
24.062500
22.750000
21.125000
19.062500
18.125000
17.250000
19.562500
23.750000
27.687500
29.000000
28.625000
27.937500
27.625000
28.187500
28.437500
29.687500
29.125000
27.812500
26.812500
25.375000
23.750000
22.062500
21.125000
20.875000
20.187500
17.000000
13.812500
10.250000
9.062500
10.375000
12.000000
12.000000
10.937500
9.312500
7.437500
5.812500
4.437500
1.000000
-1.125000
-1.687500
-1.437500
-0.937500
-0.250000
1.937500
3.250000
4.625000
7.625000
10.875000
9.375000
10.812500
8.250000
3.250000
1.750000
2.437500
3.562500
4.625000
5.062500
5.125000
1.812500
1.125000
-2.125000
-4.062500
-2.812500
0.875000
2.125000
3.750000
5.062500
3.062500
5.250000
14.437500
18.437500
19.750000
19.750000
16.687500
16.500000
14.562500
10.062500
5.312500
0.500000
-3.937500
-8.875000
-13.750000
-16.562500
-16.062500
-19.125000
-19.687500
-17.562500
-14.687500
-12.250000
-11.437500
-8.937500
-7.000000
-5.375000
-5.062500
-4.687500
-1.812500
-4.375000
-0.500000
2.250000
3.875000
4.437500
7.687500
7.937500
7.562500
13.562500
10.687500
8.687500
11.437500
14.187500
9.562500
7.687500
8.250000
6.250000
7.187500
8.375000
5.437500
4.625000
9.250000
6.187500
10.375000
16.187500
17.437500
16.937500
17.437500
11.500000
12.125000
14.375000
15.000000
14.125000
14.312500
15.250000
16.187500
19.000000
21.437500
22.125000
18.000000
14.750000
11.750000
11.125000
10.062500
10.812500
10.625000
11.375000
11.500000
11.437500
11.437500
10.812500
12.562500
13.062500
12.125000
12.687500
13.625000
16.250000
22.000000
24.250000
29.250000
33.125000
35.437500
36.250000
38.562500
40.750000
44.000000
44.625000
43.000000
43.687500
40.187500
36.000000
33.312500
31.562500
28.000000
25.125000
24.062500
23.562500
22.937500
20.000000
16.312500
13.875000
13.125000
13.937500
13.000000
14.500000
14.250000
10.250000
5.812500
3.125000
3.750000
4.500000
3.312500
4.000000
3.875000
2.562500
1.062500
-0.875000
1.312500
5.125000
4.812500
3.312500
4.500000
2.875000
3.062500
3.437500
3.687500
4.437500
5.812500
8.125000
10.312500
10.125000
6.750000
5.250000
2.750000
2.000000
-0.500000
-3.875000
-4.125000
-1.875000
0.187500
1.750000
5.437500
4.687500
5.812500
7.562500
4.937500
0.812500
-2.250000
-3.562500
-3.625000
-2.375000
-3.437500
-2.937500
-4.250000
-8.125000
-9.000000
-9.500000
-10.250000
-9.187500
-8.687500
-7.375000
-5.062500
-5.062500
-7.500000
-7.250000
-8.125000
-7.937500
-8.875000
-10.250000
-11.812500
-11.687500
-11.187500
-9.750000
-8.000000
-8.437500
-8.250000
-7.312500
-6.500000
-4.625000
-1.062500
1.625000
2.875000
2.687500
3.000000
2.750000
3.125000
3.250000
3.437500
3.875000
5.500000
6.937500
8.750000
11.937500
14.812500
16.375000
17.187500
17.187500
16.125000
15.750000
15.125000
14.437500
12.687500
9.250000
4.750000
1.500000
-1.437500
-3.875000
-6.375000
-7.250000
-7.625000
-8.312500
-8.750000
-8.125000
-6.562500
-4.500000
-2.875000
-1.500000
-1.062500
-0.062500
0.500000
0.312500
-0.062500
0.312500
1.562500
2.437500
2.437500
2.187500
1.750000
1.437500
1.750000
2.000000
2.375000
2.687500
2.187500
1.625000
0.500000
-0.500000
-0.812500
-0.500000
-0.625000
-0.500000
-0.437500
0.437500
1.375000
2.250000
2.437500
1.875000
1.875000
2.375000
2.625000
2.937500
2.312500
1.250000
0.250000
-0.437500
-0.687500
-1.250000
-1.500000
-2.000000
-2.562500
-3.500000
-5.187500
-5.500000
-5.437500
-5.562500
-6.000000
-5.062500
-3.187500
-0.437500
2.250000
4.687500
6.500000
7.812500
8.500000
8.687500
8.000000
7.062500
5.750000
4.500000
3.000000
2.062500
1.000000
0.312500
0.000000
0.125000
0.125000
0.062500
0.437500
1.187500
1.625000
2.312500
2.687500
3.125000
3.062500
2.937500
2.625000
2.250000
1.937500
1.562500
1.437500
0.750000
-0.437500
-1.687500
-2.875000
-3.625000
-4.125000
-3.750000
-3.187500
-3.000000
-2.625000
-2.750000
-2.312500
-1.812500
-1.500000
-1.500000
-2.125000
-2.875000
-4.250000
-4.500000
-4.250000
-3.437500
-2.125000
-1.062500
-0.687500
-0.500000
-1.250000
-2.000000
-3.062500
-3.625000
-3.875000
-4.062500
-4.000000
-3.812500
-3.750000
-3.625000
-3.375000
-3.750000
-3.937500
-4.687500
-4.937500
-5.000000
-4.500000
-4.125000
-3.625000
-2.750000
-1.562500
-0.937500
-0.062500
-0.187500
0.062500
0.000000
-0.250000
-0.812500
-1.687500
-3.062500
-4.125000
-5.625000
-6.125000
-6.125000
-4.750000
-3.937500
-2.937500
-1.937500
-1.062500
-0.875000
-0.875000
-2.250000
-3.375000
-4.500000
-4.937500
-5.062500
-5.937500
-5.937500
-6.562500
-6.625000
-6.000000
-5.687500
-5.375000
-5.000000
-5.000000
-4.687500
-3.750000
-3.250000
-2.937500
-2.437500
-2.312500
-2.250000
-2.812500
-2.875000
-2.562500
-2.437500
-2.375000
-2.250000
-2.375000
-2.437500
-2.125000
-2.750000
-3.250000
-3.812500
-4.062500
-5.000000
-6.750000
-8.500000
-9.875000
-11.000000
-11.062500
-10.062500
-8.750000
-7.187500
-5.625000
-4.500000
-3.687500
-2.875000
-2.312500
-2.312500
-2.250000
-1.937500
-1.375000
-0.687500
-0.125000
0.187500
1.000000
2.125000
3.812500
4.875000
5.312500
5.312500
5.375000
5.062500
5.125000
5.062500
5.125000
5.250000
5.125000
4.625000
4.312500
3.375000
2.375000
1.312500
1.000000
0.312500
0.187500
0.000000
-0.312500
-1.687500
-2.625000
-3.687500
-4.500000
-4.812500
-4.812500
-4.562500
-4.125000
-3.250000
-2.875000
-2.812500
-2.750000
-2.312500
-2.312500
-1.937500
-1.437500
-0.750000
0.000000
0.875000
1.437500
2.000000
2.000000
2.187500
1.062500
0.500000
0.312500
0.125000
-0.250000
-0.187500
-0.250000
-0.125000
0.312500
0.437500
0.937500
1.125000
0.750000
0.875000
0.937500
1.437500
2.312500
2.750000
2.500000
2.437500
1.937500
2.000000
2.437500
2.750000
3.187500
3.437500
3.812500
4.187500
4.250000
3.875000
3.562500
3.000000
2.625000
1.750000
1.187500
0.812500
0.437500
0.125000
0.312500
0.250000
0.000000
-0.750000
-1.062500
-1.062500
-0.875000
-0.250000
0.187500
1.250000
1.875000
2.687500
3.000000
3.562500
3.625000
3.312500
2.562500
2.062500
1.625000
0.937500
0.500000
0.000000
-0.437500
-0.875000
-1.562500
-2.125000
-2.375000
-2.312500
-2.250000
-2.250000
-2.375000
-2.562500
-2.500000
-2.062500
-1.812500
-1.562500
-1.312500
-0.937500
-1.187500
-2.062500
-3.437500
-5.125000
-5.937500
-6.437500
-6.375000
-6.750000
-7.625000
-8.875000
-9.687500
-10.312500
-10.375000
-10.187500
-10.250000
-10.687500
-10.687500
-10.875000
-11.312500
-11.625000
-11.312500
-10.437500
-10.062500
-8.875000
-8.500000
-7.687500
-6.625000
-5.562500
-5.000000
-4.875000
-4.937500
-4.937500
-4.750000
-4.250000
-3.937500
-2.687500
-2.000000
-0.500000
0.250000
0.875000
0.375000
0.000000
-0.875000
-0.937500
-1.812500
-2.687500
-3.062500
-3.812500
-4.125000
-4.687500
-6.000000
-7.812500
-9.187500
-9.625000
-9.687500
-8.750000
-8.437500
-8.687500
-14.125000
-13.875000
-11.687500
-10.687500
-10.312500
-7.937500
-6.500000
-4.875000
-4.500000
0.812500
6.000000
2.625000
3.750000
1.125000
-2.312500
-2.062500
1.375000
-2.812500
0.000000
-4.062500
-1.812500
-6.125000
1.812500
-0.750000
4.125000
4.125000
3.812500
4.062500
5.125000
8.062500
11.125000
13.187500
14.750000
15.625000
14.562500
12.375000
9.875000
9.187500
7.500000
5.812500
4.687500
3.437500
2.875000
3.750000
5.000000
5.125000
4.125000
3.937500
2.375000
0.062500
-1.250000
-2.250000
-3.875000
-5.000000
-5.812500
-4.625000
-2.562500
-1.000000
0.500000
2.062500
4.250000
6.875000
8.687500
9.312500
8.312500
7.437500
5.625000
4.625000
4.125000
2.312500
-0.250000
-2.312500
-4.375000
-6.375000
-8.875000
-11.687500
-14.500000
-16.562500
-17.437500
-18.500000
-19.062500
-16.812500
-14.000000
-12.500000
-12.750000
-12.812500
-11.062500
-9.000000
-6.187500
-5.187500
-4.312500
-2.937500
-2.750000
-2.562500
-3.437500
-3.125000
-3.437500
-2.812500
-2.125000
-1.250000
-1.187500
-3.187500
-5.875000
-6.375000
-4.750000
-3.125000
-1.625000
0.062500
1.937500
4.062500
5.875000
7.562500
8.562500
10.062500
11.687500
12.750000
13.937500
14.562500
15.812500
16.437500
16.187500
14.125000
11.000000
8.125000
4.000000
1.625000
0.812500
0.250000
1.687500
2.500000
2.437500
1.875000
0.937500
0.000000
-0.500000
0.312500
0.625000
2.125000
5.437500
7.937500
10.687500
12.750000
13.562500
13.750000
14.187500
14.000000
13.062500
12.375000
11.187500
10.437500
10.500000
10.250000
9.312500
7.875000
5.750000
3.562500
1.375000
-0.500000
-2.562500
-4.125000
-4.562500
-4.312500
-3.875000
-2.875000
-2.000000
-1.312500
-1.562500
-1.500000
-2.000000
-1.625000
-2.187500
-3.812500
-5.812500
-6.875000
-7.500000
-7.000000
-6.875000
-6.187500
-5.750000
-5.312500
-5.500000
-5.812500
-6.062500
-5.750000
-6.062500
-6.437500
-7.000000
-7.312500
-7.437500
-6.625000
-5.437500
-3.937500
-3.062500
-2.625000
-1.687500
-0.500000
-0.687500
-1.187500
-0.687500
0.000000
0.812500
1.125000
0.750000
0.812500
1.312500
1.750000
2.125000
2.937500
4.062500
4.437500
4.562500
4.687500
4.625000
4.750000
4.750000
5.125000
4.875000
4.875000
4.750000
4.812500
4.750000
4.812500
4.750000
5.437500
5.250000
4.750000
3.875000
3.062500
2.000000
1.250000
1.000000
0.562500
-0.437500
-1.312500
-2.062500
-3.062500
-3.875000
-4.375000
-4.562500
-4.812500
-5.062500
-5.062500
-6.500000
-6.500000
-6.937500
-7.187500
-7.125000
-7.250000
-7.437500
-7.625000
-8.250000
-8.937500
-10.062500
-10.250000
-10.437500
-10.500000
-10.187500
-9.750000
-9.812500
-9.750000
-9.687500
-9.000000
-7.937500
-6.750000
-6.062500
-5.250000
-4.937500
-4.500000
-4.062500
-3.125000
-2.437500
-2.187500
-2.250000
-2.312500
-2.250000
-2.687500
-3.437500
-4.375000
-4.937500
-5.750000
-6.875000
-7.625000
-7.875000
-8.187500
-8.437500
-8.125000
-8.000000
-8.125000
-7.750000
-7.312500
-6.437500
-6.187500
-6.187500
-6.500000
-6.687500
-6.875000
-7.312500
-7.875000
-8.250000
-8.500000
-8.687500
-9.500000
-10.062500
-10.687500
-11.187500
-11.687500
-11.937500
-11.750000
-11.312500
-11.062500
-10.875000
-10.312500
-10.500000
-10.625000
-10.687500
-10.812500
-11.062500
-11.312500
-11.312500
-10.750000
-10.250000
-9.250000
-9.062500
-8.375000
-7.562500
-6.437500
-5.875000
-4.812500
-4.687500
-4.562500
-4.937500
-4.937500
-5.000000
-4.125000
-4.875000
-6.000000
-6.062500
-5.750000
-5.625000
-5.937500
-6.375000
-6.562500
-6.687500
-7.062500
-7.687500
-7.562500
-7.750000
-7.375000
-7.375000
-7.625000
-7.437500
-7.437500
-7.375000
-7.125000
-7.125000
-7.000000
-7.062500
-7.312500
-7.125000
-6.500000
-5.875000
-5.812500
-6.125000
-6.312500
-6.125000
-5.687500
-5.500000
-5.625000
-5.687500
-6.000000
-6.062500
-6.187500
-6.437500
-6.187500
-5.625000
-4.687500
-4.187500
-3.500000
-3.312500
-3.000000
-2.812500
-2.375000
-2.625000
-2.937500
-3.437500
-3.125000
-2.812500
-3.125000
-3.312500
-3.812500
-3.812500
-3.687500
-3.875000
-3.875000
-3.375000
-3.125000
-2.812500
-2.562500
-2.250000
-2.125000
-2.875000
-3.937500
-4.812500
-5.750000
-5.812500
-6.312500
-7.125000
-7.687500
-8.562500
-9.312500
-9.625000
-9.250000
-9.125000
-8.562500
-8.500000
-8.500000
-8.500000
-8.500000
-8.437500
-9.187500
-9.625000
-9.937500
-10.187500
-10.250000
-10.250000
-10.062500
-9.937500
-9.562500
-9.312500
-9.062500
-8.562500
-7.625000
-7.312500
-7.187500
-7.062500
-6.937500
-6.937500
-7.312500
-7.812500
-7.937500
-7.812500
-7.500000
-7.562500
-7.187500
-7.062500
-7.312500
-7.500000
-7.062500
-6.750000
-6.750000
-6.375000
-6.625000
-6.437500
-6.562500
-7.062500
-6.750000
-6.437500
-5.937500
-5.312500
-4.000000
-3.187500
-3.500000
-3.625000
-3.812500
-3.875000
-3.625000
-3.187500
-2.312500
-2.062500
-1.812500
-1.250000
-1.000000
-0.937500
-1.125000
-0.750000
-1.125000
-1.437500
-2.062500
-2.562500
-2.312500
-2.187500
-2.312500
-2.687500
-2.937500
-3.250000
-3.875000
-4.000000
-4.437500
-4.562500
-4.750000
-4.625000
-4.437500
-4.625000
-4.375000
-4.375000
-4.812500
-5.500000
-5.562500
-6.125000
-6.812500
-7.250000
-7.187500
-7.000000
-6.750000
-6.125000
-6.187500
-6.187500
-6.250000
-6.125000
-6.125000
-6.000000
-5.875000
-5.937500
-6.437500
-7.187500
-8.000000
-8.312500
-8.250000
-8.562500
-8.812500
-9.437500
-9.625000
-10.312500
-10.625000
-11.375000
-12.500000
-13.562500
-14.687500
-16.062500
-16.937500
-16.250000
-15.875000
-16.187500
-16.812500
-16.437500
-16.312500
-15.750000
-14.875000
-13.875000
-13.437500
-12.375000
-12.437500
-11.625000
-10.812500
-10.500000
-10.312500
-10.687500
-11.125000
-10.875000
-10.875000
-10.687500
-10.625000
-10.500000
-10.312500
-9.375000
-8.937500
-7.937500
-7.687500
-7.000000
-6.812500
-6.312500
-5.625000
-4.750000
-4.000000
-3.750000
-3.187500
-2.500000
-2.437500
-2.187500
-2.250000
-1.500000
-0.812500
-0.062500
0.000000
0.437500
0.312500
0.375000
1.000000
1.187500
1.437500
2.062500
2.625000
3.125000
3.437500
3.812500
3.500000
3.750000
4.062500
4.937500
5.875000
6.625000
7.000000
7.687500
8.000000
8.937500
9.562500
10.437500
10.937500
11.937500
12.375000
14.250000
16.125000
18.750000
20.062500
22.062500
25.125000
27.312500
27.937500
28.687500
30.625000
33.000000
34.937500
36.187500
36.750000
37.812500
39.062500
41.125000
42.812500
44.312500
46.000000
48.562500
51.062500
54.250000
57.937500
61.187500
63.937500
65.937500
69.062500
73.125000
76.625000
78.812500
80.812500
82.687500
84.875000
88.125000
90.937500
94.437500
98.000000
102.187500
105.375000
109.437500
112.687500
113.937500
115.250000
116.875000
119.750000
122.625000
124.812500
125.375000
126.812500
128.062500
129.125000
130.625000
133.562500
137.062500
140.312500
143.312500
147.812500
155.875000
163.375000
167.062500
167.687500
171.687500
177.062500
180.312500
180.250000
179.375000
178.937500
179.062500
180.000000
181.312500
183.750000
186.812500
191.750000
197.125000
200.312500
200.875000
200.812500
198.812500
194.750000
189.875000
184.812500
180.000000
176.437500
172.812500
169.437500
166.750000
166.625000
166.250000
165.312500
167.562500
173.062500
179.000000
183.250000
188.000000
191.750000
194.937500
198.625000
202.312500
205.750000
207.937500
208.750000
210.250000
209.375000
208.062500
207.437500
206.625000
204.250000
201.625000
201.125000
201.125000
201.312500
202.687500
205.562500
208.312500
207.875000
208.187500
208.875000
208.375000
206.375000
203.562500
202.250000
200.750000
198.812500
196.500000
193.500000
189.937500
187.937500
185.375000
183.750000
182.250000
180.562500
177.375000
172.000000
168.500000
163.750000
159.937500
156.500000
153.625000
152.375000
151.125000
152.062500
154.750000
155.937500
155.437500
156.375000
154.750000
153.250000
150.125000
146.375000
143.750000
139.562500
135.187500
132.500000
129.687500
128.312500
127.812500
129.687500
127.437500
126.125000
124.500000
127.312500
128.812500
129.250000
132.000000
136.625000
140.062500
144.937500
148.312500
148.937500
149.125000
149.687500
150.687500
152.937500
152.812500
151.937500
151.750000
150.625000
148.125000
144.562500
140.750000
137.875000
134.687500
132.062500
130.687500
130.250000
129.125000
126.562500
124.125000
122.500000
122.000000
121.500000
119.812500
117.250000
112.812500
107.375000
100.875000
94.625000
87.937500
82.062500
76.812500
72.125000
67.687500
62.437500
58.125000
54.500000
51.000000
48.000000
44.937500
40.437500
36.000000
32.312500
28.250000
24.687500
20.875000
19.250000
18.500000
19.437500
20.062500
20.250000
20.187500
20.875000
22.250000
22.562500
22.062500
21.250000
19.562500
17.375000
15.812500
15.000000
14.125000
13.375000
12.812500
11.875000
11.562500
11.937500
12.125000
12.250000
12.687500
13.625000
14.750000
15.625000
15.812500
15.312500
14.250000
14.062500
13.812500
13.187500
13.250000
12.812500
12.562500
11.187500
9.125000
8.500000
6.875000
4.812500
2.375000
0.437500
-0.937500
-2.187500
-2.437500
-2.937500
-5.250000
-6.312500
-7.250000
-8.125000
-9.375000
-10.687500
-11.375000
-10.875000
-9.125000
-7.375000
-7.312500
-7.812500
-8.625000
-10.000000
-10.937500
-12.562500
-14.250000
-15.125000
-14.750000
-14.750000
-14.062500
-13.062500
-11.812500
-9.375000
-7.187500
-5.562500
-4.562500
-3.687500
-3.750000
-4.250000
-4.500000
-4.625000
-4.250000
-3.875000
-4.062500
-3.687500
-4.000000
-4.750000
-6.500000
-8.625000
-11.562500
-13.687500
-16.000000
-17.125000
-17.687500
-18.437500
-18.875000
-19.000000
-19.562500
-19.875000
-19.187500
-17.875000
-16.562500
-15.500000
-13.937500
-12.750000
-11.125000
-7.937500
-5.187500
-3.437500
-2.187500
-1.937500
-2.375000
-3.562500
-5.375000
-6.625000
-8.000000
-9.375000
-11.062500
-12.437500
-13.812500
-15.625000
-17.125000
-18.312500
-18.375000
-18.812500
-17.625000
-15.625000
-13.625000
-12.125000
-10.812500
-10.062500
-9.625000
-8.687500
-7.187500
-5.875000
-4.375000
-4.250000
-4.125000
-4.500000
-4.500000
-4.437500
-4.750000
-4.375000
-3.875000
-3.562500
-2.937500
-3.062500
-4.187500
-5.812500
-7.687500
-8.750000
-9.562500
-8.187500
-6.687500
-4.625000
-2.625000
-0.187500
2.375000
4.750000
5.875000
6.187500
5.625000
5.062500
3.812500
2.562500
1.062500
0.187500
-0.375000
-1.187500
-2.375000
-3.375000
-3.687500
-4.250000
-4.875000
-5.250000
-5.562500
-6.312500
-6.875000
-7.125000
-7.000000
-7.125000
-6.125000
-5.625000
-5.000000
-4.000000
-3.437500
-2.875000
-1.687500
-1.375000
-1.312500
-1.750000
-2.437500
-2.625000
-2.562500
-2.312500
-1.937500
-1.250000
-0.625000
-0.437500
-0.187500
-0.375000
-0.875000
-1.625000
-1.937500
-2.375000
-2.500000
-3.125000
-3.500000
-3.312500
-3.625000
-3.812500
-4.312500
-4.500000
-4.375000
-3.687500
-2.750000
-2.625000
-2.437500
-2.375000
-2.500000
-2.937500
-3.187500
-2.875000
-3.000000
-2.812500
-3.437500
-4.187500
-5.375000
-6.875000
-8.562500
-10.062500
-12.000000
-13.812500
-15.687500
-17.937500
-19.625000
-20.687500
-21.437500
-22.312500
-22.625000
-23.187500
-23.750000
-23.437500
-23.500000
-23.687500
-24.125000
-25.062500
-26.625000
-28.437500
-29.812500
-30.625000
-30.125000
-28.937500
-27.375000
-26.500000
-25.375000
-24.500000
-23.875000
-23.312500
-22.500000
-21.750000
-21.187500
-20.812500
-19.625000
-18.062500
-17.000000
-16.187500
-15.625000
-16.312500
-14.000000
-12.937500
-14.187500
-15.375000
-15.375000
-15.375000
-15.437500
-15.375000
-15.187500
-14.500000
-13.750000
-13.562500
-13.250000
-13.375000
-13.437500
-12.937500
-13.437500
-14.000000
-14.500000
-14.437500
-13.687500
-12.500000
-11.125000
-9.812500
-8.187500
-7.062500
-5.875000
-5.375000
-5.625000
-6.750000
-7.125000
-7.687500
-7.812500
-7.750000
-7.687500
-7.375000
-7.187500
-6.937500
-6.750000
-6.250000
-6.000000
-5.500000
-5.125000
-4.625000
-4.437500
-4.500000
-3.875000
-3.437500
-2.937500
-2.500000
-1.625000
-0.937500
-0.375000
0.187500
0.750000
1.375000
2.500000
3.500000
4.375000
4.687500
4.687500
4.312500
3.437500
2.000000
0.562500
-0.750000
-2.437500
-3.937500
-5.500000
-6.625000
-7.000000
-7.250000
-6.937500
-6.750000
-6.437500
-6.187500
-5.937500
-5.937500
-6.000000
-6.125000
-6.687500
-6.812500
-7.187500
-7.625000
-8.000000
-8.687500
-9.625000
-10.312500
-11.250000
-12.187500
-13.125000
-14.187500
-15.250000
-16.562500
-17.687500
-19.062500
-21.187500
-22.875000
-25.125000
-27.375000
-29.812500
-32.000000
-35.250000
-37.875000
-41.250000
-44.250000
-47.812500
-50.437500
-53.375000
-56.437500
-59.187500
-60.875000
-62.625000
-64.375000
-65.750000
-67.312500
-69.437500
-71.437500
-73.125000
-75.875000
-79.750000
-83.625000
-87.875000
-93.062500
-99.187500
-105.750000
-113.687500
-121.312500
-129.437500
-137.687500
-146.437500
-155.625000
-165.750000
-174.687500
-182.000000
-188.437500
-194.500000
-197.375000
-199.812500
-203.250000
-206.375000
-209.562500
-210.500000
-208.312500
-206.562500
-220.437500
-213.937500
-197.187500
-190.875000
-189.687500
-188.062500
-186.625000
-185.687500
-183.812500
-183.562500
-184.750000
-188.625000
-193.500000
-197.687500
-202.187500
-206.500000
-210.812500
-215.562500
-218.250000
-222.937500
-228.312500
-235.812500
-244.187500
-252.125000
-259.250000
-267.437500
-277.562500
-293.687500
-312.812500
-331.500000
-347.312500
-358.250000
-366.125000
-381.125000
-400.937500
-418.187500
-426.125000
-426.125000
-422.062500
-416.812500
-416.937500
-421.000000
-424.125000
-425.125000
-419.125000
-414.750000
-412.625000
-404.312500
-397.687500
-393.062500
-384.312500
-371.625000
-360.687500
-354.062500
-349.500000
-348.937500
-354.625000
-357.125000
-353.875000
-342.250000
-327.125000
-312.062500
-298.562500
-287.187500
-282.437500
-278.750000
-274.812500
-267.687500
-258.687500
-249.625000
-241.500000
-235.187500
-231.250000
-225.812500
-220.562500
-217.687500
-215.312500
-212.687500
-212.062500
-212.125000
-211.250000
-208.750000
-204.437500
-195.937500
-185.500000
-173.312500
-163.750000
-156.875000
-152.500000
-150.000000
-149.687500
-152.250000
-155.187500
-158.562500
-160.625000
-161.375000
-161.125000
-160.625000
-158.625000
-155.687500
-155.062500
-156.562500
-159.750000
-162.000000
-163.437500
-163.187500
-162.875000
-161.125000
-160.375000
-162.125000
-165.125000
-166.812500
-167.250000
-166.250000
-163.812500
-162.250000
-162.437500
-162.437500
-161.875000
-161.187500
-161.687500
-164.812500
-170.062500
-176.500000
-178.625000
-179.125000
-178.312500
-175.187500
-171.687500
-169.250000
-167.000000
-166.000000
-164.187500
-161.562500
-158.812500
-157.000000
-159.625000
-156.937500
-155.375000
-156.875000
-157.500000
-158.187500
-158.625000
-156.687500
-151.625000
-147.875000
-145.062500
-143.437500
-141.500000
-138.625000
-135.875000
-132.875000
-131.062500
-129.312500
-127.687500
-125.687500
-122.937500
-119.125000
-114.750000
-110.562500
-107.312500
-105.062500
-106.437500
-108.937500
-108.875000
-107.312500
-105.250000
-103.562500
-101.750000
-99.937500
-98.562500
-98.562500
-99.812500
-101.000000
-101.750000
-102.375000
-103.625000
-104.562500
-104.437500
-102.750000
-101.750000
-101.000000
-100.812500
-101.937500
-103.187500
-103.750000
-103.250000
-102.500000
-102.375000
-102.062500
-102.000000
-101.250000
-100.125000
-96.687500
-93.000000
-88.562500
-81.250000
-74.500000
-69.625000
-66.812500
-64.375000
-62.187500
-62.875000
-63.187500
-63.812500
-64.437500
-64.375000
-63.437500
-66.812500
-67.250000
-67.125000
-67.750000
-66.500000
-65.000000
-63.812500
-61.375000
-59.437500
-56.750000
-54.937500
-53.062500
-51.812500
-47.562500
-43.000000
-38.000000
-34.375000
-29.187500
-23.937500
-19.125000
-17.437500
-15.750000
-14.562500
-14.125000
-13.937500
-15.812500
-18.062500
-21.687500
-25.437500
-29.187500
-30.500000
-32.000000
-31.125000
-29.562500
-27.937500
-26.750000
-25.437500
-22.500000
-19.500000
-15.812500
-11.937500
-7.437500
-4.000000
-0.687500
3.062500
6.687500
9.437500
10.937500
11.625000
13.562500
13.875000
11.812500
12.312500
11.312500
10.375000
8.875000
7.062500
6.062500
5.875000
5.437500
5.687500
3.250000
2.875000
3.125000
2.187500
1.562500
0.750000
-0.187500
-0.750000
-1.687500
-1.500000
-1.125000
-1.687500
-2.250000
-2.250000
-2.562500
-3.875000
-3.625000
-4.500000
-5.250000
-5.750000
-6.000000
-7.250000
-9.500000
-11.750000
-13.187500
-14.500000
-18.000000
-20.812500
-22.312500
-24.687500
-26.375000
-27.437500
-28.000000
-29.312500
-31.375000
-32.187500
-31.562500
-31.375000
-32.750000
-33.125000
-33.250000
-33.750000
-34.625000
-34.812500
-34.187500
-32.437500
-30.500000
-27.500000
-24.500000
-21.812500
-18.625000
-15.125000
-11.437500
-8.375000
-5.750000
-3.125000
0.250000
3.000000
7.000000
8.375000
10.125000
9.937500
10.750000
10.500000
10.875000
8.937500
7.375000
6.437500
6.937500
5.875000
5.812500
5.750000
5.250000
5.687500
5.125000
4.250000
3.437500
2.625000
2.062500
1.500000
1.687500
1.750000
1.875000
1.500000
1.125000
1.312500
0.187500
0.000000
-0.250000
-0.500000
-1.000000
-0.750000
-0.625000
-0.625000
-0.625000
-0.437500
-0.437500
-0.937500
-1.125000
-1.000000
-2.437500
-3.625000
-4.812500
-4.812500
-3.625000
-4.000000
-5.187500
-4.187500
-3.500000
-3.562500
-3.500000
-3.625000
-4.125000
-4.000000
-4.125000
-4.687500
-4.687500
-4.812500
-4.687500
-4.562500
-4.937500
-4.312500
-3.125000
-1.812500
-0.750000
0.187500
0.812500
0.937500
1.187500
1.250000
0.625000
0.187500
-0.062500
-0.625000
-0.187500
-0.062500
0.625000
1.500000
3.062500
3.562500
3.875000
4.187500
4.375000
3.750000
2.750000
1.812500
0.500000
-0.812500
-2.437500
-3.750000
-4.812500
-5.125000
-5.312500
-5.375000
-6.437500
-7.500000
-8.000000
-8.562500
-8.937500
-9.312500
-9.312500
-8.750000
-7.937500
-6.437500
-5.187500
-3.812500
-2.750000
-1.625000
-0.812500
-0.125000
0.187500
0.687500
1.187500
2.000000
1.875000
0.875000
1.250000
1.812500
1.875000
1.750000
2.625000
2.937500
2.875000
2.125000
1.812500
2.437500
3.187500
4.125000
5.500000
7.000000
9.250000
11.437500
13.875000
16.125000
17.750000
20.000000
22.625000
22.062500
22.937500
23.687500
24.000000
21.875000
20.125000
17.375000
14.875000
13.812500
14.750000
13.875000
13.687500
12.812500
10.687500
8.312500
5.125000
3.437500
2.937500
1.937500
0.875000
0.187500
1.062500
2.500000
4.250000
6.125000
8.125000
9.937500
10.937500
11.437500
12.000000
12.125000
11.687500
12.000000
9.937500
8.937500
7.062500
5.375000
3.062500
1.437500
1.062500
0.437500
0.312500
0.187500
0.250000
0.000000
-1.375000
-2.500000
-3.312500
-3.562500
-4.062500
-3.937500
-3.312500
-2.375000
-1.562500
-0.687500
0.125000
0.375000
0.812500
1.812500
3.250000
4.437500
6.187500
8.562500
10.500000
12.250000
14.500000
16.687500
18.687500
20.500000
23.812500
27.000000
28.312500
30.812500
33.875000
37.125000
41.312500
45.625000
50.375000
56.312500
61.750000
66.875000
72.187500
76.312500
80.312500
84.312500
87.875000
94.125000
99.500000
104.250000
110.250000
115.875000
120.750000
124.750000
128.312500
131.375000
134.687500
135.437500
134.812500
135.062500
136.062500
137.375000
140.062500
140.687500
140.687500
140.812500
140.062500
138.312500
137.437500
137.187500
138.625000
138.937500
139.187500
139.312500
139.437500
139.125000
138.000000
137.687500
139.937500
143.562500
148.187500
152.437500
156.687500
161.437500
165.375000
168.437500
171.000000
172.125000
171.687500
169.937500
166.250000
162.250000
158.812500
156.125000
154.250000
152.312500
151.375000
150.875000
152.062500
154.875000
158.062500
163.000000
169.562500
177.875000
187.750000
197.625000
205.750000
211.187500
216.500000
220.500000
222.437500
221.437500
218.562500
216.687500
215.187500
213.812500
212.937500
210.437500
207.125000
202.812500
196.875000
190.062500
182.875000
176.062500
168.625000
160.625000
151.687500
142.000000
132.625000
124.875000
118.750000
115.687500
115.000000
116.250000
119.062500
121.750000
124.500000
128.562500
134.937500
142.187500
149.812500
156.062500
160.812500
164.062500
167.312500
171.000000
174.937500
178.500000
181.125000
182.625000
182.000000
179.187500
174.562500
169.812500
165.562500
162.437500
159.062500
155.500000
150.375000
144.687500
136.375000
129.187500
122.250000
115.875000
109.312500
103.500000
98.687500
95.187500
94.312500
95.687500
98.437500
103.062500
109.437500
116.500000
123.312500
128.062500
130.437500
131.937500
133.500000
134.562500
135.000000
134.812500
133.687500
131.562500
127.375000
122.687500
116.687500
110.812500
104.625000
99.250000
93.562500
87.750000
82.187500
77.437500
73.312500
69.562500
65.375000
60.812500
56.312500
53.750000
52.375000
52.437500
53.000000
54.812500
56.187500
57.750000
58.125000
58.187500
58.437500
59.125000
58.500000
58.437500
57.812500
56.812500
56.062500
55.312500
53.500000
51.062500
47.000000
42.437500
38.125000
34.625000
31.750000
28.562500
24.437500
20.312500
16.437500
12.687500
9.625000
7.687500
6.562500
6.062500
6.250000
7.062500
9.125000
12.125000
15.062500
16.812500
17.937500
19.187500
20.750000
22.062500
23.937500
23.500000
21.312500
19.375000
18.687500
17.625000
16.000000
14.500000
13.375000
12.812500
12.375000
11.750000
11.062500
11.062500
11.625000
12.562500
13.625000
14.562500
14.812500
15.000000
14.312500
13.937500
12.875000
11.750000
10.062500
8.312500
6.500000
5.187500
3.312500
2.187500
0.875000
-0.375000
-2.625000
-4.812500
-6.750000
-8.500000
-10.562500
-12.250000
-13.375000
-13.312500
-12.687500
-11.937500
-11.125000
-9.875000
-8.937500
-8.187500
-8.000000
-7.875000
-7.750000
-8.062500
-9.000000
-9.437500
-10.062500
-10.062500
-9.750000
-9.562500
-9.375000
-9.125000
-8.750000
-8.250000
-8.125000
-7.687500
-7.687500
-7.875000
-8.000000
-8.437500
-8.375000
-7.687500
-6.937500
-6.687500
-6.437500
-6.250000
-6.375000
-5.062500
-3.250000
-1.375000
0.000000
0.875000
1.437500
1.500000
1.625000
1.375000
0.625000
-0.375000
-1.000000
-1.250000
-1.812500
-2.500000
-3.500000
-4.875000
-5.937500
-6.812500
-7.250000
-7.625000
-8.000000
-8.000000
-8.625000
-9.500000
-10.687500
-11.937500
-12.562500
-12.937500
-12.875000
-12.437500
-11.687500
-11.250000
-11.125000
-10.437500
-9.687500
-9.062500
-8.812500
-8.375000
-7.812500
-6.625000
-5.000000
-3.500000
-3.750000
-4.875000
-5.687500
-5.187500
-3.937500
-3.875000
-4.000000
-3.562500
-3.500000
-2.875000
-2.437500
-2.062500
-1.812500
-2.125000
-2.250000
-2.875000
-3.937500
-5.000000
-5.687500
-6.375000
-6.812500
-7.000000
-7.187500
-6.625000
-5.937500
-5.437500
-5.062500
-4.812500
-5.000000
-5.125000
-4.437500
-3.625000
-3.062500
-2.000000
-2.062500
-2.312500
-2.437500
-2.000000
-1.812500
-1.625000
-1.312500
-1.062500
-0.687500
-0.750000
-1.187500
-2.062500
-2.812500
-3.000000
-3.062500
-3.000000
-3.312500
-3.375000
-3.687500
-3.312500
-2.187500
-1.375000
-1.375000
-1.875000
-2.437500
-3.062500
-4.312500
-5.312500
-6.187500
-7.000000
-7.312500
-7.187500
-7.812500
-8.312500
-8.625000
-9.062500
-8.625000
-7.625000
-5.687500
-4.625000
-5.125000
-4.687500
-4.125000
-3.812500
-3.750000
-3.250000
-3.062500
-3.187500
-4.000000
-4.562500
-4.875000
-5.437500
-5.875000
-6.375000
-6.625000
-6.500000
-5.687500
-5.062500
-5.125000
-5.375000
-5.312500
-5.062500
-4.500000
-3.812500
-3.000000
-2.312500
-1.625000
-1.125000
-0.687500
-0.437500
0.187500
0.437500
0.625000
0.937500
0.750000
0.437500
-0.437500
-1.375000
-2.125000
-1.812500
-1.125000
-0.750000
-0.562500
-0.625000
-0.750000
-1.000000
-1.375000
-2.625000
-3.062500
-2.937500
-2.687500
-2.687500
-2.937500
-3.437500
-3.500000
-3.812500
-4.000000
-4.000000
-3.875000
-3.562500
-3.312500
-3.062500
-2.750000
-2.125000
-0.937500
0.000000
0.312500
0.437500
-0.250000
-0.562500
-1.125000
-1.312500
-1.562500
-1.812500
-1.812500
-2.000000
-2.125000
-2.125000
-1.625000
-0.750000
-0.437500
0.000000
0.562500
1.187500
1.500000
1.500000
1.437500
1.375000
1.062500
0.500000
-0.125000
-0.187500
-0.375000
-1.000000
-1.625000
-2.687500
-3.125000
-3.062500
-3.812500
-4.687500
-5.562500
-5.625000
-5.812500
-5.312500
-4.937500
-4.437500
-4.062500
-3.937500
-3.687500
-3.250000
-1.812500
-0.812500
-1.062500
-1.250000
-0.687500
-0.062500
0.500000
0.125000
-0.500000
-1.125000
-1.062500
-0.500000
-0.250000
0.500000
0.250000
0.250000
0.000000
-0.250000
-0.937500
-1.687500
-2.250000
-1.937500
-1.937500
-1.500000
-1.500000
-0.937500
-0.187500
0.187500
-0.062500
-0.062500
-0.062500
-0.250000
-0.250000
-0.187500
-0.125000
-0.500000
-0.562500
-0.312500
-0.187500
0.125000
0.312500
0.000000
-0.812500
-1.687500
-1.250000
-1.375000
-1.500000
-2.062500
-1.937500
-1.500000
-2.750000
-4.500000
-1.187500
-0.812500
-3.125000
-3.625000
-3.250000
-3.125000
-3.500000
-4.125000
-5.125000
-5.687500
-5.750000
-5.437500
-5.375000
-5.312500
-5.000000
-4.437500
-4.000000
-3.562500
-3.312500
-2.937500
-2.875000
-2.500000
-2.562500
-1.937500
-1.312500
-0.812500
-0.125000
0.000000
0.125000
0.750000
0.937500
1.375000
0.812500
1.062500
1.000000
0.687500
0.312500
0.187500
-0.187500
-0.437500
-0.437500
-0.562500
-0.562500
-0.937500
-1.125000
-1.375000
-1.375000
-0.937500
-0.062500
0.562500
0.937500
1.000000
0.312500
0.687500
1.500000
1.437500
0.937500
1.187500
1.250000
1.375000
1.375000
1.062500
1.125000
1.437500
1.687500
2.125000
2.437500
2.437500
2.437500
2.562500
2.187500
1.812500
1.125000
0.750000
0.875000
0.937500
1.000000
1.000000
1.000000
1.375000
1.437500
1.562500
1.250000
1.687500
2.875000
3.312500
2.875000
2.937500
3.437500
3.625000
3.187500
3.500000
2.500000
0.937500
0.875000
0.437500
-0.062500
0.187500
0.625000
0.687500
0.062500
0.125000
-0.312500
-1.062500
-1.000000
-1.000000
-1.687500
-2.062500
-2.812500
-3.125000
-3.500000
-3.500000
-3.625000
-3.187500
-2.625000
-2.625000
-2.812500
-3.250000
-3.562500
-3.812500
-3.875000
-4.250000
-4.562500
-4.062500
-3.437500
-2.125000
0.312500
1.125000
1.437500
2.687500
2.937500
2.875000
2.312500
1.750000
1.062500
0.375000
0.375000
0.875000
2.187500
2.000000
1.875000
2.312500
2.312500
2.875000
2.812500
2.750000
2.562500
2.062500
1.500000
0.937500
0.375000
0.062500
-0.187500
-0.437500
-0.937500
-1.187500
-1.500000
-1.937500
-1.937500
-2.000000
-2.750000
-2.812500
-3.125000
-3.500000
-3.500000
-3.562500
-3.500000
-3.437500
-2.500000
-2.750000
-1.312500
2.250000
7.375000
10.062500
11.062500
12.125000
14.187500
15.875000
15.937500
15.750000
15.187500
14.500000
14.437500
13.375000
12.437500
10.937500
9.625000
8.187500
7.312500
5.812500
4.125000
2.437500
1.375000
0.250000
-1.312500
-2.625000
-4.375000
-5.500000
-6.875000
-8.375000
-10.375000
-10.750000
-12.000000
-12.750000
-12.312500
-11.812500
-10.750000
-9.187500
-7.750000
-6.375000
-4.312500
-3.250000
-2.187500
-1.250000
0.187500
1.312500
2.250000
3.187500
4.437500
4.687500
5.375000
5.562500
5.250000
4.562500
4.125000
4.125000
4.062500
4.187500
3.687500
3.250000
2.375000
1.937500
1.000000
0.000000
-0.125000
-1.750000
-2.750000
-3.562500
-3.937500
-3.437500
-3.375000
-3.312500
-3.437500
-3.687500
-3.437500
-3.312500
-2.937500
-2.750000
-2.750000
-2.312500
-2.125000
-1.875000
-1.687500
-1.125000
-0.500000
-0.812500
-1.000000
-0.937500
-1.125000
-1.375000
-1.375000
-1.000000
-0.500000
-0.187500
0.000000
0.562500
1.187500
1.125000
1.437500
1.625000
1.750000
1.875000
1.812500
1.687500
1.437500
1.062500
0.375000
0.312500
0.687500
0.937500
1.437500
1.062500
0.812500
0.375000
0.250000
0.187500
0.687500
1.187500
1.187500
0.875000
0.562500
0.625000
0.500000
0.250000
0.375000
0.062500
-0.250000
-1.000000
-1.562500
-2.500000
-2.750000
-3.312500
-3.875000
-4.125000
-4.125000
-3.937500
-3.750000
-3.000000
-2.750000
-2.062500
-1.812500
-1.125000
-1.125000
-0.375000
0.250000
1.125000
1.375000
1.437500
1.625000
1.937500
2.062500
1.937500
2.437500
2.500000
3.062500
3.125000
2.625000
2.187500
1.937500
1.437500
1.187500
0.500000
-0.437500
-0.937500
-1.125000
-1.312500
-1.250000
-1.562500
-1.625000
-2.125000
-2.000000
-1.812500
-2.125000
-1.937500
-1.687500
-1.062500
-0.875000
0.000000
0.812500
1.312500
1.250000
0.937500
1.062500
0.687500
0.812500
0.750000
1.187500
1.562500
1.812500
1.687500
1.875000
1.875000
1.187500
0.812500
0.375000
0.062500
-0.250000
-0.750000
-0.875000
-1.125000
-0.937500
-0.812500
-0.500000
-0.625000
-0.062500
0.125000
0.250000
0.750000
0.562500
0.500000
0.687500
0.562500
0.187500
-0.187500
-0.625000
-0.812500
-1.000000
-0.750000
-0.937500
-1.312500
-1.562500
-1.937500
-1.187500
-0.750000
-0.187500
0.562500
0.875000
0.875000
0.687500
0.937500
1.500000
1.875000
2.000000
1.437500
0.312500
-0.062500
-0.750000
-1.250000
-2.062500
-2.625000
-2.937500
-2.812500
-2.625000
-2.687500
-2.437500
-2.187500
-1.562500
-0.812500
-0.750000
-0.687500
0.000000
0.500000
0.125000
0.062500
-0.625000
-0.750000
-0.937500
-0.937500
-1.375000
-1.937500
-2.187500
-2.125000
-2.062500
-2.375000
-2.250000
-2.500000
-2.687500
-2.750000
-2.875000
-2.937500
-2.875000
-2.562500
-2.750000
-2.437500
-2.437500
-2.687500
-3.125000
-2.500000
-1.562500
-1.250000
-1.062500
-0.812500
-0.187500
0.125000
1.000000
1.875000
2.125000
2.125000
1.812500
1.187500
0.812500
0.937500
0.625000
0.312500
0.187500
-0.187500
-1.187500
-1.500000
-1.250000
-1.250000
-1.250000
-1.062500
-1.625000
-2.125000
-2.062500
-1.562500
-1.625000
-1.500000
-1.250000
-1.187500
-1.375000
-1.625000
-1.500000
-1.250000
-0.500000
-0.125000
0.250000
0.750000
1.625000
1.812500
2.000000
2.062500
2.250000
2.687500
2.687500
2.375000
2.562500
2.875000
2.937500
2.312500
1.500000
1.062500
1.250000
1.812500
1.750000
1.625000
1.937500
2.187500
2.062500
0.812500
0.000000
-0.250000
-0.437500
-0.687500
-1.437500
-1.500000
-1.750000
-1.687500
-1.937500
-2.437500
-1.937500
-1.250000
-0.375000
-0.437500
-1.500000
-3.062500
-4.437500
-5.437500
-7.125000
-8.437500
-8.312500
-8.187500
-7.750000
-7.437500
-6.812500
-6.062500
-4.687500
-3.375000
-2.500000
-1.312500
1.062500
2.437500
2.750000
3.625000
5.187500
6.625000
7.937500
9.062500
9.187500
9.562500
10.062500
9.937500
9.187500
8.937500
7.937500
6.500000
4.687500
3.312500
2.812500
3.000000
3.812500
4.687500
4.062500
3.312500
2.250000
1.312500
-1.062500
-4.687500
-7.937500
-10.000000
-10.562500
-10.437500
-9.750000
-10.062500
-10.312500
-9.437500
-7.437500
-6.062500
-4.687500
-4.562500
-4.000000
-3.687500
-3.125000
-3.250000
-3.250000
-2.937500
-1.875000
-0.875000
0.375000
1.125000
2.375000
2.937500
3.437500
4.125000
2.750000
5.750000
3.687500
3.750000
4.562500
4.750000
4.750000
5.000000
4.437500
4.875000
6.062500
6.750000
7.062500
7.437500
7.750000
