-0.00958806
-0.019118
-0.0302364
-0.0389397
-0.0493161
-0.0563086
-0.0641884
-0.0715674
-0.0794578
-0.0853473
-0.0922725
-0.0979979
-0.108561
-0.118388
-0.130342
-0.140925
-0.15514
-0.17019
-0.187628
-0.203048
-0.221302
-0.238386
-0.252643
-0.266662
-0.280193
-0.293434
-0.30692
-0.319946
-0.331636
-0.343613
-0.351326
-0.361442
-0.370746
-0.382104
-0.394111
-0.405243
-0.419186
-0.433446
-0.446926
-0.460553
-0.471759
-0.482057
-0.491382
-0.499348
-0.510144
-0.521002
-0.534383
-0.545267
-0.558236
-0.56759
-0.578827
-0.586743
-0.590476
-0.594156
-0.59897
-0.60389
-0.613234
-0.624432
-0.634452
-0.642573
-0.654506
-0.666811
-0.68115
-0.694847
-0.706195
-0.716261
-0.724567
-0.735818
-0.745738
-0.756524
-0.76308
-0.766477
-0.766807
-0.770666
-0.774248
-0.779761
-0.790063
-0.800348
-0.809564
-0.816271
-0.820793
-0.828486
-0.8355
-0.840277
-0.844409
-0.851706
-0.857435
-0.865755
-0.874661
-0.880313
-0.885006
-0.889053
-0.894496
-0.904109
-0.912309
-0.9195
-0.925668
-0.928699
-0.933313
-0.936745
-0.943509
-0.950753
-0.95841
-0.966355
-0.97343
-0.980427
-0.986542
-0.99297
-1.00132
-1.00686
-1.01651
-1.02641
-1.03398
-1.03926
-1.04538
-1.04958
-1.05611
-1.06233
-1.06959
-1.07648
-1.08002
-1.08382
-1.08942
-1.09687
-1.10556
-1.11496
-1.12466
-1.1338
-1.13971
-1.14741
-1.15525
-1.16252
-1.16963
-1.17521
-1.18147
-1.18665
-1.19112
-1.19988
-1.20644
-1.21205
-1.22077
-1.22879
-1.23964
-1.24902
-1.26009
-1.26961
-1.28021
-1.28855
-1.3
-1.30703
-1.31154
-1.31386
-1.31656
-1.32004
-1.32352
-1.32681
-1.33049
-1.33206
-1.33427
-1.33747
-1.33899
-1.34095
-1.33899
-1.33523
-1.33169
-1.3277
-1.32583
-1.32252
-1.31819
-1.31397
-1.30985
-1.30866
-1.30765
-1.31121
-1.31555
-1.32269
-1.32844
-1.33516
-1.33562
-1.33373
-1.32919
-1.32505
-1.32315
-1.32145
-1.31818
-1.31271
-1.30818
-1.30318
-1.30019
-1.29301
-1.28959
-1.28599
-1.27982
-1.27721
-1.27873
-1.2811
-1.28319
-1.28757
-1.29019
-1.29124
-1.28869
-1.28543
-1.27759
-1.26675
-1.25487
-1.24431
-1.23713
-1.23062
-1.22497
-1.2184
-1.21545
-1.21418
-1.2145
-1.21269
-1.21037
-1.20873
-1.2075
-1.20274
-1.19994
-1.19795
-1.19348
-1.19232
-1.19113
-1.19018
-1.19089
-1.19582
-1.19655
-1.19769
-1.20008
-1.2019
-1.20336
-1.20441
-1.20399
-1.2051
-1.20075
-1.19775
-1.19231
-1.18542
-1.17698
-1.16832
-1.1587
-1.15009
-1.14405
-1.1389
-1.1342
-1.13326
-1.13075
-1.13041
-1.13066
-1.13029
-1.12927
-1.12805
-1.1237
-1.12064
-1.11831
-1.11725
-1.11884
-1.11885
-1.12145
-1.12524
-1.13036
-1.13769
-1.14442
-1.15132
-1.15447
-1.15639
-1.15721
-1.15896
-1.15867
-1.15655
-1.15636
-1.15587
-1.15451
-1.15118
-1.14719
-1.14512
-1.14341
-1.14104
-1.14074
-1.13969
-1.13867
-1.13848
-1.14147
-1.14176
-1.14406
-1.14316
-1.14205
-1.14125
-1.13922
-1.13963
-1.13748
-1.13323
-1.13024
-1.12916
-1.1276
-1.12458
-1.12466
-1.12541
-1.12336
-1.12104
-1.11629
-1.11278
-1.109
-1.1061
-1.1064
-1.10757
-1.11097
-1.11474
-1.11382
-1.11352
-1.11384
-1.11533
-1.11588
-1.11944
-1.12429
-1.12757
-1.13344
-1.13621
-1.14056
-1.14525
-1.14714
-1.15011
-1.15147
-1.15168
-1.15211
-1.15424
-1.15431
-1.15245
-1.15153
-1.15263
-1.15473
-1.15578
-1.15962
-1.16411
-1.16712
-1.16838
-1.17044
-1.17169
-1.17247
-1.17358
-1.17417
-1.17427
-1.17738
-1.1804
-1.18558
-1.19017
-1.19268
-1.19703
-1.1993
-1.20264
-1.20712
-1.21042
-1.21086
-1.21511
-1.21821
-1.22063
-1.22642
-1.23249
-1.24
-1.24446
-1.24672
-1.24938
-1.25236
-1.25096
-1.25184
-1.25116
-1.25177
-1.25062
-1.25529
-1.25827
-1.26378
-1.26752
-1.26972
-1.27003
-1.27258
-1.27252
-1.27511
-1.27955
-1.28377
-1.28363
-1.28352
-1.28199
-1.27977
-1.27663
-1.27225
-1.2685
-1.26283
-1.25838
-1.25267
-1.24991
-1.24627
-1.24306
-1.24297
-1.24093
-1.23704
-1.23287
-1.22909
-1.22522
-1.2216
-1.22115
-1.21914
-1.21907
-1.22173
-1.2254
-1.22811
-1.22498
-1.22659
-1.23244
-1.23853
-1.24276
-1.24165
-1.24384
-1.2472
-1.24987
-1.25191
-1.25712
-1.2616
-1.26665
-1.2726
-1.28176
-1.28701
-1.29194
-1.295
-1.29728
-1.29816
-1.29972
-1.30095
-1.30248
-1.30296
-1.30307
-1.30296
-1.3029
-1.30637
-1.30975
-1.31337
-1.31664
-1.31942
-1.32102
-1.32492
-1.32598
-1.3265
-1.3285
-1.33136
-1.3326
-1.33262
-1.33284
-1.33423
-1.3355
-1.3383
-1.34297
-1.34507
-1.34765
-1.34859
-1.34994
-1.35166
-1.35488
-1.35777
-1.35782
-1.35798
-1.36123
-1.36522
-1.37022
-1.3718
-1.37491
-1.37796
-1.38053
-1.38011
-1.38065
-1.379
-1.37652
-1.37812
-1.37847
-1.37988
-1.38071
-1.3818
-1.38396
-1.38699
-1.38867
-1.39176
-1.39509
-1.39701
-1.39972
-1.40056
-1.39921
-1.39715
-1.39215
-1.39199
-1.39028
-1.39085
-1.38654
-1.38572
-1.38566
-1.38164
-1.37893
-1.37697
-1.37767
-1.37966
-1.38149
-1.38401
-1.3863
-1.3894
-1.39297
-1.39563
-1.39667
-1.3957
-1.39759
-1.39708
-1.39785
-1.39952
-1.40078
-1.3995
-1.3981
-1.39719
-1.39823
-1.39789
-1.39861
-1.39998
-1.39971
-1.40265
-1.4032
-1.40927
-1.40969
-1.40975
-1.41023
-1.41079
-1.41298
-1.41661
-1.41759
-1.41801
-1.41774
-1.41838
-1.41546
-1.41402
-1.41191
-1.40954
-1.41179
-1.41189
-1.41197
-1.41331
-1.41396
-1.41165
-1.41184
-1.41387
-1.41571
-1.41791
-1.41904
-1.42168
-1.42665
-1.42894
-1.43262
-1.43622
-1.43737
-1.44071
-1.44611
-1.44945
-1.45333
-1.45851
-1.45974
-1.46218
-1.46311
-1.46708
-1.47208
-1.47436
-1.47794
-1.48133
-1.48354
-1.4856
-1.48945
-1.49202
-1.49549
-1.49764
-1.4993
-1.50044
-1.5059
-1.50835
-1.51255
-1.51742
-1.5204
-1.52688
-1.53171
-1.534
-1.53783
-1.5401
-1.54353
-1.54967
-1.55575
-1.55823
-1.55897
-1.55871
-1.55694
-1.5583
-1.55784
-1.55663
-1.55297
-1.55299
-1.54931
-1.54692
-1.54557
-1.54369
-1.54483
-1.54412
-1.54
-1.53523
-1.53059
-1.52523
-1.52174
-1.51843
-1.51611
-1.51384
-1.51289
-1.51126
-1.51069
-1.50659
-1.50001
-1.49314
-1.48789
-1.48042
-1.47616
-1.46809
-1.46165
-1.45282
-1.44715
-1.44169
-1.43879
-1.43512
-1.43162
-1.42819
-1.42007
-1.41508
-1.40777
-1.4011
-1.39609
-1.39385
-1.39237
-1.39336
-1.39557
-1.39777
-1.4006
-1.40516
-1.40618
-1.4048
-1.40213
-1.39627
-1.39192
-1.38805
-1.38126
-1.37367
-1.36388
-1.35653
-1.34882
-1.33979
-1.33227
-1.32275
-1.31358
-1.30307
-1.29228
-1.28136
-1.27115
-1.26144
-1.25412
-1.24937
-1.24071
-1.23471
-1.23094
-1.23039
-1.228
-1.22769
-1.22967
-1.22701
-1.22296
-1.21945
-1.21487
-1.20968
-1.20401
-1.20053
-1.1965
-1.19143
-1.18435
-1.1769
-1.16947
-1.16315
-1.15855
-1.15161
-1.1445
-1.13809
-1.12925
-1.11983
-1.11516
-1.11361
-1.11454
-1.11121
-1.10673
-1.09686
-1.08737
-1.07953
-1.06884
-1.06025
-1.05427
-1.04853
-1.04566
-1.04391
-1.04267
-1.03731
-1.02978
-1.02147
-1.01604
-1.00984
-1.0065
-1.00307
-1.00014
-0.996676
-0.992612
-0.989434
-0.989381
-0.990159
-0.995639
-1.00173
-1.01089
-1.01846
-1.0255
-1.03348
-1.04028
-1.01569
-0.997245
-0.989396
-0.974261
-0.955325
-0.936552
-0.916129
-0.897537
-0.874476
-0.854175
-0.834136
-0.811665
-0.785618
-0.757431
-0.72629
-0.696536
-0.667092
-0.638723
-0.612769
-0.598452
-0.574375
-0.547612
-0.52438
-0.50152
-0.477113
-0.452028
-0.426824
-0.397571
-0.367092
-0.338965
-0.301651
-0.263591
-0.233989
-0.190529
-0.120431
-0.0655879
-0.0161914
0.0266662
0.0628102
0.0985952
0.120938
0.152005
0.218924
0.299853
0.365109
0.422257
0.467052
0.508895
0.554388
0.602635
0.661278
0.730863
0.804969
0.875721
0.948865
1.02857
1.11602
1.21885
1.33813
1.4762
1.63604
1.81394
2.01137
2.21236
2.42184
2.63924
2.86207
3.09008
3.32161
3.56138
3.80506
4.05719
4.31649
4.579
4.84697
5.11655
5.38585
5.65204
5.91747
6.18172
6.44577
6.70983
6.97459
7.24412
7.52294
7.81767
8.13653
8.46905
8.81104
9.16309
9.52014
9.87083
10.2207
10.5661
10.9042
11.2304
11.5603
11.8797
12.1898
12.4956
12.7884
13.0793
13.3657
13.6569
13.9531
14.2572
14.564
14.8803
15.2003
15.5281
15.863
16.201
16.5535
16.9154
17.2938
17.6914
18.1121
18.5522
19.0086
19.4978
19.9683
20.4328
20.8985
21.3646
21.8312
22.2926
22.7419
23.1829
23.6197
24.0587
24.5016
24.9522
25.4077
25.8579
26.3078
26.759
27.2062
27.6449
28.0768
28.4911
28.894
29.2986
29.7205
30.1643
30.6378
31.1376
31.6619
32.2048
32.7561
33.3151
33.8648
34.4048
34.939
35.467
35.9892
36.5043
37.0215
37.5419
38.0719
38.6097
39.1585
39.7167
40.2817
40.8463
41.3963
41.9266
42.4416
42.9391
43.4164
43.8759
44.3149
44.7359
45.1492
45.5584
45.967
46.3773
46.7893
47.1992
47.609
48.0166
48.4192
48.8178
49.2054
49.5801
49.9394
50.3059
50.6957
51.1137
51.5582
52.0216
52.5008
52.9906
53.4928
54.0011
54.5092
55.0143
55.5172
56.0257
56.541
57.0608
57.5969
58.1422
58.6969
59.2463
59.7856
60.3048
60.8007
61.2662
61.714
62.161
62.6123
63.0734
63.5376
64.005
64.4697
64.9325
65.3769
65.8544
66.3144
66.7683
67.2089
67.6396
68.0691
68.4891
68.9031
69.3109
69.7194
70.1283
70.5397
70.9431
71.3265
71.6965
72.0475
72.3841
72.7121
73.0378
73.3644
73.6906
74.0174
74.3489
74.6836
75.0208
75.3653
75.7139
76.0287
76.3966
76.7666
77.1518
77.5585
77.9728
78.3996
78.8311
79.2521
79.6577
80.0535
80.4333
80.7903
81.1347
81.4699
81.8053
82.1484
82.5057
82.8825
83.2711
83.6755
84.0759
84.4684
84.843
85.1967
85.5251
85.8206
86.0906
86.3411
86.5842
86.829
87.0816
87.3389
87.605
87.8729
88.1393
88.4003
88.6576
88.9206
89.183
89.4405
89.694
89.9441
90.1891
90.4284
90.657
90.863
91.0457
91.1998
91.3361
91.462
91.5793
91.6935
91.8089
91.9348
92.0659
92.2017
92.3314
92.4536
92.5726
92.6938
92.8086
92.9288
93.0543
93.1836
93.3145
93.4522
93.5919
93.7284
93.8561
93.9747
94.0835
94.1857
94.2819
94.3777
94.4706
94.5633
94.6605
94.7664
94.8785
94.9912
95.0997
95.1982
95.287
95.3718
95.4507
95.5259
95.5942
95.6625
95.729
95.7877
95.8496
95.9022
95.9511
95.9886
96.0163
96.0362
96.0468
96.058
96.091
96.1285
96.1681
96.207
96.2455
96.2804
96.3176
96.3587
96.4033
96.4494
96.4979
96.543
96.5795
96.6125
96.6377
96.6553
96.6676
96.6801
96.69
96.6994
96.7038
96.7053
96.7045
96.7032
96.7025
96.7022
96.6991
96.6922
96.6893
96.6916
96.6944
96.6942
96.6869
96.6801
96.6744
96.667
96.6573
96.6434
96.6273
96.6033
96.5752
96.5467
96.5182
96.4936
96.4692
96.45
96.4327
96.4198
96.4101
96.4042
96.3965
96.3862
96.3732
96.3576
96.342
96.3228
96.304
96.2843
96.2628
96.2365
96.2039
96.1718
96.1345
96.0979
96.0625
96.029
95.9942
95.9572
95.9158
95.8768
95.835
95.7993
95.7711
95.7486
95.731
95.7158
95.6979
95.6778
95.6508
95.6138
95.5687
95.5192
95.4743
95.4349
95.4027
95.3738
95.3497
95.3254
95.3015
95.2736
95.2468
95.222
95.1945
95.1639
95.1329
95.1021
95.0717
95.0435
95.0156
94.9896
94.9648
94.9359
94.906
94.8778
94.8487
94.8233
94.8014
94.785
94.7751
94.7636
94.7517
94.741
94.7293
94.7185
94.7038
94.687
94.6748
94.659
94.6454
94.6375
94.6323
94.6312
94.631
94.627
94.6203
94.6107
94.601
94.5897
94.5798
94.573
94.5657
94.5604
94.556
94.551
94.5492
94.5483
94.5426
94.5379
94.5334
94.5271
94.5185
94.5099
94.5059
94.5045
94.5066
94.5046
94.4999
94.4913
94.4789
94.4695
94.461
94.4531
94.4465
94.4393
94.4284
94.4171
94.4051
94.393
94.3817
94.3676
94.3599
94.3542
94.3518
94.349
94.3487
94.3502
94.3554
94.3626
94.3749
94.389
94.4022
94.414
94.4261
94.4377
94.4415
94.4421
94.4424
94.4453
94.4472
94.4459
94.4416
94.4331
94.4238
94.4101
94.3954
94.3794
94.3633
94.35
94.3366
94.3249
94.3129
94.3033
94.2982
94.2956
94.2924
94.2835
94.2739
94.2613
94.249
94.2369
94.2231
94.2151
94.208
94.2044
94.2011
94.1995
94.2006
94.2031
94.2066
94.2104
94.2133
94.2143
94.213
94.2079
94.2017
94.1987
94.1955
94.1949
94.1901
94.182
94.1752
94.1709
94.1663
94.1603
94.1518
94.139
94.1285
94.1175
94.1079
94.1008
94.0953
94.09
94.083
94.0768
94.0642
94.0483
94.0343
94.0213
94.0134
94.0087
94.0062
94.006
94.0058
94.0039
94
93.9925
93.9864
93.9789
93.9705
93.9649
93.9623
93.9593
93.9537
93.9488
93.9403
93.9274
93.9157
93.902
93.8862
93.8722
93.8555
93.8431
93.8325
93.8234
93.8133
93.809
93.805
93.8035
93.8022
93.8001
93.7986
93.7943
93.7908
93.7869
93.7823
93.7732
93.7618
93.7506
93.7368
93.7239
93.7141
93.7059
93.7022
93.6963
93.6902
93.6848
93.6794
93.6716
93.6653
93.6543
93.6434
93.6325
93.6256
93.6144
93.6034
93.5921
93.5801
93.5663
93.5535
93.5376
93.5191
93.5003
93.4861
93.4724
93.4574
93.4384
93.4205
93.4058
93.3919
93.3798
93.368
93.3592
93.3559
93.3536
93.3483
93.3403
93.3339
93.3297
93.3262
93.3265
93.3226
93.3226
93.3251
93.3243
93.3243
93.3183
93.3119
93.3008
93.2821
93.2597
93.2342
93.2064
93.1745
93.1434
93.1107
93.0811
93.052
93.0187
92.9878
92.9529
92.9112
92.866
92.8204
92.775
92.7247
92.6709
92.6098
92.5432
92.4739
92.3995
92.3152
92.2219
92.1237
92.0192
91.9094
91.7923
91.6739
91.5547
91.4349
91.3136
91.1913
91.0687
90.9398
90.8048
90.6605
90.514
90.3665
90.2174
90.0639
89.9103
89.7567
89.5974
89.4349
89.2687
89.0979
88.9248
88.7437
88.5501
88.3455
88.1273
87.9012
87.6649
87.4222
87.1702
86.9122
86.6483
86.3773
86.0872
85.7807
85.4636
85.1597
84.8609
84.5569
84.2327
83.8895
83.541
83.19
82.8347
82.4684
82.0921
81.7038
81.3026
80.9052
80.5017
80.0838
79.6764
79.2951
78.935
78.5894
78.2616
77.9411
77.6292
77.3198
77.0101
76.7072
76.4057
76.113
75.8246
75.5412
75.2636
74.9847
74.7086
74.421
74.1264
73.8177
73.5017
73.1785
72.8403
72.4902
72.1252
71.7455
71.3529
70.9424
70.5198
70.0863
69.6355
69.1736
68.6976
68.201
67.6795
67.1444
66.5824
65.9992
65.3813
64.7371
64.0637
63.3653
62.6296
61.881
61.1191
60.3505
59.5774
58.8085
58.0412
57.277
56.5182
55.7549
55.0059
54.2557
53.5204
52.7759
52.029
51.2842
50.5272
49.7798
49.0167
48.2411
47.452
46.657
45.846
45.0178
44.1675
43.3021
42.4281
41.5429
40.6516
39.7507
38.8426
37.9268
36.9971
36.0558
35.1042
34.1462
33.184
32.2183
31.2607
30.2972
29.339
28.3834
27.447
26.5278
25.6298
24.7501
23.8942
23.0637
22.2441
21.4262
20.6084
19.79
18.9561
18.1057
17.236
16.341
15.4075
14.4357
13.4094
12.349
11.2524
10.1182
8.96276
7.78777
6.5947
5.38569
4.15216
2.91587
1.69757
0.502032
-0.668685
-1.82037
-2.96082
-4.08401
-5.19825
-6.32891
-7.47282
-8.6299
-9.78594
-10.9389
-12.0807
-13.2093
-14.3196
-15.4104
-16.4776
-17.5479
-18.6123
-19.6867
-20.7829
-21.9039
-23.0564
-24.2386
-25.4394
-26.6547
-27.876
-29.0853
-30.2786
-31.4563
-32.6163
-33.7421
-34.8154
-35.83
-36.7934
-37.7182
-38.6254
-39.5115
-40.3768
-41.2204
-42.0446
-42.8557
-43.6635
-44.4669
-45.2729
-46.0704
-46.8637
-47.6618
-48.4645
-49.2704
-50.0896
-50.929
-51.8037
-52.7118
-53.644
-54.5867
-55.532
-56.451
-57.3347
-58.1864
-59.0051
-59.7827
-60.5082
-61.1581
-61.7297
-62.2362
-62.6912
-63.0999
-63.4724
-63.8275
-64.1694
-64.5163
-64.8748
-65.2409
-65.5897
-65.9293
-66.2663
-66.6158
-66.9762
-67.3475
-67.7269
-68.1011
-68.4633
-68.8177
-69.1635
-69.5169
-69.8624
-70.1991
-70.5139
-70.8035
-71.0607
-71.2835
-71.4852
-71.6735
-71.8533
-72.0303
-72.2175
-72.4141
-72.6271
-72.8589
-73.1109
-73.3675
-73.6243
-73.8828
-74.1566
-74.4514
-74.7576
-75.0669
-75.3699
-75.6659
-75.9498
-76.2147
-76.4612
-76.6878
-76.8936
-77.0773
-77.2534
-77.4252
-77.6066
-77.8018
-78.0056
-78.2282
-78.4694
-78.7229
-78.9721
-79.2133
-79.4389
-79.6482
-79.8409
-80.0239
-80.208
-80.4133
-80.6451
-80.9061
-81.1945
-81.4955
-81.7929
-82.0842
-82.3667
-82.6362
-82.8903
-83.1276
-83.3393
-83.524
-83.6833
-83.83
-83.975
-84.1278
-84.2893
-84.4673
-84.6716
-84.9011
-85.1508
-85.4093
-85.6703
-85.9324
-86.1946
-86.4549
-86.7126
-86.9697
-87.2288
-87.4998
-87.7822
-88.0751
-88.3622
-88.6328
-88.8842
-89.1142
-89.3246
-89.5211
-89.7126
-89.9104
-90.1294
-90.3622
-90.6049
-90.8544
-91.0964
-91.3163
-91.5155
-91.6939
-91.8557
-91.9983
-92.123
-92.2276
-92.3203
-92.4061
-92.487
-92.564
-92.641
-92.723
-92.8092
-92.9045
-92.9993
-93.0975
-93.1923
-93.2839
-93.3792
-93.4852
-93.6115
-93.7542
-93.9149
-94.0794
-94.236
-94.3841
-94.5226
-94.6456
-94.746
-94.8314
-94.9065
-94.9743
-95.0307
-95.0767
-95.1112
-95.1359
-95.1549
-95.1704
-95.1804
-95.1944
-95.2135
-95.2365
-95.26
-95.2741
-95.2801
-95.2718
-95.2621
-95.2488
-95.2414
-95.2494
-95.2663
-95.2897
-95.3086
-95.3244
-95.3304
-95.322
-95.2982
-95.2606
-95.2087
-95.1497
-95.0821
-95.0121
-94.944
-94.8804
-94.83
-94.7943
-94.7814
-94.7848
-94.7917
-94.7996
-94.8065
-94.8135
-94.8242
-94.8355
-94.8513
-94.8686
-94.8897
-94.9139
-94.9385
-94.9548
-94.9653
-94.9636
-94.9569
-94.9447
-94.9305
-94.9107
-94.8832
-94.8421
-94.7995
-94.7572
-94.7144
-94.6708
-94.624
-94.5776
-94.5325
-94.4832
-94.4319
-94.3869
-94.3595
-94.3485
-94.3405
-94.3305
-94.315
-94.2952
-94.272
-94.25
-94.2272
-94.1999
-94.1759
-94.1516
-94.1297
-94.1088
-94.0869
-94.0623
-94.0309
-93.9986
-93.9755
-93.9584
-93.9487
-93.9367
-93.9245
-93.9105
-93.8921
-93.8703
-93.8466
-93.8161
-93.7761
-93.7292
-93.6778
-93.6301
-93.5894
-93.5556
-93.5253
-93.4993
-93.4768
-93.4535
-93.429
-93.402
-93.3732
-93.343
-93.3124
-93.2851
-93.2578
-93.2318
-93.2061
-93.1839
-93.1641
-93.1425
-93.1199
-93.1009
-93.0877
-93.0798
-93.0771
-93.078
-93.0738
-93.0639
-93.0505
-93.037
-93.0233
-93.0142
-93.01
-93.0084
-93.0047
-93
-92.9925
-92.9805
-92.9627
-92.9422
-92.9222
-92.905
-92.8883
-92.8675
-92.8514
-92.8451
-92.8504
-92.8608
-92.8732
-92.8804
-92.8847
-92.8743
-92.8533
-92.8277
-92.8003
-92.7701
-92.736
-92.6935
-92.6512
-92.6163
-92.5862
-92.5641
-92.5473
-92.5351
-92.524
-92.5144
-92.5023
-92.4882
-92.4703
-92.4542
-92.4386
-92.4265
-92.414
-92.4051
-92.3998
-92.3953
-92.3898
-92.3834
-92.3753
-92.3631
-92.3468
-92.3259
-92.3007
-92.2698
-92.2324
-92.1948
-92.1569
-92.1275
-92.1098
-92.0994
-92.0878
-92.0705
-92.0464
-92.0196
-91.9942
-91.9739
-91.9536
-91.9343
-91.9194
-91.9079
-91.9004
-91.8929
-91.8878
-91.8806
-91.8793
-91.8793
-91.8775
-91.8715
-91.8652
-91.8584
-91.8475
-91.8355
-91.8151
-91.7911
-91.7587
-91.7256
-91.6969
-91.6659
-91.6345
-91.6016
-91.5689
-91.544
-91.5202
-91.4976
-91.4727
-91.4473
-91.4227
-91.4066
-91.397
-91.3878
-91.376
-91.3582
-91.3419
-91.3239
-91.3058
-91.2867
-91.2681
-91.2503
-91.2316
-91.2104
-91.1839
-91.1476
-91.1042
-91.056
-91.0088
-90.9646
-90.9293
-90.898
-90.871
-90.844
-90.8224
-90.8047
-90.7834
-90.7518
-90.7163
-90.6738
-90.6312
-90.5984
-90.5729
-90.5527
-90.5339
-90.5162
-90.4942
-90.4703
-90.4424
-90.4156
-90.3803
-90.3394
-90.2969
-90.2527
-90.2118
-90.1779
-90.1469
-90.12
-90.094
-90.0678
-90.0397
-90.009
-89.9779
-89.9457
-89.9133
-89.8799
-89.8422
-89.8018
-89.7607
-89.7209
-89.6874
-89.6516
-89.6193
-89.5853
-89.5505
-89.5211
-89.5022
-89.4962
-89.4945
-89.488
-89.4799
-89.4638
-89.4511
-89.4378
-89.4354
-89.4399
-89.4448
-89.4464
-89.4441
-89.4372
-89.428
-89.4163
-89.4109
-89.4098
-89.408
-89.4111
-89.4208
-89.4328
-89.4429
-89.4505
-89.4527
-89.4509
-89.444
-89.4276
-89.4042
-89.3731
-89.3321
-89.2857
-89.2377
-89.1853
-89.1304
-89.0733
-89.0155
-88.9533
-88.8946
-88.8364
-88.7784
-88.7201
-88.659
-88.5955
-88.5351
-88.4767
-88.4227
-88.3681
-88.3089
-88.2452
-88.1661
-88.0772
-87.9854
-87.8999
-87.8176
-87.7368
-87.6519
-87.5559
-87.4508
-87.3353
-87.2089
-87.0761
-86.9312
-86.7782
-86.618
-86.4563
-86.299
-86.147
-85.9982
-85.85
-85.6924
-85.5211
-85.3281
-85.1189
-84.8979
-84.6669
-84.4337
-84.1991
-83.9727
-83.7607
-83.5651
-83.374
-83.1823
-82.9874
-82.787
-82.5809
-82.3716
-82.1599
-81.9511
-81.7451
-81.542
-81.3383
-81.1338
-80.929
-80.7171
-80.4991
-80.2846
-80.0688
-79.8527
-79.6362
-79.4161
-79.1875
-78.9482
-78.6964
-78.4277
-78.1392
-77.8303
-77.5015
-77.1474
-76.8124
-76.4982
-76.1726
-75.8249
-75.4595
-75.08
-74.6897
-74.2908
-73.8867
-73.4817
-73.0696
-72.6514
-72.2279
-71.796
-71.3652
-70.9431
-70.519
-70.0836
-69.6251
-69.1522
-68.6752
-68.1969
-67.7201
-67.2487
-66.7747
-66.294
-65.7979
-65.2798
-64.7339
-64.1598
-63.5498
-62.9129
-62.2601
-61.5944
-60.912
-60.2059
-59.484
-58.755
-58.0206
-57.279
-56.5179
-55.7373
-54.9474
-54.1488
-53.3379
-52.5087
-51.6594
-50.7952
-49.9154
-49.0179
-48.1118
-47.2032
-46.2967
-45.3927
-44.4922
-43.5982
-42.7244
-41.8858
-41.0902
-40.3319
-39.6005
-38.8808
-38.1656
-37.4531
-36.7463
-36.0675
-35.4252
-34.8301
-34.2874
-33.7955
-33.3421
-32.9161
-32.5013
-32.0906
-31.6797
-31.2573
-30.8241
-30.3758
-29.9158
-29.4548
-29.0004
-28.5528
-28.1099
-27.6634
-27.2085
-26.7411
-26.2564
-25.7626
-25.2724
-24.7925
-24.3338
-23.9104
-23.5178
-23.132
-22.7449
-22.3587
-21.9743
-21.5964
-21.2089
-20.8022
-20.3929
-20.0014
-19.6274
-19.2684
-18.9018
-18.5538
-18.2212
-17.8929
-17.5617
-17.2373
-16.907
-16.5729
-16.2341
-15.8937
-15.5428
-15.184
-14.8096
-14.4153
-13.9994
-13.5607
-13.1111
-12.6565
-12.2149
-11.7939
-11.4055
-11.0429
-10.6977
-10.3599
-10.0352
-9.72474
-9.43516
-9.16189
-8.90826
-8.66952
-8.44089
-8.20033
-7.94898
-7.68631
-7.41381
-7.12528
-6.82148
-6.50596
-6.18395
-5.85521
-5.52101
-5.18339
-4.851
-4.52729
-4.22116
-3.93188
-3.66391
-3.42698
-3.21452
-3.02346
-2.85207
-2.69712
-2.56182
-2.44336
-2.34679
-2.27539
-2.22253
-2.18539
-2.15958
-2.13944
-2.12252
-2.1027
-2.07745
-2.04349
-2.0012
-1.95357
-1.89736
-1.83632
-1.77166
-1.70684
-1.64065
-1.57636
-1.51675
-1.46348
-1.41291
-1.36468
-1.31857
-1.27752
-1.23677
-1.19472
-1.1504
-1.1036
-1.0644
-1.03402
-1.01265
-1.00222
-0.999249
-1.00154
-1.00964
-1.02108
-1.04219
-1.07126
-1.10335
-1.13477
-1.16653
-1.19554
-1.21644
-1.22796
-1.2328
-1.23827
-1.24575
-1.25305
-1.26419
-1.27542
-1.28532
-1.29577
-1.30838
-1.32711
-1.34934
-1.37214
-1.39268
-1.41167
-1.42517
-1.43631
-1.44284
-1.4502
-1.45917
-1.47323
-1.48852
-1.5096
-1.53331
-1.56126
-1.59181
-1.62908
-1.66412
-1.69876
-1.73102
-1.76102
-1.78929
-1.81781
-1.8439
-1.8695
-1.89223
-1.91054
-1.93186
-1.94515
-1.95646
-1.95997
-1.95731
-1.94981
-1.94101
-1.93768
-1.93887
-1.93796
-1.93747
-1.93401
-1.93407
-1.93888
-1.94746
-1.95917
-1.9712
-1.98087
-1.98809
-1.99704
-2.00895
-2.02082
-2.03256
-2.04775
-2.06334
-2.07847
-2.09014
-2.10303
-2.11057
-2.1202
-2.12545
-2.13413
-2.14449
-2.15899
-2.17766
-2.18833
-2.19717
-2.20035
-2.20021
-2.20151
-2.20356
-2.2073
-2.21524
-2.23074
-2.24704
-2.26552
-2.28542
-2.29967
-2.31609
-2.33477
-2.35498
-2.38055
-2.40744
-2.43477
-2.46372
-2.49554
-2.5269
-2.56206
-2.59873
-2.63401
-2.6677
-2.70069
-2.7377
-2.78002
-2.82257
-2.86235
-2.89902
-2.92959
-2.95604
-2.97642
-2.99546
-3.01529
-3.03692
-3.05648
-3.07932
-3.10228
-3.12163
-3.14387
-3.16911
-3.19276
-3.21346
-3.23257
-3.24964
-3.26577
-3.28193
-3.29883
-3.31691
-3.33777
-3.35977
-3.38579
-3.41145
-3.43972
-3.46366
-3.48964
-3.51267
-3.53324
-3.55186
-3.56976
-3.58238
-3.59397
-3.607
-3.61646
-3.63012
-3.64358
-3.65613
-3.66489
-3.66952
-3.6729
-3.67554
-3.67675
-3.67799
-3.67812
-3.67862
-3.68506
-3.68978
-3.69666
-3.6995
-3.70339
-3.7085
-3.71199
-3.71927
-3.72382
-3.72654
-3.72689
-3.72324
-3.7179
-3.71305
-3.70677
-3.69799
-3.68652
-3.67484
-3.66481
-3.65411
-3.64415
-3.63911
-3.64057
-3.64313
-3.65035
-3.66391
-3.6747
-3.683
-3.68917
-3.69197
-3.69305
-3.69517
-3.69815
-3.70003
-3.7012
-3.70127
-3.70059
-3.69711
-3.69639
-3.69997
-3.7037
-3.7054
-3.70344
-3.70276
-3.70163
-3.69954
-3.69607
-3.69538
-3.695
-3.69429
-3.69177
-3.68979
-3.68479
-3.68
-3.67588
-3.67214
-3.67147
-3.67113
-3.669
-3.66833
-3.67162
-3.67538
-3.68313
-3.68846
-3.69248
-3.69026
-3.68812
-3.68315
-3.67537
-3.66908
-3.65998
-3.64853
-3.63708
-3.62858
-3.6236
-3.62222
-3.62236
-3.62198
-3.61788
-3.61112
-3.60182
-3.59208
-3.58531
-3.58341
-3.58465
-3.58771
-3.59787
-3.60594
-3.6146
-3.62351
-3.63315
-3.64196
-3.64926
-3.65485
-3.65734
-3.6567
-3.65448
-3.65274
-3.64476
-3.63709
-3.62728
-3.61265
-3.60012
-3.58813
-3.57974
-3.56965
-3.56022
-3.55379
-3.53936
-3.52157
-3.50388
-3.48861
-3.47809
-3.46784
-3.45568
-3.44287
-3.42739
-3.41234
-3.39711
-3.3828
-3.3719
-3.36193
-3.35376
-3.34426
-3.33651
-3.32912
-3.32139
-3.31374
-3.30564
-3.29263
-3.27657
-3.25875
-3.23696
-3.21398
-3.18937
-3.16367
-3.13726
-3.11289
-3.08937
-3.06898
-3.05119
-3.03531
-3.02199
-3.0109
-3.00681
-3.00117
-3.00285
-3.00807
-3.01636
-3.02604
-3.03755
-3.05109
-3.06553
-3.07981
-3.09728
-3.11588
-3.13469
-3.15208
-3.17284
-3.1908
-3.21107
-3.23647
-3.26464
-3.29264
-3.32591
-3.36743
-3.41491
-3.46439
-3.50631
-3.54653
-3.58265
-3.61881
-3.65322
-3.68688
-3.7252
-3.76449
-3.81224
-3.86573
-3.91615
-3.96656
-4.01086
-4.04987
-4.07743
-4.10343
-4.12547
-4.1443
-4.16427
-4.18086
-4.19121
-4.19533
-4.20464
-4.21024
-4.21363
-4.22276
-4.22562
-4.22853
-4.23327
-4.2403
-4.25071
-4.26549
-4.27817
-4.29015
-4.2957
-4.2823
-4.25909
-4.22605
-4.19201
-4.15381
-4.11682
-4.08872
-4.06884
-4.05753
-4.05967
-4.0719
-4.0842
-4.10136
-4.13233
-4.17424
-4.22592
-4.28136
-4.32815
-4.36566
-4.39702
-4.38245
-4.37671
-4.37586
-4.38734
-4.3921
-4.36833
-4.3493
-4.32723
-4.3067
-4.28638
-4.26876
-4.25776
-4.24157
-4.20749
-4.16656
-4.11618
-4.05143
-3.9699
-3.87359
-3.75254
-3.63269
-3.50019
-3.35646
-3.20887
-3.05424
-2.89381
-2.72728
-2.56578
-2.40464
-2.24013
-2.06847
-1.8747
-1.67187
-1.46983
-1.26271
-1.07084
-0.886009
-0.699741
-0.518286
-0.351178
-0.192918
-0.0481421
0.0966638
0.23376
0.390698
0.550328
0.706629
0.864414
1.0168
1.17864
1.34621
1.53815
1.68593
1.82963
1.97612
2.13421
2.28121
2.42418
2.57739
2.744
2.91966
3.09924
3.27986
3.45084
3.61714
3.77254
3.91254
4.03149
4.14178
4.24239
4.33286
4.40203
4.46685
4.50907
4.54588
4.57538
4.60336
4.62703
4.64992
4.67045
4.68845
4.69687
4.6998
4.69632
4.69238
4.69047
4.69432
4.70606
4.71407
4.72687
4.74093
4.75283
4.75105
4.72489
4.67394
4.60588
4.52697
4.437
4.32289
4.19757
4.0734
3.95021
3.84888
3.77969
3.70952
3.64321
3.58537
3.53663
3.47248
3.40957
3.34711
3.28032
3.20461
3.1194
3.03212
2.91823
2.78086
2.63262
2.45522
2.29065
2.13575
1.98433
1.85669
1.74714
1.64632
1.56095
1.4859
1.42601
1.37945
1.34538
1.30636
1.25153
1.17691
1.06499
0.900911
0.72541
0.504282
0.270288
0.0130174
-0.258979
-0.553628
-0.897146
-1.26859
-1.77977
-2.28552
-2.74007
-3.18177
-3.62143
-4.09733
-4.58745
-5.14519
-5.86552
-6.62388
-7.32942
-7.96679
-8.51942
-9.05592
-9.63183
-10.266
-10.9388
-11.6329
-12.3903
-13.261
-14.1793
-15.1792
-16.2374
-17.3271
-18.467
-19.6059
-20.8077
-21.9589
-22.9378
-23.9533
-25.2049
-26.5845
-28.0505
-29.53
-31.0958
-32.8054
-34.6605
-36.6917
-38.9314
-41.2863
-43.7373
-46.3063
-48.9721
-51.7416
-54.6233
-57.6808
-60.9701
-64.3782
-67.8534
-71.3264
-74.8076
-78.2458
-81.5358
-84.7191
-87.9167
-91.0718
-94.1816
-97.2426
-100.205
-103.078
-105.776
-108.234
-110.476
-112.459
-114.181
-115.628
-116.882
-117.94
-118.727
-119.289
-119.682
-119.938
-120.12
-120.232
-120.276
-120.241
-120.183
-120.105
-119.975
-119.755
-119.469
-119.069
-118.558
-117.968
-117.342
-116.715
-116.08
-115.459
-114.84
-114.251
-113.695
-113.184
-112.742
-112.308
-111.876
-111.482
-111.134
-110.851
-110.581
-110.298
-110.006
-109.772
-109.564
-109.359
-109.118
-108.784
-108.403
-107.996
-107.545
-107.049
-106.494
-105.875
-105.213
-104.5
-103.737
-102.887
-102.007
-101.081
-100.08
-99.0367
-98.0193
-96.9919
-95.9804
-95.0192
-94.1639
-93.3158
-92.5653
-91.9431
-91.4563
-91.142
-90.9233
-90.8171
-90.756
-90.7355
-90.7596
-90.741
-90.7015
-90.5573
-90.2855
-89.9
-89.4045
-88.8353
-88.1789
-87.4819
-86.78
-86.0486
-85.2689
-84.5183
-83.7995
-83.153
-82.6083
-82.1197
-81.7688
-81.492
-81.257
-81.1023
-80.944
-80.8157
-80.6806
-80.5091
-80.3302
-80.0782
-79.7579
-79.4125
-78.9983
-78.566
-78.1346
-77.7053
-77.2955
-76.8628
-76.4609
-76.0528
-75.6289
-75.2452
-74.9517
-74.7249
-74.5713
-74.4879
-74.447
-74.4682
-74.5129
-74.6186
-74.7554
-74.9798
-75.1906
-75.2822
-75.3054
-75.3427
-75.309
-75.3195
-75.2575
-75.2086
-75.1786
-75.1511
-75.1141
-75.1005
-75.0784
-75.0404
-74.9892
-74.8862
-74.7969
-74.6771
-74.5701
-74.4886
-74.439
-74.4174
-74.3897
-74.3738
-74.3376
-74.2798
-74.1869
-74.102
-74.002
-73.8733
-73.7222
-73.5736
-73.4166
-73.2647
-73.1263
-72.9787
-72.8498
-72.7131
-72.5888
-72.4818
-72.3621
-72.2508
-72.1484
-72.0585
-72.0065
-71.9877
-71.9762
-71.9718
-71.9811
-71.9979
-72.0103
-72.0032
-71.979
-71.9326
-71.8684
-71.7405
-71.5976
-71.4441
-71.3073
-71.1699
-71.0268
-70.8968
-70.7872
-70.6583
-70.519
-70.3849
-70.2455
-70.092
-69.9397
-69.8344
-69.7365
-69.6108
-69.5181
-69.473
-69.4582
-69.4423
-69.4295
-69.4392
-69.4526
-69.4593
-69.4641
-69.4356
-69.4232
-69.412
-69.4292
-69.4153
-69.4293
-69.4417
-69.4418
-69.4534
-69.4789
-69.5144
-69.5616
-69.5988
-69.6471
-69.6907
-69.7289
-69.7825
-69.8685
-69.9812
-70.1048
-70.2127
-70.2968
-70.3839
-70.4378
-70.4717
-70.473
-70.4408
-70.3177
-70.1466
-69.8918
-69.5639
-69.1872
-68.7689
-68.3685
-67.9431
-67.5412
-67.1776
-66.8596
-66.5732
-66.3346
-66.1328
-65.9536
-65.7863
-65.6443
-65.4986
-65.3801
-65.274
-65.1939
-65.1507
-65.1253
-65.1334
-65.1485
-65.1009
-64.9561
-64.7792
-64.6052
-64.4632
-64.3776
-64.3144
-64.2192
-64.0884
-63.9376
-63.7419
-63.5396
-63.3387
-63.1032
-62.8504
-62.5889
-62.3444
-62.1405
-61.9518
-61.7694
-61.5879
-61.4437
-61.3173
-61.1974
-61.0991
-61.0661
-61.048
-61.0421
-61.078
-61.1409
-61.2078
-61.3082
-61.4104
-61.5251
-61.6636
-61.7808
-61.8774
-61.9276
-61.9335
-61.8766
-61.7717
-61.6183
-61.4499
-61.2182
-60.9677
-60.7
-60.4257
-60.1908
-59.9703
-59.7848
-59.5905
-59.3955
-59.1944
-58.9721
-58.765
-58.5815
-58.4121
-58.2674
-58.1456
-58.0654
-57.9979
-57.9792
-57.9771
-57.9964
-57.9864
-57.9741
-57.9211
-57.8518
-57.7638
-57.6626
-57.551
-57.435
-57.3172
-57.1742
-57.0138
-56.8817
-56.7554
-56.6253
-56.5103
-56.387
-56.286
-56.1477
-56.0264
-55.8907
-55.7311
-55.5627
-55.3637
-55.1382
-54.877
-54.5985
-54.3202
-53.995
-53.6187
-53.2109
-52.7889
-52.3215
-51.7977
-51.2255
-50.5964
-49.9711
-49.2979
-48.5683
-47.7762
-46.8597
-45.8263
-44.7155
-43.4253
-41.9707
-40.3753
-38.6527
-36.8239
-34.9868
-33.1166
-31.2493
-29.4078
-27.5068
-25.6196
-23.7359
-21.8363
-20.0453
-18.5035
-17.2252
-16.2004
-15.3715
-14.692
-14.0522
-13.4562
-12.9025
-12.4017
-11.9747
-11.5774
-11.1942
-10.8081
-10.3734
-9.93541
-9.52195
-9.13741
-8.7816
-8.4434
-8.12629
-7.83246
-7.5354
-7.25885
-7.0029
-6.76486
-6.53264
-6.3213
-6.12987
-5.94189
-5.75729
-5.5973
-5.47027
-5.37714
-5.312
-5.25615
-5.20707
-5.14307
-5.07859
-5.01481
-4.95836
-4.91634
-4.89664
-4.89355
-4.92716
-4.99326
-5.07348
-5.15415
-5.22967
-5.3
-5.36086
-5.4018
-5.44089
-5.46264
-5.46764
-5.47396
-5.49168
-5.49947
-5.54389
-5.58469
-5.62586
-5.68665
-5.75616
-5.82839
-5.9166
-6.02058
-6.16472
-6.29049
-6.4127
-6.50904
-6.55898
-6.6128
-6.6376
-6.62918
-6.61499
-6.58682
-6.51745
-6.448
-6.37609
-6.32688
-6.26776
-6.22823
-6.19724
-6.17924
-6.19559
-6.21476
-6.21377
-6.23085
-6.29648
-6.3764
-6.43656
-6.52043
-6.60702
-6.6437
-6.62975
-6.54879
-6.47095
-6.39024
-6.29222
-6.19298
-6.11298
-6.04335
-5.94453
-5.90971
-5.87375
-5.82851
-5.76399
-5.67358
-5.54542
-5.39759
-5.2193
-4.93502
-4.70907
-4.53381
-4.36041
-4.17211
-4.02207
-3.89751
-3.77693
-3.65125
-3.51986
-3.37581
-3.25019
-3.08359
-2.83414
-2.60898
-2.42533
-2.20596
-2.00363
-1.80896
-1.63123
-1.49244
-1.33357
-1.20465
-1.08579
-0.975691
-0.866182
-0.714126
-0.582239
-0.466264
-0.315325
-0.0992932
0.0911878
0.2954
0.44548
0.555153
0.620006
0.656574
0.661811
0.658141
0.671735
0.697252
0.699825
0.717267
0.724978
0.744622
0.737759
0.731805
0.702418
0.636591
0.567931
0.497568
0.402107
0.299659
0.214176
0.164296
0.123512
0.0611169
-0.0220963
-0.105816
-0.198697
-0.29152
-0.346422
-0.405899
-0.459929
-0.522274
-0.584614
-0.652155
-0.797779
-0.94027
-1.11558
-1.3009
-1.51372
-1.73696
-1.98044
-2.25026
-2.52505
-2.82517
-3.11611
-3.39899
-3.65044
-3.89329
-4.11627
-4.32567
-4.51974
-4.71179
-4.88675
-5.03265
-5.15445
-5.24936
-5.3747
-5.54795
-5.72014
-5.89497
-6.08639
-6.25594
-6.43027
-6.60462
-6.79595
-7.01428
-7.27521
-7.60246
-7.99218
-8.40487
-8.82673
-9.27646
-9.72622
-10.2212
-10.7295
-11.2382
-11.77
-12.3584
-12.9816
-13.6499
-14.4043
-15.127
-15.8785
-16.6591
-17.403
-18.0913
-18.7306
-19.3696
-20.0337
-20.7464
-21.4488
-22.2039
-22.9722
-23.6845
-24.4053
-25.1764
-26.0339
-26.9884
-28.0781
-29.3728
-30.8922
-32.6176
-34.5005
-36.7096
-39.1842
-42.0655
-45.3559
-49.0443
-53.1515
-57.9054
-63.3124
-69.5071
-76.3916
-84.0214
-91.8608
-99.7005
-107.187
-114.261
-120.507
-125.679
-130.027
-133.666
-136.633
-139.158
-141.347
-143.096
-144.57
-145.791
-146.712
-147.416
-147.935
-148.197
-148.344
-148.366
-148.433
-148.511
-148.646
-148.715
-148.772
-148.826
-148.924
-149.138
-149.495
-149.934
-150.434
-150.98
-151.55
-152.103
-152.65
-153.16
-153.662
-154.089
-154.427
-154.667
-154.828
-154.961
-155.067
-155.11
-155.119
-155.118
-155.12
-155.094
-155.02
-154.902
-154.821
-154.735
-154.69
-154.662
-154.604
-154.538
-154.472
-154.401
-154.341
-154.311
-154.322
-154.387
-154.473
-154.561
-154.654
-154.76
-154.837
-154.896
-154.918
-154.895
-154.848
-154.819
-154.77
-154.691
-154.588
-154.447
-154.345
-154.256
-154.184
-154.149
-154.092
-154.059
-154.033
-154.013
-153.961
-153.961
-154.008
-154.075
-154.134
-154.207
-154.295
-154.38
-154.405
-154.354
-154.209
-153.986
-153.706
-153.402
-153.073
-152.748
-152.404
-152.098
-151.818
-151.55
-151.327
-151.121
-150.923
-150.733
-150.547
-150.352
-150.148
-149.936
-149.694
-149.419
-149.144
-148.833
-148.484
-148.119
-147.746
-147.375
-146.994
-146.633
-146.263
-145.896
-145.501
-145.119
-144.705
-144.32
-143.934
-143.511
-143.021
-142.54
-141.992
-141.383
-140.741
-140.096
-139.387
-138.632
-137.837
-137.011
-136.283
-135.627
-135.015
-134.403
-133.824
-133.224
-132.621
-131.998
-131.419
-130.874
-130.465
-130.161
-129.918
-129.805
-129.8
-129.867
-130.082
-130.353
-130.699
-131.095
-131.529
-132.07
-132.583
-133.104
-133.619
-134.189
-134.761
-135.256
-135.714
-136.129
-136.414
-136.684
-136.782
-136.894
-136.925
-136.934
-136.943
-137.018
-137.07
-137.215
-137.409
-137.644
-137.927
-138.247
-138.516
-138.774
-139.02
-139.238
-139.496
-139.729
-139.966
-140.34
-140.697
-141.104
-141.525
-141.946
-142.402
-142.824
-143.272
-143.775
-144.142
-144.524
-144.806
-145.072
-145.392
-145.693
-145.953
-146.115
-146.316
-146.507
-146.7
-146.97
-147.275
-147.614
-147.937
-148.243
-148.639
-149.05
-149.417
-149.854
-150.206
-150.623
-151.046
-151.452
-151.831
-152.265
-152.801
-153.383
-154.047
-154.723
-155.334
-155.864
-156.193
-156.382
-156.391
-156.304
-156.087
-155.842
-155.539
-155.174
-154.822
-154.357
-153.717
-153.047
-152.272
-151.439
-150.517
-149.46
-148.252
-146.97
-145.695
-144.618
-143.626
-142.77
-141.851
-141.037
-140.22
-139.334
-138.609
-137.905
-137.109
-136.443
-135.91
-135.497
-135.087
-134.724
-134.374
-134.085
-133.907
-133.881
-134.029
-134.396
-134.818
-135.464
-136.149
-136.798
-137.559
-138.256
-138.893
-139.554
-140.369
-141.196
-142.02
-142.945
-143.808
-144.515
-145.238
-145.728
-146.169
-146.654
-147.166
-147.58
-148.133
-148.644
-149.132
-149.526
-149.987
-150.362
-150.628
-150.831
-150.9
-150.9
-150.755
-150.648
-150.547
-150.353
-149.952
-149.529
-148.969
-148.331
-147.673
-147.092
-146.501
-145.92
-145.296
-144.633
-143.974
-143.379
-142.789
-142.282
-141.855
-141.386
-141.104
-141.015
-141.011
-141.068
-141.214
-141.389
-141.741
-142.094
-142.387
-142.735
-143.081
-143.388
-143.672
-143.984
-144.263
-144.392
-144.478
-144.391
-144.197
-143.94
-143.615
-143.185
-142.66
-142.138
-141.649
-141.081
-140.408
-139.769
-139.018
-138.205
-137.376
-136.298
-135.297
-134.233
-133.011
-131.721
-130.207
-128.498
-126.73
-124.873
-122.935
-120.841
-118.67
-116.537
-114.305
-112.072
-109.863
-107.771
-105.874
-104.095
-102.443
-101.046
-100.01
-99.3673
-99.0893
-99.2986
-99.9309
-100.889
-102.768
-105.045
-107.66
-110.751
-113.871
-117.163
-120.644
-124.964
-129.25
-133.782
-138.812
-144.915
-153.674
-172.982
81.8278
41.6275
31.259
28.484
25.58
23.8286
22.3132
20.5339
19.0396
17.3544
15.7414
14.1121
12.477
10.9952
9.93526
9.09735
8.43352
7.97089
7.56455
7.3432
7.10298
6.92679
6.8056
6.60814
6.56219
6.59477
6.59663
6.60837
6.55716
6.41652
6.23849
6.05161
6.04853
6.02341
5.90973
5.77292
5.59671
5.36144
5.11681
4.83162
4.52461
4.19544
3.84306
3.52465
3.23278
3.01073
2.84275
2.6616
2.50118
2.36661
2.26124
2.16014
2.06219
1.9707
1.85382
1.76152
1.65966
1.55769
1.45971
1.36359
1.26978
1.15101
0.978243
0.781072
0.578203
0.395266
0.232136
0.0613721
-0.0971595
-0.22602
-0.340259
-0.461326
-0.585783
-0.70098
-0.805814
-0.917632
-1.01974
-1.11904
-1.20906
-1.28188
-1.33573
-1.39091
-1.42853
-1.44348
-1.44938
-1.44566
-1.45408
-1.46302
-1.46948
-1.48464
-1.50605
-1.54891
-1.59576
-1.65355
-1.72152
-1.79202
-1.86402
-1.9275
-1.96902
-1.99975
-2.03283
-2.05022
-2.06772
-2.08011
-2.08382
-2.07693
-2.05893
-2.0327
-1.99425
-1.95694
-1.92343
-1.90437
-1.86922
-1.81967
-1.76021
-1.69705
-1.64277
-1.59992
-1.57145
-1.55125
-1.54062
-1.52946
-1.51445
-1.49545
-1.46555
-1.4294
-1.39813
-1.36423
-1.32763
-1.29473
-1.2705
-1.25159
-1.23169
-1.22056
-1.22462
-1.24662
-1.29227
-1.35019
-1.41665
-1.48417
-1.54669
-1.5987
-1.63477
-1.66578
-1.68396
-1.70329
-1.72776
-1.75072
-1.76823
-1.78623
-1.80343
-1.82489
-1.84118
-1.84837
-1.85809
-1.86142
-1.86902
-1.87166
-1.88038
-1.89746
-1.91439
-1.93009
-1.9524
-1.98025
-2.00776
-2.03463
-2.05447
-2.06841
-2.07707
-2.08197
-2.08647
-2.09638
-2.12189
-2.15616
-2.20313
-2.24778
-2.28951
-2.33032
-2.36845
-2.40393
-2.43396
-2.45377
-2.46412
-2.46109
-2.44248
-2.40889
-2.35753
-2.29307
-2.22252
-2.14994
-2.08475
-2.02828
-1.98452
-1.94941
-1.93122
-1.92054
-1.90621
-1.88762
-1.86575
-1.83592
-1.79893
-1.75352
-1.70187
-1.64651
-1.59422
-1.5506
-1.5155
-1.49342
-1.48517
-1.4854
-1.4954
-1.49616
-1.49545
-1.48194
-1.46071
-1.42927
-1.38901
-1.3441
-1.30088
-1.25739
-1.21873
-1.18488
-1.14982
-1.10735
-1.06417
-1.02151
-0.979651
-0.939611
-0.904361
-0.877815
-0.856038
-0.838555
-0.826145
-0.814388
-0.804995
-0.80225
-0.804347
-0.809353
-0.817959
-0.829107
-0.839079
-0.845043
-0.850772
-0.86382
-0.877918
-0.894203
-0.910062
-0.923187
-0.934745
-0.944797
-0.951098
-0.952995
-0.951166
-0.946927
-0.945313
-0.945471
-0.946421
-0.946046
-0.945279
-0.941367
-0.939242
-0.936091
-0.931894
-0.923977
-0.915015
-0.905439
-0.899723
-0.89743
-0.895091
-0.890526
-0.887228
-0.89119
-0.900712
-0.91927
-0.950965
-0.981455
-1.0028
-1.0254
-1.04937
-1.07393
-1.09898
-1.1237
-1.1504
-1.17575
-1.20477
-1.22979
-1.25337
-1.27472
-1.2963
-1.31442
-1.33196
-1.34127
-1.34287
-1.33308
-1.31604
-1.2922
-1.26414
-1.23681
-1.2088
-1.1837
-1.16096
-1.13734
-1.11246
-1.08385
-1.05717
-1.03525
-1.01221
-0.990395
-0.969933
-0.95051
-0.930554
-0.913627
-0.895839
-0.879973
-0.863609
-0.84931
-0.832597
-0.817297
-0.806521
-0.801076
-0.803035
-0.808965
-0.815351
-0.821439
-0.82315
-0.824308
-0.822725
-0.820777
-0.814701
-0.801906
-0.784189
-0.764807
-0.737665
-0.702367
-0.661178
-0.618838
-0.577182
-0.538059
-0.499968
-0.463865
-0.428895
-0.396866
-0.37231
-0.354752
-0.344756
-0.34193
-0.344148
-0.351991
-0.367947
-0.385114
-0.407355
-0.43018
-0.453609
-0.479874
-0.506078
-0.531368
-0.55959
-0.585215
-0.604059
-0.617317
-0.624214
-0.621064
-0.606563
-0.598487
-0.599142
-0.606019
-0.575032
-0.543632
-0.520335
-0.50134
-0.488029
-0.474144
-0.46018
-0.441946
-0.42357
-0.410436
-0.401667
-0.397122
-0.396102
-0.397783
-0.400585
-0.404644
-0.408643
-0.409713
-0.408299
-0.40811
-0.410297
-0.411857
-0.413153
-0.415324
-0.417085
-0.41675
-0.416609
-0.415692
-0.415295
-0.416133
-0.412117
-0.40627
-0.397649
-0.387487
-0.379367
-0.368588
-0.35574
-0.342713
-0.328464
-0.313055
-0.298065
-0.288859
-0.284515
-0.284677
-0.285141
-0.289726
-0.300152
-0.320153
-0.334425
-0.337985
-0.338136
-0.341953
-0.350073
-0.358261
-0.366322
-0.372731
-0.385342
-0.400818
-0.418882
-0.433124
-0.44658
-0.456755
-0.466639
-0.472697
-0.477698
-0.48319
-0.491104
-0.495402
-0.501766
-0.505698
-0.506571
-0.507733
-0.506663
-0.507687
-0.512082
-0.520653
-0.530894
-0.544681
-0.558497
-0.571463
-0.583864
-0.592485
-0.594081
-0.59233
-0.583682
-0.569623
-0.553832
-0.534203
-0.511641
-0.490388
-0.471575
-0.454816
-0.439415
-0.422546
-0.402857
-0.376191
-0.34315
-0.310647
-0.27922
-0.253778
-0.236646
-0.222017
-0.210365
-0.20234
-0.195405
-0.190495
-0.186507
-0.182793
-0.17817
-0.177635
-0.172102
-0.165246
-0.15783
-0.139665
-0.12166
-0.100616
-0.0767259
-0.0487733
-0.0173671
0.0173043
0.0524679
0.0802779
0.1014
0.112929
0.123171
0.135335
0.149206
0.157163
0.164398
0.171931
0.176819
0.177685
0.178052
0.174019
0.170732
0.167061
0.16056
0.151325
0.144517
0.138911
0.131811
0.123527
0.117741
0.112351
0.104839
0.0975689
0.0907304
0.0861966
0.0828169
0.0819202
0.0778133
0.0761849
0.0741203
0.0731105
0.0673289
0.0626164
0.0596104
0.0576044
0.055044
0.0497735
0.0481237
0.0474944
0.0486523
0.050593
0.0574885
0.066512
0.0763848
0.0840997
0.0884252
0.0874838
0.0855864
0.0838128
0.0817696
0.0799443
0.074749
0.0677822
0.0633941
0.0556157
0.0484479
0.047395
0.0476415
0.0516824
0.0549477
0.0599742
0.0636742
0.0645781
0.0641284
0.0652405
0.0676283
0.0711398
0.0757786
0.0856695
0.0986607
0.116842
0.135005
0.145193
0.156932
0.169746
0.179405
0.18992
0.197107
0.198731
0.19611
0.193545
0.193527
0.191326
0.188734
0.186459
0.182026
0.177158
0.169684
0.161218
0.151991
0.145985
0.144693
0.147014
0.149427
0.150638
0.147078
0.143337
0.137103
0.127966
0.121617
0.115203
0.10766
0.0992456
0.0883441
0.0746754
0.0603325
0.0451826
0.031636
0.0221265
0.016477
0.012588
0.00833658
0.00427813
0.00190901
0.00257952
0.00689897
0.0137787
0.0218868
0.0295194
0.0354585
0.034565
0.0313431
0.0248584
0.0154005
0.00742211
-0.00102525
-0.010977
-0.0199626
-0.0280332
-0.0343946
-0.0385937
-0.0381021
-0.0344258
-0.0286656
-0.0226243
-0.0186675
-0.0187023
-0.0205086
-0.0246306
-0.0308515
-0.0395769
-0.0517673
-0.0633178
-0.0770546
-0.0943263
-0.112267
-0.131537
-0.152562
-0.188974
-0.224273
-0.243871
-0.266409
-0.293131
-0.320757
-0.350456
-0.380488
-0.411098
-0.442071
-0.465667
-0.488626
-0.505464
-0.518514
-0.527442
-0.53141
-0.528447
-0.520144
-0.501374
-0.470624
-0.424324
-0.36156
-0.289741
-0.212829
-0.128557
-0.0427133
0.0414688
0.130243
0.21914
0.304115
0.387475
0.466456
0.537809
0.60039
0.65182
0.692076
0.714525
0.716423
0.706852
0.679352
0.631522
0.569107
0.492583
0.411349
0.326586
0.251314
0.184746
0.120792
0.0517611
-0.0170176
-0.0871514
-0.159865
-0.213872
-0.21038
-0.217747
-0.234038
-0.263393
-0.292288
-0.308296
-0.316224
-0.323068
-0.326745
-0.322685
-0.312424
-0.293167
-0.275705
-0.258975
-0.234782
-0.189853
-0.12446
-0.0396034
0.0569152
0.171815
0.306492
0.455333
0.60503
0.746247
0.870875
0.97
1.05076
1.11441
1.16899
1.21511
1.25065
1.26521
1.2662
1.24134
1.19018
1.11988
1.02595
0.914382
0.803582
0.705469
0.634933
0.605832
0.630485
0.697133
0.805651
0.943717
1.09938
1.26675
1.4338
1.60149
1.77149
1.9537
2.14103
2.31227
2.45354
2.55545
2.62136
2.6711
2.71846
2.76678
2.80154
2.8269
2.84017
2.85043
2.87114
2.89064
2.89924
2.90682
2.91334
2.92505
2.93914
2.96873
3.02594
3.11075
3.20972
3.27728
3.31125
3.32343
3.32598
3.31553
3.29966
3.28982
3.28975
3.29552
3.29516
3.28906
3.27473
3.24696
3.21242
3.1604
3.09227
3.02111
2.9626
2.89858
2.84094
2.79513
2.748
2.69687
2.63144
2.55922
2.45717
2.30603
2.115
1.95642
1.83143
1.74102
1.68602
1.67018
1.68642
1.72297
1.78486
1.85155
1.9172
1.96483
1.98586
1.9875
1.9799
1.96455
1.94904
1.93892
1.93389
1.93208
1.9255
1.91132
1.88894
1.86074
1.83244
1.7976
1.76167
1.73125
1.70921
1.70421
1.71968
1.75962
1.8229
1.90076
1.99549
2.10657
2.23614
2.36856
2.4958
2.62057
2.73386
2.84255
2.94851
3.04769
3.13535
3.2053
3.25297
3.2802
3.27303
3.23705
3.17206
3.08541
2.98647
2.8914
2.8071
2.73802
2.68534
2.64526
2.61587
2.59562
2.58307
2.59109
2.61725
2.65038
2.68403
2.70609
2.72074
2.72751
2.73374
2.73782
2.73107
2.71517
2.69158
2.65569
2.59719
2.51623
2.41019
2.29414
2.17421
2.05982
1.94631
1.83662
1.72793
1.6184
1.50536
1.38568
1.26625
1.1482
1.04107
0.946653
0.870773
0.816996
0.787119
0.777083
0.782702
0.788998
0.79432
0.795506
0.800518
0.809561
0.812029
0.807835
0.789714
0.754952
0.706756
0.649682
0.587415
0.515747
0.431065
0.331999
0.228596
0.129415
0.0353322
-0.058442
-0.150956
-0.240457
-0.321809
-0.399037
-0.474816
-0.540476
-0.608665
-0.674501
-0.739413
-0.808605
-0.867344
-0.922942
-0.974354
-1.02352
-1.07041
-1.11661
-1.16801
-1.22621
-1.28338
-1.34338
-1.40398
-1.46002
-1.51871
-1.56962
-1.60739
-1.64162
-1.67818
-1.71945
-1.77011
-1.82785
-1.89235
-1.96428
-2.03525
-2.10401
-2.17198
-2.23889
-2.30708
-2.37278
-2.43518
-2.49211
-2.5472
-2.59235
-2.62825
-2.66297
-2.69116
-2.70832
-2.71724
-2.7189
-2.71303
-2.70641
-2.69602
-2.68124
-2.66172
-2.63447
-2.60189
-2.56285
-2.51762
-2.47269
-2.43413
-2.39645
-2.36105
-2.32866
-2.29504
-2.26341
-2.23525
-2.21457
-2.19827
-2.18589
-2.18152
-2.17903
-2.1871
-2.19895
-2.2177
-2.24044
-2.26311
-2.28355
-2.29969
-2.31039
-2.31652
-2.3207
-2.32354
-2.32154
-2.31623
-2.31112
-2.30527
-2.29758
-2.29152
-2.29057
-2.28903
-2.291
-2.28733
-2.2869
-2.28958
-2.29429
-2.29959
-2.29875
-2.29244
-2.27957
-2.26479
-2.25303
-2.24504
-2.23523
-2.22892
-2.22293
-2.21862
-2.20796
-2.19772
-2.18786
-2.17529
-2.1622
-2.15021
-2.14204
-2.1376
-2.13802
-2.136
-2.13275
-2.12623
-2.12024
-2.11571
-2.11544
-2.11808
-2.12497
-2.13459
-2.13737
-2.13669
-2.13205
-2.12281
-2.10938
-2.09215
-2.07212
-2.04758
-2.02659
-2.00501
-1.98615
-1.97668
-1.96264
-1.95172
-1.9377
-1.92292
-1.91056
-1.90089
-1.89995
-1.90546
-1.91384
-1.92017
-1.93043
-1.94218
-1.94967
-1.95326
-1.95518
-1.95779
-1.9663
-1.97171
-1.96883
-1.96296
-1.96359
-1.96938
-1.97978
-1.99317
-2.00618
-2.02207
-2.03666
-2.05156
-2.06497
-2.07521
-2.08597
-2.09807
-2.10804
-2.12048
-2.13255
-2.14264
-2.14841
-2.15185
-2.15803
-2.16857
-2.18138
-2.19297
-2.19781
-2.19805
-2.19664
-2.19248
-2.19354
-2.19723
-2.20009
-2.20531
-2.20959
-2.20877
-2.20687
-2.20605
-2.20308
-2.19557
-2.18375
-2.16715
-2.14917
-2.13188
-2.11132
-2.09086
-2.06798
-2.04411
-2.02481
-1.99679
-1.9713
-1.94781
-1.92617
-1.91071
-1.90003
-1.89274
-1.8923
-1.88519
-1.86923
-1.85613
-1.84259
-1.82293
-1.79664
-1.76498
-1.7333
-1.70589
-1.6818
-1.65891
-1.63879
-1.61321
-1.58738
-1.56661
-1.54686
-1.52859
-1.51337
-1.50192
-1.49515
-1.48798
-1.48857
-1.48508
-1.47786
-1.47115
-1.46353
-1.45183
-1.43891
-1.42143
-1.40142
-1.38385
-1.36881
-1.35684
-1.34841
-1.34341
-1.34241
-1.34281
-1.34227
-1.34219
-1.34282
-1.34512
-1.34589
-1.35008
-1.35357
-1.36066
-1.37249
-1.38314
-1.39267
-1.40297
-1.41475
-1.42784
-1.43938
-1.45239
-1.46268
-1.47228
-1.48125
-1.49155
-1.50223
-1.5137
-1.52599
-1.5368
-1.5426
-1.55097
-1.55872
-1.56596
-1.57792
-1.58891
-1.60004
-1.61022
-1.61798
-1.62573
-1.62856
-1.63163
-1.63272
-1.63478
-1.63526
-1.63588
-1.63343
-1.62936
-1.62189
-1.61795
-1.61102
-1.60779
-1.60772
-1.6083
-1.60789
-1.61141
-1.61681
-1.62807
-1.64345
-1.66736
-1.69601
-1.72309
-1.75119
-1.78484
-1.82304
-1.86576
-1.91254
-1.96266
-2.01972
-2.07299
-2.12496
-2.17593
-2.22848
-2.28181
-2.3362
-2.392
-2.44889
-2.50592
-2.56266
-2.61993
-2.67292
-2.72518
-2.77671
-2.82706
-2.86917
-2.90971
-2.96665
-3.01883
-3.06667
-3.10619
-3.14449
-3.17844
-3.20754
-3.2361
-3.25899
-3.28018
-3.30167
-3.33098
-3.35505
-3.38861
-3.43916
-3.48472
-3.50118
-3.48972
-3.45568
-3.38828
-3.28862
-3.15499
-2.9911
-2.80173
-2.58014
-2.33489
-2.08388
-1.82028
-1.54155
-1.31186
-1.10996
-0.918683
-0.752923
-0.623506
-0.522358
-0.440845
-0.374846
-0.318722
-0.269987
-0.228173
-0.187084
-0.132502
-0.0574863
0.0264426
0.116565
0.215464
0.312732
0.425174
0.560219
0.712772
0.86429
1.00835
1.14491
1.26221
1.37131
1.4811
1.59405
1.70486
1.79203
1.85036
1.89596
1.95885
2.03317
2.08638
2.10627
2.04324
1.88341
1.65676
1.39181
1.11681
0.827091
0.522347
0.224821
-0.0856333
-0.409376
-0.730334
-1.06051
-1.42291
-1.82753
-2.27316
-2.7481
-3.23421
-3.70364
-4.1533
-4.60598
-5.0949
-5.6125
-6.14647
-6.6647
-7.15579
-7.61214
-8.03116
-8.4286
-8.80013
-9.16432
-9.51813
-9.86565
-10.2136
-10.5589
-10.8927
-11.2265
-11.5568
-11.8673
-12.1486
-12.3885
-12.5816
-12.7289
-12.8543
-12.9679
-13.0823
-13.2047
-13.3604
-13.5466
-13.7369
-13.9131
-14.0683
-14.2003
-14.3168
-14.4368
-14.5771
-14.7265
-14.8713
-15.0016
-15.0952
-15.1443
-15.1546
-15.1435
-15.1256
-15.108
-15.1097
-15.1374
-15.1906
-15.2559
-15.3437
-15.4477
-15.5547
-15.6428
-15.6949
-15.7213
-15.7171
-15.7046
-15.6736
-15.6246
-15.5482
-15.4459
-15.3372
-15.2296
-15.1345
-15.0592
-15.0039
-14.9752
-14.9742
-14.9923
-15.0237
-15.0533
-15.0802
-15.0959
-15.0931
-15.0824
-15.0765
-15.0648
-15.0281
-14.9606
-14.8376
-14.642
-14.4846
-14.3588
-14.2062
-13.9973
-13.735
-13.4307
-13.1065
-12.7619
-12.4008
-12.0221
-11.6301
-11.2318
-10.8301
-10.4264
-10.0114
-9.58082
-9.14311
-8.69805
-8.25103
-7.80986
-7.3884
-7.00419
-6.64947
-6.31944
-6.01599
-5.73478
-5.48482
-5.27045
-5.07028
-4.87222
-4.6611
-4.44916
-4.23808
-4.02359
-3.79696
-3.56126
-3.31359
-3.05225
-2.79666
-2.54839
-2.30165
-2.05445
-1.80754
-1.58753
-1.39396
-1.21958
-1.06953
-0.946006
-0.844608
-0.753129
-0.66364
-0.574877
-0.486488
-0.402701
-0.324996
-0.258282
-0.204521
-0.158241
-0.132341
-0.117132
-0.114751
-0.120896
-0.107774
-0.108727
-0.126378
-0.160808
-0.199542
-0.216636
-0.198172
-0.155812
-0.097479
-0.0227729
0.0614683
0.154589
0.257797
0.367737
0.479433
0.594793
0.712761
0.841582
0.975919
1.10365
1.22188
1.32466
1.41019
1.48451
1.55334
1.61517
1.67244
1.72406
1.78322
1.81802
1.84497
1.88302
1.93224
2.0056
2.08906
2.17455
2.25151
2.31411
2.35248
2.37411
2.38229
2.39031
2.40265
2.41545
2.42675
2.43405
2.42661
2.40928
2.38106
2.34292
2.29692
2.24453
2.18523
2.11315
2.0234
1.91973
1.80168
1.67103
1.5345
1.39628
1.24101
1.07347
0.902306
0.724269
0.542789
0.360286
0.169972
-0.0197805
-0.210075
-0.400923
-0.586228
-0.777678
-0.971396
-1.15884
-1.33253
-1.48617
-1.62272
-1.75599
-1.88647
-2.01113
-2.11814
-2.21163
-2.29822
-2.38198
-2.4646
-2.55161
-2.63674
-2.71206
-2.78233
-2.84866
-2.90887
-2.96315
-3.01095
-3.04879
-3.08418
-3.10702
-3.13137
-3.15711
-3.18233
-3.206
-3.22774
-3.24521
-3.25538
-3.26381
-3.27782
-3.28673
-3.29558
-3.28223
-3.25289
-3.22319
-3.19713
-3.16855
-3.13489
-3.08924
-3.03506
-2.97237
-2.90836
-2.84304
-2.78085
-2.72309
-2.66992
-2.61555
-2.54527
-2.4648
-2.38028
-2.30513
-2.23738
-2.17955
-2.14405
-2.11867
-2.10656
-2.10299
-2.11149
-2.12771
-2.14473
-2.15396
-2.17545
-2.20285
-2.22804
-2.25887
-2.29779
-2.34126
-2.3835
-2.43523
-2.4871
-2.53596
-2.58123
-2.61992
-2.6581
-2.69494
-2.73466
-2.78338
-2.82839
-2.86675
-2.8919
-2.90693
-2.90769
-2.90798
-2.91334
-2.92402
-2.94285
-2.96448
-2.98617
-3.00701
-3.02841
-3.05103
-3.07252
-3.09653
-3.1184
-3.13867
-3.16226
-3.19492
-3.22594
-3.25914
-3.29167
-3.30181
-3.30534
-3.31717
-3.33777
-3.35883
-3.3763
-3.38747
-3.3937
-3.39529
-3.39117
-3.38524
-3.37421
-3.36476
-3.35706
-3.34759
-3.33925
-3.33638
-3.33621
-3.33962
-3.348
-3.35846
-3.36706
-3.37308
-3.37809
-3.38241
-3.39141
-3.40048
-3.40842
-3.41559
-3.42124
-3.42214
-3.42128
-3.41952
-3.42101
-3.4282
-3.43572
-3.44527
-3.4584
-3.46701
-3.47739
-3.48635
-3.49743
-3.50598
-3.51071
-3.51477
-3.51945
-3.52395
-3.52764
-3.53469
-3.5452
-3.55905
-3.57343
-3.58136
-3.59083
-3.59936
-3.61179
-3.62474
-3.64152
-3.65904
-3.67921
-3.70164
-3.72113
-3.73679
-3.75012
-3.76797
-3.78636
-3.80619
-3.82141
-3.83659
-3.85016
-3.87059
-3.8925
-3.91153
-3.93441
-3.95984
-3.98919
-4.01419
-4.03426
-4.05603
-4.07964
-4.10297
-4.12358
-4.14253
-4.15986
-4.1786
-4.20043
-4.22642
-4.25928
-4.30162
-4.3525
-4.42017
-4.48715
-4.55315
-4.60608
-4.65993
-4.73855
-4.81682
-4.89408
-4.97178
-5.05367
-5.13107
-5.19236
-5.22956
-5.27906
-5.31778
-5.35559
-5.38184
-5.40515
-5.42656
-5.44466
-5.46024
-5.47737
-5.49287
-5.50452
-5.51211
-5.51712
-5.51805
-5.5204
-5.51985
-5.52311
-5.53295
-5.54581
-5.56134
-5.57593
-5.58342
-5.58594
-5.59081
-5.60893
-5.62439
-5.64067
-5.66325
-5.68407
-5.70247
-5.71639
-5.72216
-5.71886
-5.70332
-5.67596
-5.63923
-5.59553
-5.54683
-5.49016
-5.43219
-5.3719
-5.305
-5.23282
-5.1596
-5.09147
-5.03479
-4.98786
-4.94453
-4.90714
-4.86975
-4.83675
-4.80529
-4.77845
-4.7544
-4.73043
-4.70738
-4.68556
-4.66382
-4.64889
-4.62654
-4.5964
-4.56614
-4.55422
-4.55091
-4.55182
-4.55021
-4.55094
-4.56062
-4.57655
-4.59291
-4.61574
-4.64798
-4.67319
-4.7002
-4.71974
-4.74471
-4.76025
-4.77824
-4.7868
-4.78303
-4.77206
-4.75196
-4.72121
-4.67278
-4.60647
-4.52154
-4.43341
-4.35037
-4.28004
-4.21006
-4.11969
-4.01893
-3.91462
-3.81793
-3.73024
-3.65803
-3.60622
-3.57238
-3.54354
-3.51836
-3.50652
-3.50655
-3.52903
-3.57229
-3.63724
-3.72164
-3.82815
-3.94643
-4.07809
-4.22786
-4.39163
-4.56898
-4.75961
-4.96018
-5.17733
-5.41267
-5.66122
-5.9154
-6.18208
-6.46457
-6.76448
-7.0788
-7.40532
-7.73848
-8.07584
-8.40529
-8.71516
-9.00037
-9.2633
-9.51766
-9.78671
-10.0687
-10.3674
-10.6764
-10.9947
-11.3236
-11.667
-12.023
-12.3942
-12.7817
-13.1847
-13.604
-14.0376
-14.4694
-14.884
-15.2717
-15.6307
-15.9503
-16.2348
-16.4898
-16.7109
-16.8926
-17.0304
-17.116
-17.1635
-17.1718
-17.1502
-17.1087
-17.0481
-16.9871
-16.939
-16.9194
-16.9237
-16.9482
-16.9862
-17.0248
-17.0682
-17.1115
-17.154
-17.185
-17.2055
-17.2169
-17.2167
-17.2076
-17.188
-17.1506
-17.0906
-17.0098
-16.9109
-16.7929
-16.6566
-16.5065
-16.3385
-16.153
-15.9502
-15.726
-15.4813
-15.2192
-14.9366
-14.6335
-14.3217
-14.0071
-13.7009
-13.4071
-13.1249
-12.8518
-12.5801
-12.3035
-12.0214
-11.7268
-11.4189
-11.0913
-10.7534
-10.4085
-10.0632
-9.72631
-9.39796
-9.0689
-8.74041
-8.42054
-8.11278
-7.82379
-7.54425
-7.26667
-6.9819
-6.68767
-6.39552
-6.10406
-5.81727
-5.53406
-5.2546
-4.9868
-4.72661
-4.47629
-4.23142
-3.99191
-3.76101
-3.54297
-3.33735
-3.14607
-2.96717
-2.79591
-2.63103
-2.47259
-2.32159
-2.18029
-2.05338
-1.94129
-1.84548
-1.7584
-1.67445
-1.59019
-1.50466
-1.42452
-1.3538
-1.28938
-1.22862
-1.17315
-1.11844
-1.0726
-1.02617
-0.977762
-0.92045
-0.861851
-0.803752
-0.743913
-0.6781
-0.612239
-0.545387
-0.470749
-0.397034
-0.329651
-0.270835
-0.222827
-0.186213
-0.157293
-0.128492
-0.104683
-0.080274
-0.0613421
-0.0702132
-0.065119
-0.0525002
-0.0423518
-0.029749
-0.0177956
-0.00838402
-0.00261775
0.00425159
0.00788161
0.01261
0.0163534
0.0132368
0.00122901
-0.0117594
-0.023288
-0.0396281
-0.059295
-0.0857366
-0.113269
-0.13209
-0.141714
-0.139611
-0.128244
-0.10664
-0.0771367
-0.0386515
0.00427236
0.0511651
0.0967296
0.142022
0.191016
0.243944
0.294925
0.346444
0.389245
0.424832
0.456821
0.48264
0.50273
0.51427
0.517384
0.512777
0.498961
0.474828
0.447918
0.41577
0.385478
0.355756
0.328653
0.30083
0.279626
0.265168
0.26351
0.273117
0.288037
0.307433
0.329922
0.353248
0.37478
0.396671
0.417094
0.438137
0.459355
0.476423
0.493658
0.509956
0.527674
0.542231
0.553594
0.557825
0.563153
0.567175
0.569065
0.567549
0.565662
0.564773
0.566546
0.567202
0.570696
0.578518
0.588884
0.599952
0.612423
0.63247
0.652223
0.666449
0.675738
0.675593
0.666777
0.65263
0.637394
0.624127
0.60842
0.592495
0.57539
0.566974
0.559435
0.554013
0.549707
0.540995
0.528387
0.516464
0.504243
0.48897
0.474066
0.457937
0.439003
0.425041
0.407826
0.389824
0.369607
0.348068
0.326234
0.27988
0.247095
0.226999
0.206176
0.180393
0.150442
0.119739
0.0963946
0.0615883
0.0208498
-0.0196934
-0.0570562
-0.0967493
-0.131911
-0.161004
-0.192346
-0.223009
-0.255266
-0.284583
-0.309115
-0.325782
-0.335207
-0.341065
-0.348613
-0.350522
-0.353481
-0.357612
-0.362167
-0.372312
-0.390757
-0.412768
-0.435872
-0.461666
-0.489665
-0.515618
-0.542132
-0.565457
-0.591295
-0.623936
-0.655259
-0.68505
-0.711366
-0.734287
-0.755899
-0.776652
-0.791963
-0.800255
-0.803938
-0.80256
-0.798988
-0.796333
-0.790575
-0.781433
-0.775652
-0.774366
-0.77686
-0.777677
-0.77794
-0.782183
-0.787942
-0.793654
-0.795246
-0.787939
-0.773024
-0.75294
-0.730074
-0.71076
-0.693521
-0.679961
-0.665241
-0.649096
-0.629692
-0.61105
-0.59371
-0.570064
-0.547802
-0.523532
-0.500409
-0.481877
-0.468895
-0.455037
-0.444476
-0.435398
-0.42518
-0.414669
-0.402297
-0.391541
-0.380713
-0.369898
-0.360079
-0.347055
-0.335942
-0.328086
-0.322795
-0.318146
-0.314398
-0.30975
-0.300194
-0.289216
-0.276453
-0.262903
-0.250602
-0.238969
-0.227096
-0.21358
-0.200726
-0.189384
-0.180351
-0.172442
-0.165766
-0.160095
-0.15471
-0.148997
-0.139961
-0.131677
-0.126856
-0.124928
-0.124584
-0.126049
-0.126953
-0.131584
-0.138072
-0.145658
-0.157563
-0.170488
-0.183367
-0.196615
-0.211337
-0.224603
-0.241214
-0.256046
-0.266476
-0.272709
-0.279994
-0.283655
-0.292953
-0.304149
-0.317427
-0.332882
-0.352591
-0.37055
-0.385503
-0.398852
-0.413703
-0.430865
-0.446458
-0.462164
-0.477198
-0.493537
-0.511297
-0.530566
-0.553871
-0.578699
-0.60447
-0.62796
-0.65267
-0.67656
-0.700463
-0.726309
-0.755485
-0.787675
-0.820414
-0.856056
-0.890939
-0.922682
-0.953155
-0.980982
-1.00983
-1.03713
-1.06178
-1.08424
-1.10412
-1.12745
-1.15435
-1.18703
-1.21929
-1.24678
-1.26888
-1.28731
-1.30363
-1.31971
-1.33325
-1.34622
-1.36117
-1.37691
-1.3919
-1.40414
-1.41174
-1.41424
-1.41319
-1.41427
-1.41485
-1.41599
-1.41137
-1.40869
-1.40666
-1.40948
-1.41517
-1.41914
-1.42265
-1.42382
-1.42155
-1.4228
-1.41885
-1.41502
-1.40377
-1.39338
-1.39165
-1.38745
-1.38243
-1.3834
-1.38632
-1.39414
-1.39796
-1.39529
-1.39312
-1.38687
-1.38319
-1.37726
-1.37502
-1.37547
-1.37722
-1.37658
-1.37543
-1.37506
-1.37958
-1.38819
-1.39681
-1.40269
-1.40727
-1.41491
-1.42709
-1.4366
-1.44937
-1.47157
-1.49238
-1.50514
-1.51381
-1.53656
-1.55019
-1.55563
-1.55958
-1.56499
-1.57533
-1.58469
-1.59623
-1.60379
-1.61229
-1.62122
-1.63272
-1.64823
-1.65971
-1.67648
-1.69518
-1.71429
-1.73566
-1.75703
-1.7764
-1.79724
-1.81599
-1.8345
-1.85654
-1.87695
-1.89566
-1.91424
-1.93065
-1.94691
-1.96379
-1.98199
-1.99752
-2.01072
-2.02539
-2.03301
-2.03734
-2.03723
-2.03206
-2.02584
-2.01971
-2.01548
-2.0058
-1.99438
-1.98335
-1.97614
-1.96984
-1.96779
-1.96702
-1.96666
-1.96752
-1.9743
-1.97983
-1.98971
-2.00282
-2.01395
-2.02183
-2.02716
-2.02714
-2.02678
-2.02761
-2.02681
-2.02037
-2.0084
-1.99298
-1.97661
-1.96026
-1.94988
-1.93982
-1.93163
-1.92361
-1.91896
-1.91103
-1.90785
-1.90676
-1.90578
-1.90327
-1.90201
-1.90267
-1.90199
-1.90361
-1.90623
-1.90705
-1.90679
-1.90499
-1.90895
-1.91079
-1.90643
-1.9005
-1.89267
-1.88457
-1.8768
-1.87051
-1.86239
-1.85428
-1.84374
-1.82945
-1.81162
-1.80173
-1.80116
-1.80687
-1.81426
-1.82225
-1.82784
-1.82984
-1.82826
-1.82578
-1.82575
-1.82755
-1.83078
-1.83379
-1.83551
-1.83544
-1.8404
-1.84604
-1.85288
-1.86026
-1.86895
-1.87541
-1.87982
-1.88534
-1.89114
-1.89534
-1.90075
-1.90307
-1.90687
-1.91187
-1.91704
-1.92346
-1.93866
-1.95649
-1.97869
-2.00273
-2.02508
-2.04143
-2.05448
-2.06328
-2.06913
-2.07221
-2.08592
-2.08465
-2.08715
-2.08588
-2.0818
-2.07675
-2.06885
-2.05731
-2.04378
-2.0315
-2.02547
-2.02523
-2.03242
-2.04498
-2.05741
-2.07125
-2.0823
-2.09458
-2.10894
-2.12103
-2.13397
-2.14434
-2.15354
-2.16541
-2.18255
-2.20919
-2.23581
-2.26814
-2.3032
-2.33437
-2.36276
-2.39907
-2.4339
-2.48324
-2.52746
-2.56697
-2.6046
-2.64424
-2.68847
-2.73056
-2.77348
-2.81028
-2.84335
-2.87084
-2.89745
-2.92624
-2.95688
-2.99136
-3.02802
-3.06207
-3.09368
-3.11931
-3.14006
-3.15781
-3.17576
-3.19709
-3.21455
-3.22602
-3.23473
-3.23943
-3.2357
-3.22919
-3.21946
-3.21171
-3.19641
-3.18429
-3.17341
-3.15852
-3.14099
-3.12229
-3.10214
-3.08416
-3.06748
-3.05624
-3.04905
-3.04364
-3.03371
-3.02273
-3.01423
-3.0046
-2.99521
-2.98531
-2.97233
-2.95821
-2.94346
-2.92505
-2.90951
-2.89642
-2.88567
-2.87643
-2.87078
-2.86917
-2.87112
-2.86595
-2.85739
-2.8611
-2.85824
-2.85885
-2.86552
-2.87034
-2.87425
-2.87833
-2.87754
-2.87803
-2.87868
-2.88007
-2.87947
-2.87361
-2.86681
-2.8536
-2.84066
-2.82511
-2.813
-2.79963
-2.78663
-2.77522
-2.76889
-2.75832
-2.75006
-2.74412
-2.73639
-2.73366
-2.73094
-2.73109
-2.73022
-2.72443
-2.71622
-2.70817
-2.70296
-2.69837
-2.69817
-2.69603
-2.69123
-2.68356
-2.67619
-2.66877
-2.66142
-2.65244
-2.64024
-2.63005
-2.61752
-2.60659
-2.59373
-2.58251
-2.57069
-2.56037
-2.55263
-2.54627
-2.53916
-2.52906
-2.52052
-2.51423
-2.50885
-2.50075
-2.49175
-2.48352
-2.472
-2.45864
-2.44482
-2.43009
-2.4141
-2.39426
-2.37167
-2.34745
-2.3217
-2.29406
-2.26919
-2.24823
-2.23031
-2.21788
-2.20719
-2.19575
-2.18289
-2.17025
-2.15903
-2.15124
-2.14503
-2.13855
-2.13201
-2.12643
-2.11864
-2.10814
-2.0969
-2.08269
-2.0726
-2.06364
-2.05511
-2.04469
-2.03964
-2.03341
-2.02924
-2.02751
-2.02873
-2.03074
-2.03374
-2.03766
-2.04452
-2.05297
-2.05883
-2.06924
-2.07966
-2.0918
-2.09962
-2.10898
-2.11379
-2.11178
-2.10983
-2.10596
-2.10169
-2.09895
-2.09097
-2.08012
-2.06821
-2.05917
-2.04922
-2.04575
-2.04609
-2.0465
-2.04752
-2.04819
-2.04864
-2.05419
-2.06089
-2.07446
-2.09181
-2.10857
-2.12454
-2.13729
-2.14761
-2.15759
-2.16896
-2.17539
-2.17766
-2.1789
-2.17932
-2.17439
-2.16762
-2.15218
-2.1355
-2.12328
-2.1163
-2.11612
-2.12187
-2.13023
-2.14044
-2.15095
-2.15789
-2.16764
-2.17702
-2.19067
-2.20417
-2.21881
-2.22804
-2.23646
-2.24882
-2.26074
-2.27245
-2.28361
-2.2902
-2.29522
-2.30002
-2.29971
-2.29754
-2.29634
-2.29601
-2.29718
-2.29915
-2.30163
-2.30161
-2.30273
-2.30011
-2.29404
-2.29203
-2.28797
-2.27942
-2.27126
-2.25837
-2.24551
-2.22944
-2.21958
-2.21281
-2.20871
-2.20665
-2.20262
-2.19723
-2.19128
-2.18191
-2.1689
-2.15471
-2.13557
-2.11943
-2.10334
-2.08573
-2.06428
-2.04136
-2.02069
-2.00278
-1.99161
-1.97946
-1.96669
-1.95577
-1.94167
-1.93049
-1.91764
-1.90497
-1.89161
-1.88121
-1.87058
-1.86486
-1.86201
-1.86593
-1.872
-1.88325
-1.89136
-1.90317
-1.91732
-1.93212
-1.94686
-1.95269
-1.95417
-1.95419
-1.94701
-1.93965
-1.92921
-1.91867
-1.9121
-1.90768
-1.90478
-1.90095
-1.89658
-1.89114
-1.88961
-1.88776
-1.88353
-1.87787
-1.87256
-1.8682
-1.86592
-1.87203
-1.87561
-1.87737
-1.87742
-1.87278
-1.869
-1.86413
-1.86283
-1.86049
-1.85865
-1.85606
-1.85215
-1.85095
-1.85344
-1.8593
-1.8659
-1.86854
-1.8715
-1.8773
-1.88091
-1.88301
-1.88246
-1.8781
-1.86655
-1.85653
-1.84311
-1.83212
-1.81853
-1.80491
-1.79026
-1.78016
-1.77779
-1.77883
-1.77532
-1.77462
-1.77971
-1.78871
-1.80066
-1.81474
-1.83296
-1.85121
-1.87263
-1.89475
-1.91862
-1.93996
-1.96221
-1.98501
-2.02072
-2.06735
-2.12061
-2.17143
-2.22149
-2.27206
-2.32075
-2.3699
-2.4087
-2.43817
-2.45717
-2.47404
-2.48753
-2.5061
-2.52562
-2.55365
-2.58607
-2.63644
-2.69915
-2.7747
-2.85554
-2.93289
-3.00335
-3.0722
-3.1446
-3.21865
-3.29755
-3.37295
-3.45051
-3.53496
-3.62292
-3.7137
-3.80523
-3.88696
-3.96129
-4.02785
-4.08998
-4.1386
-4.17587
-4.20433
-4.22405
-4.24063
-4.25617
-4.27179
-4.27592
-4.26259
-4.23317
-4.19121
-4.14087
-4.08704
-4.0303
-3.97711
-3.93886
-3.9168
-3.90403
-3.89915
-3.90166
-3.9055
-3.91824
-3.93852
-3.96106
-3.98649
-4.01201
-4.03449
-4.05756
-4.08063
-4.10889
-4.14922
-4.20293
-4.25579
-4.30602
-4.33491
-4.35634
-4.36111
-4.353
-4.33808
-4.32164
-4.30768
-4.29495
-4.28474
-4.27529
-4.27107
-4.26699
-4.26874
-4.27529
-4.2812
