0.00341797
0.00683594
0.0078125
0.00830078
0.00830078
0.00756836
0.00732422
0.00708008
0.00732422
0.00732422
0.00878906
0.010498
0.0129395
0.0153809
0.0185547
0.0212402
0.0236816
0.026123
0.0285645
0.0319824
0.0349121
0.0371094
0.0400391
0.0432129
0.0473633
0.052002
0.0576172
0.0622559
0.0651855
0.0664063
0.0668945
0.0671387
0.0656738
0.0651855
0.0637207
0.0625
0.0610352
0.0610352
0.0627441
0.0651855
0.0681152
0.0710449
0.0727539
0.0759277
0.0791016
0.0820313
0.0852051
0.088623
0.0917969
0.0947266
0.0969238
0.097168
0.0976563
0.0976563
0.0986328
0.0991211
0.0993652
0.0991211
0.0986328
0.0964355
0.0949707
0.092041
0.0881348
0.0827637
0.0769043
0.0703125
0.0649414
0.0598145
0.0541992
0.0478516
0.0410156
0.0339355
0.0270996
0.0209961
0.0148926
0.010498
0.0078125
0.00708008
0.00756836
0.00878906
0.0102539
0.0131836
0.0170898
0.0227051
0.0302734
0.0366211
0.0419922
0.0473633
0.0510254
0.0537109
0.0559082
0.0571289
0.057373
0.0583496
0.0583496
0.0571289
0.0549316
0.0529785
0.0505371
0.0483398
0.0456543
0.043457
0.0424805
0.0424805
0.0419922
0.0412598
0.0407715
0.0402832
0.0402832
0.0402832
0.0424805
0.0441895
0.0476074
0.0512695
0.0556641
0.0603027
0.0661621
0.0717773
0.0788574
0.0864258
0.0935059
0.100098
0.106201
0.113525
0.121338
0.128174
0.133301
0.135986
0.136719
0.136475
0.135498
0.134033
0.13208
0.130859
0.129639
0.12793
0.126953
0.126465
0.125
0.123535
0.123535
0.123535
0.125
0.128418
0.132324
0.136475
0.142578
0.148193
0.154297
0.160156
0.165039
0.169678
0.17334
0.177246
0.179932
0.180176
0.180176
0.178467
0.17627
0.174561
0.171631
0.168457
0.163818
0.158936
0.153076
0.148438
0.144531
0.139893
0.135498
0.132324
0.12915
0.126709
0.124023
0.123291
0.121582
0.118164
0.118408
0.119385
0.119385
0.120117
0.120117
0.120117
0.120117
0.119141
0.117188
0.115967
0.115723
0.115723
0.114746
0.114502
0.114014
0.114746
0.117188
0.119629
0.121338
0.123535
0.126465
0.128906
0.130127
0.131104
0.131104
0.130615
0.130127
0.128174
0.125
0.122559
0.120117
0.118164
0.116211
0.114258
0.113525
0.113037
0.113525
0.11377
0.115479
0.116943
0.117676
0.11792
0.118896
0.119629
0.120361
0.121582
0.12207
0.122803
0.122314
0.121826
0.121582
0.120361
0.120361
0.119141
0.117676
0.11499
0.111572
0.108154
0.104004
0.0993652
0.0947266
0.0891113
0.0839844
0.0788574
0.0749512
0.0705566
0.0666504
0.0629883
0.059082
0.0561523
0.0527344
0.0498047
0.0473633
0.0454102
0.0419922
0.0375977
0.0319824
0.0246582
0.0168457
0.0100098
0.00341797
-0.00366211
-0.0102539
-0.0151367
-0.0202637
-0.0263672
-0.03125
-0.0349121
-0.0361328
-0.0366211
-0.0378418
-0.0385742
-0.0390625
-0.0385742
-0.0385742
-0.0393066
-0.0412598
-0.0441895
-0.0488281
-0.0541992
-0.0603027
-0.0673828
-0.0749512
-0.0820313
-0.0878906
-0.0944824
-0.0993652
-0.103027
-0.105225
-0.106445
-0.106201
-0.104492
-0.102295
-0.0993652
-0.0959473
-0.0922852
-0.0888672
-0.0849609
-0.0808105
-0.0769043
-0.0727539
-0.0695801
-0.0683594
-0.0686035
-0.0700684
-0.0715332
-0.072998
-0.0749512
-0.0771484
-0.0793457
-0.0812988
-0.0839844
-0.0866699
-0.0893555
-0.0910645
-0.0935059
-0.095459
-0.0964355
-0.0996094
-0.101318
-0.103271
-0.105469
-0.107666
-0.108398
-0.108643
-0.107666
-0.106201
-0.103516
-0.101563
-0.0996094
-0.0981445
-0.0952148
-0.0908203
-0.0864258
-0.0812988
-0.0766602
-0.0717773
-0.0664063
-0.0605469
-0.0532227
-0.0454102
-0.0395508
-0.0339355
-0.0305176
-0.027832
-0.0268555
-0.0268555
-0.0283203
-0.0305176
-0.0339355
-0.0373535
-0.0422363
-0.0478516
-0.0529785
-0.0576172
-0.0620117
-0.0654297
-0.0695801
-0.0717773
-0.0737305
-0.0749512
-0.0749512
-0.0742188
-0.0727539
-0.0710449
-0.0698242
-0.0671387
-0.065918
-0.0654297
-0.0654297
-0.0661621
-0.0661621
-0.0654297
-0.065918
-0.0661621
-0.0664063
-0.067627
-0.0700684
-0.0727539
-0.0761719
-0.0783691
-0.0783691
-0.0783691
-0.0771484
-0.0771484
-0.0778809
-0.078125
-0.0793457
-0.0808105
-0.0834961
-0.0874023
-0.0908203
-0.0942383
-0.097168
-0.100098
-0.101563
-0.101807
-0.101563
-0.10083
-0.0986328
-0.0974121
-0.0959473
-0.0942383
-0.0922852
-0.0915527
-0.0895996
-0.0883789
-0.0852051
-0.0827637
-0.0825195
-0.0805664
-0.074707
-0.0651855
-0.0554199
-0.0444336
-0.0341797
-0.0239258
-0.0131836
-0.00292969
0.00756836
0.0175781
0.0263672
0.0336914
0.041748
0.048584
0.0541992
0.0583496
0.0625
0.0668945
0.0695801
0.0717773
0.0722656
0.0720215
0.0715332
0.0715332
0.0715332
0.0705566
0.0678711
0.0646973
0.0615234
0.0581055
0.0554199
0.0532227
0.0524902
0.0524902
0.0541992
0.0563965
0.0581055
0.0617676
0.0656738
0.0703125
0.0761719
0.0830078
0.0900879
0.0969238
0.103027
0.108154
0.113525
0.118652
0.123779
0.127441
0.129883
0.132324
0.134033
0.13623
0.136475
0.13623
0.135498
0.133789
0.131592
0.12915
0.127441
0.124756
0.122803
0.12085
0.119385
0.11792
0.115967
0.114502
0.11377
0.114258
0.114746
0.116211
0.118652
0.119873
0.12207
0.124023
0.124756
0.124756
0.124756
0.123779
0.123291
0.123291
0.123535
0.12085
0.11792
0.114258
0.110352
0.107178
0.105469
0.102783
0.102051
0.101074
0.101074
0.102051
0.104736
0.107666
0.112793
0.117188
0.123047
0.129639
0.135986
0.140869
0.145996
0.149658
0.151855
0.152832
0.151855
0.149902
0.146973
0.142822
0.137451
0.130615
0.12085
0.110107
0.0996094
0.0895996
0.0812988
0.0722656
0.064209
0.0566406
0.0505371
0.0458984
0.0427246
0.0410156
0.0402832
0.0402832
0.0400391
0.0400391
0.0395508
0.0395508
0.0385742
0.0378418
0.0358887
0.032959
0.0300293
0.0270996
0.0241699
0.0200195
0.0168457
0.0146484
0.0131836
0.0117188
0.00830078
0.00537109
0.00268555
-0.00024414
-0.00292969
-0.00439453
-0.00585937
-0.00756836
-0.00976563
-0.0119629
-0.0141602
-0.0170898
-0.0202637
-0.0222168
-0.0246582
-0.026123
-0.0280762
-0.0300293
-0.0300293
-0.0300293
-0.0305176
-0.0317383
-0.032959
-0.032959
-0.032959
-0.0327148
-0.0324707
-0.0317383
-0.0297852
-0.0275879
-0.0256348
-0.0244141
-0.0241699
-0.0241699
-0.0241699
-0.0236816
-0.0229492
-0.0239258
-0.026123
-0.0292969
-0.0332031
-0.0361328
-0.0371094
-0.0397949
-0.0424805
-0.0461426
-0.0490723
-0.0527344
-0.0551758
-0.0581055
-0.0617676
-0.065918
-0.0712891
-0.0776367
-0.0844727
-0.0905762
-0.0964355
-0.101807
-0.106201
-0.110352
-0.114746
-0.118408
-0.120117
-0.12085
-0.12085
-0.119385
-0.116455
-0.112549
-0.108154
-0.103516
-0.0998535
-0.0966797
-0.0935059
-0.0893555
-0.0866699
-0.0837402
-0.0805664
-0.078125
-0.0754395
-0.0737305
-0.0725098
-0.0722656
-0.0705566
-0.0683594
-0.0661621
-0.0637207
-0.060791
-0.0583496
-0.0549316
-0.0510254
-0.0463867
-0.0424805
-0.0400391
-0.0383301
-0.0368652
-0.0351563
-0.0336914
-0.0317383
-0.0288086
-0.0256348
-0.0212402
-0.0170898
-0.0119629
-0.00708008
-0.0012207
0.00341797
0.00610352
0.00805664
0.0102539
0.0129395
0.0158691
0.0192871
0.0229492
0.0285645
0.0344238
0.0400391
0.045166
0.052002
0.059082
0.0664063
0.0722656
0.0766602
0.0791016
0.0822754
0.0844727
0.0861816
0.0876465
0.0878906
0.0883789
0.0891113
0.0888672
0.0888672
0.0905762
0.0908203
0.0908203
0.0898438
0.0881348
0.0849609
0.0827637
0.0808105
0.0793457
0.0788574
0.0788574
0.078125
0.0766602
0.0766602
0.0771484
0.0766602
0.076416
0.0778809
0.0810547
0.0874023
0.0939941
0.0993652
0.105225
0.11377
0.123047
0.13208
0.140625
0.146973
0.152344
0.158203
0.165283
0.171875
0.179443
0.187012
0.19458
0.204102
0.2146
0.226563
0.236816
0.248779
0.271973
0.299805
0.311279
0.324463
0.336914
0.345703
0.351318
0.354736
0.36084
0.368408
0.378418
0.388428
0.396973
0.401855
0.404053
0.405273
0.405762
0.405762
0.409912
0.419922
0.440918
0.467773
0.49292
0.515869
0.54126
0.571777
0.611816
0.659424
0.710693
0.762451
0.815918
0.866699
0.912842
0.939453
0.957764
0.967529
0.968994
0.968262
0.962402
0.954346
0.950195
0.943604
0.919189
0.885742
0.840576
0.790771
0.750977
0.728027
0.723633
0.729492
0.74585
0.771729
0.799561
0.827637
0.861572
0.908936
0.964355
1.02295
1.0791
1.13184
1.18286
1.23047
1.27515
1.323
1.37598
1.43311
1.49121
1.54736
1.60425
1.66211
1.72021
1.78101
1.84204
1.9043
1.96704
2.03003
2.09204
2.14746
2.19775
2.23438
2.26074
2.28394
2.30786
2.33447
2.36621
2.40576
2.45288
2.50806
2.5686
2.63672
2.70874
2.78857
2.87622
2.95361
3.0188
3.09253
3.16479
3.24609
3.31177
3.3772
3.4436
3.5105
3.57837
3.64478
3.71069
3.77734
3.84521
3.90991
3.9707
4.02637
4.07349
4.11035
4.13599
4.1438
4.13672
4.11353
4.07471
4.01929
3.94604
3.85547
3.75391
3.62964
3.4978
3.36719
3.24463
3.13599
3.04004
2.9563
2.88184
2.81396
2.7522
2.70361
2.64795
2.58984
2.53125
2.46997
2.40454
2.33691
2.27246
2.20923
2.14355
2.07666
2.00879
1.93604
1.8584
1.77124
1.67065
1.55933
1.44287
1.32715
1.21558
1.10767
1.00562
0.905762
0.80957
0.717529
0.626709
0.536377
0.44043
0.337646
0.2229
0.0981445
-0.029541
-0.153564
-0.269287
-0.37207
-0.459961
-0.530762
-0.585449
-0.623291
-0.650391
-0.668457
-0.680664
-0.687988
-0.689697
-0.687012
-0.677246
-0.664307
-0.648926
-0.634766
-0.619629
-0.599854
-0.571533
-0.533936
-0.487793
-0.439697
-0.390625
-0.344727
-0.300781
-0.25415
-0.205566
-0.156006
-0.105713
-0.0559082
-0.0124512
0.0219727
0.0490723
0.0656738
0.0800781
0.0961914
0.113281
0.133057
0.152588
0.171631
0.188965
0.207275
0.223633
0.237793
0.253906
0.276611
0.305664
0.349121
0.405273
0.469482
0.537842
0.610352
0.689697
0.764893
0.842285
0.920166
0.992432
1.0603
1.12158
1.17798
1.23193
1.27979
1.32251
1.35913
1.38843
1.41138
1.42969
1.4458
1.46265
1.47778
1.49316
1.50781
1.52563
1.54858
1.57666
1.60669
1.63794
1.66968
1.70215
1.72998
1.74854
1.77563
1.76733
1.76318
1.75195
1.73999
1.72827
1.71216
1.69189
1.66919
1.65015
1.63452
1.62573
1.62451
1.6311
1.64722
1.66382
1.68384
1.7085
1.73633
1.76636
1.79297
1.81592
1.83081
1.84082
1.84863
1.85425
1.86133
1.86938
1.88232
1.89795
1.9126
1.92529
1.93555
1.94751
1.95874
1.97119
1.98413
1.99707
2.00806
2.01123
2.01294
2.01025
2.00317
1.99048
1.97241
1.94556
1.90967
1.86548
1.81006
1.74756
1.68262
1.61426
1.54541
1.47705
1.40869
1.3418
1.27417
1.20801
1.13184
1.04883
0.968506
0.88916
0.79834
0.704346
0.612061
0.521729
0.432861
0.345215
0.261475
0.182617
0.109619
0.0407715
-0.0241699
-0.0861816
-0.144287
-0.199951
-0.252686
-0.300537
-0.346436
-0.391357
-0.436035
-0.479736
-0.524902
-0.570801
-0.619385
-0.671875
-0.725586
-0.779785
-0.834961
-0.889893
-0.943359
-0.995361
-1.04248
-1.08545
-1.12256
-1.16016
-1.18555
-1.20044
-1.20898
-1.22778
-1.2439
-1.26172
-1.27441
-1.28784
-1.29858
-1.30981
-1.32251
-1.3374
-1.35718
-1.37891
-1.4021
-1.42627
-1.44824
-1.46899
-1.48901
-1.50928
-1.52979
-1.55103
-1.57227
-1.59351
-1.61377
-1.63379
-1.65259
-1.66968
-1.68506
-1.69995
-1.71289
-1.72412
-1.73462
-1.74561
-1.75537
-1.76563
-1.77368
-1.78223
-1.79346
-1.80737
-1.823
-1.83887
-1.85645
-1.87549
-1.89673
-1.91772
-1.9397
-1.96191
-1.98291
-2.00024
-2.0144
-2.02563
-2.0354
-2.04248
-2.04785
-2.05078
-2.05029
-2.04663
-2.04321
-2.03979
-2.03833
-2.03857
-2.03979
-2.04053
-2.04077
-2.03906
-2.03662
-2.03149
-2.02466
-2.01807
-2.00977
-2.00049
-1.99097
-1.98096
-1.97119
-1.9624
-1.95483
-1.94849
-1.94336
-1.93896
-1.93481
-1.93164
-1.92896
-1.92603
-1.92261
-1.9165
-1.90894
-1.90063
-1.89185
-1.88135
-1.87109
-1.8606
-1.84961
-1.83887
-1.82837
-1.8186
-1.81226
-1.80762
-1.80566
-1.80444
-1.80273
-1.80151
-1.80151
-1.80103
-1.80151
-1.80225
-1.80298
-1.80444
-1.80542
-1.80713
-1.80859
-1.81104
-1.81372
-1.81689
-1.81763
-1.81787
-1.81763
-1.81616
-1.8147
-1.81348
-1.81104
-1.80786
-1.80347
-1.79858
-1.79272
-1.78711
-1.78296
-1.77856
-1.77539
-1.77051
-1.76489
-1.7605
-1.75806
-1.75635
-1.75635
-1.75903
-1.76318
-1.7688
-1.7749
-1.78198
-1.78687
-1.79102
-1.79443
-1.7959
-1.79541
-1.79517
-1.79468
-1.7937
-1.79321
-1.79272
-1.79272
-1.7915
-1.79077
-1.78931
-1.78784
-1.78662
-1.78491
-1.78271
-1.78125
-1.77881
-1.77661
-1.77539
-1.7749
-1.7749
-1.7749
-1.77637
-1.77856
-1.77979
-1.77856
-1.77539
-1.77197
-1.7688
-1.76514
-1.75903
-1.75122
-1.74268
-1.73389
-1.72607
-1.71826
-1.70776
-1.69653
-1.68604
-1.67456
-1.66309
-1.65039
-1.63867
-1.62769
-1.61597
-1.60547
-1.59595
-1.58813
-1.58325
-1.57983
-1.57666
-1.57373
-1.57007
-1.56738
-1.56665
-1.56836
-1.57104
-1.57471
-1.57886
-1.58374
-1.58862
-1.59326
-1.59644
-1.59717
-1.59644
-1.59302
-1.58667
-1.57983
-1.57202
-1.5647
-1.55786
-1.55273
-1.54736
-1.5415
-1.53687
-1.53394
-1.53174
-1.53125
-1.53076
-1.53003
-1.53003
-1.53003
-1.53223
-1.53613
-1.53979
-1.54395
-1.54736
-1.54956
-1.55273
-1.55493
-1.55615
-1.55591
-1.55444
-1.552
-1.5481
-1.54297
-1.53882
-1.53296
-1.52832
-1.52393
-1.51709
-1.51294
-1.50879
-1.50464
-1.50171
-1.49976
-1.49878
-1.4978
-1.49683
-1.49536
-1.4939
-1.49219
-1.49023
-1.48804
-1.48608
-1.48413
-1.48218
-1.48169
-1.4812
-1.48096
-1.48096
-1.48145
-1.48145
-1.48022
-1.47827
-1.47607
-1.47437
-1.47144
-1.46826
-1.46533
-1.46313
-1.46143
-1.45996
-1.45996
-1.46045
-1.46191
-1.46338
-1.46289
-1.46265
-1.46167
-1.45898
-1.45532
-1.45264
-1.44971
-1.44678
-1.44458
-1.44165
-1.43872
-1.43628
-1.43213
-1.42725
-1.42236
-1.41675
-1.4104
-1.4043
-1.39722
-1.38989
-1.38232
-1.37378
-1.36426
-1.35376
-1.34277
-1.33252
-1.32178
-1.31323
-1.30469
-1.29614
-1.28857
-1.28198
-1.27637
-1.27148
-1.2666
-1.26245
-1.26001
-1.25757
-1.25366
-1.24878
-1.24536
-1.24146
-1.23779
-1.23389
-1.2312
-1.22656
-1.22192
-1.2168
-1.21216
-1.20581
-1.19946
-1.19189
-1.18481
-1.1748
-1.16357
-1.1521
-1.14014
-1.12842
-1.11792
-1.10742
-1.09692
-1.0874
-1.08154
-1.07813
-1.07446
-1.07153
-1.06836
-1.06738
-1.06665
-1.06689
-1.06689
-1.06714
-1.06738
-1.06787
-1.06982
-1.07202
-1.07544
-1.07983
-1.08618
-1.09399
-1.10425
-1.11572
-1.1272
-1.13794
-1.14966
-1.16382
-1.17871
-1.19482
-1.21265
-1.23364
-1.25781
-1.28149
-1.30518
-1.32935
-1.35107
-1.37012
-1.38599
-1.39844
-1.40845
-1.41919
-1.4292
-1.44019
-1.44873
-1.45801
-1.46655
-1.47583
-1.48682
-1.49634
-1.50391
-1.52734
-1.56689
-1.61963
-1.67554
-1.72461
-1.77393
-1.82495
-1.88013
-1.92798
-1.96533
-1.99414
-2.01758
-2.03687
-2.04395
-2.06006
-2.06567
-2.06104
-2.05518
-2.05103
-2.04004
-2.02393
-2.00513
-1.98486
-1.96509
-1.9458
-1.92529
-1.9043
-1.88403
-1.86426
-1.84546
-1.82715
-1.8064
-1.78418
-1.75757
-1.72705
-1.69238
-1.65186
-1.60815
-1.55957
-1.50781
-1.4519
-1.39258
-1.33154
-1.27344
-1.21582
-1.16089
-1.10645
-1.05469
-1.00171
-0.950439
-0.902344
-0.859863
-0.820313
-0.779785
-0.739014
-0.691895
-0.642334
-0.591553
-0.546631
-0.502686
-0.459229
-0.416016
-0.37915
-0.353027
-0.3396
-0.336914
-0.339355
-0.345459
-0.356201
-0.369629
-0.383057
-0.400146
-0.417969
-0.437012
-0.457275
-0.479492
-0.508545
-0.537109
-0.574219
-0.618896
-0.669922
-0.723633
-0.776855
-0.83252
-0.892822
-0.956787
-1.02417
-1.09741
-1.17139
-1.24536
-1.31738
-1.38745
-1.45703
-1.52905
-1.60718
-1.69604
-1.79395
-1.89526
-1.99463
-2.09985
-2.20337
-2.30542
-2.40723
-2.50366
-2.59424
-2.67944
-2.76001
-2.8335
-2.90283
-2.97217
-3.04126
-3.10498
-3.1604
-3.20825
-3.24683
-3.28027
-3.31226
-3.34326
-3.37622
-3.41309
-3.44604
-3.47241
-3.48804
-3.49146
-3.4873
-3.47363
-3.45557
-3.4375
-3.4104
-3.36914
-3.31689
-3.26318
-3.21509
-3.17944
-3.15601
-3.15674
-3.17065
-3.18433
-3.18994
-3.1875
-3.17822
-3.16333
-3.14258
-3.1189
-3.09253
-3.05811
-3.00903
-2.95459
-2.90063
-2.85669
-2.82397
-2.80469
-2.79688
-2.7959
-2.80225
-2.81519
-2.82764
-2.83594
-2.84399
-2.85156
-2.86157
-2.87964
-2.90894
-2.94849
-2.99146
-3.02173
-3.03418
-3.03638
-3.03296
-3.0271
-3.01733
-3.00415
-2.98315
-2.94873
-2.90503
-2.85425
-2.80396
-2.7561
-2.71045
-2.66699
-2.62915
-2.59814
-2.57202
-2.55542
-2.55273
-2.55493
-2.57227
-2.59912
-2.63281
-2.67627
-2.72485
-2.77075
-2.8125
-2.85059
-2.89307
-2.93848
-2.98511
-3.03662
-3.09375
-3.15088
-3.20239
-3.24463
-3.27783
-3.30396
-3.32788
-3.34961
-3.37012
-3.3877
-3.40674
-3.43286
-3.46655
-3.51489
-3.57275
-3.63525
-3.69971
-3.76465
-3.82886
-3.89673
-3.96826
-4.03809
-4.10889
-4.18262
-4.25854
-4.33301
-4.41406
-4.49365
-4.57104
-4.64941
-4.73022
-4.8103
-4.88501
-4.95654
-5.02783
-5.104
-5.19556
-5.28198
-5.36499
-5.44653
-5.52856
-5.61035
-5.69263
-5.77393
-5.85498
-5.93872
-6.02466
-6.1123
-6.19727
-6.28125
-6.36401
-6.44775
-6.53809
-6.63379
-6.73267
-6.83862
-6.95142
-7.07031
-7.19312
-7.31323
-7.42773
-7.53564
-7.6333
-7.71582
-7.78271
-7.8396
-7.88818
-7.93091
-7.97314
-8.01855
-8.06958
-8.12329
-8.17847
-8.23486
-8.28955
-8.34204
-8.39233
-8.4397
-8.48071
-8.51367
-8.53784
-8.55103
-8.55957
-8.5625
-8.56567
-8.56836
-8.57031
-8.57056
-8.5708
-8.57275
-8.57739
-8.58472
-8.59644
-8.60352
-8.60352
-8.59985
-8.59082
-8.58154
-8.57251
-8.56665
-8.56177
-8.55396
-8.54517
-8.53394
-8.52148
-8.51099
-8.50806
-8.51563
-8.5332
-8.55664
-8.5813
-8.6084
-8.63721
-8.6665
-8.69531
-8.72363
-8.75171
-8.77856
-8.80566
-8.83252
-8.86084
-8.88892
-8.9165
-8.94287
-8.96973
-8.99707
-9.02417
-9.04688
-9.06567
-9.07861
-9.08643
-9.0918
-9.09937
-9.1123
-9.12793
-9.14502
-9.16138
-9.17944
-9.2002
-9.22266
-9.24609
-9.27271
-9.30249
-9.33447
-9.36572
-9.39355
-9.41992
-9.44678
-9.47363
-9.50024
-9.5249
-9.54663
-9.56592
-9.58472
-9.60229
-9.6189
-9.63574
-9.65063
-9.66309
-9.67554
-9.68872
-9.70337
-9.71997
-9.73779
-9.75659
-9.77368
-9.78906
-9.80225
-9.81567
-9.8269
-9.83716
-9.84326
-9.84644
-9.8479
-9.8479
-9.84375
-9.83887
-9.83423
-9.83032
-9.82861
-9.82861
-9.82813
-9.82788
-9.82568
-9.82129
-9.81665
-9.81299
-9.81006
-9.80811
-9.80762
-9.80762
-9.80762
-9.80933
-9.81152
-9.81372
-9.81592
-9.81958
-9.823
-9.82593
-9.8269
-9.82422
-9.81714
-9.80762
-9.7959
-9.7854
-9.77539
-9.76611
-9.75757
-9.74805
-9.73853
-9.729
-9.71826
-9.70679
-9.69409
-9.68237
-9.67456
-9.67188
-9.67065
-9.67041
-9.67041
-9.67236
-9.67554
-9.67822
-9.6792
-9.677
-9.67163
-9.66431
-9.65674
-9.64966
-9.6438
-9.63989
-9.63574
-9.63257
-9.62891
-9.62549
-9.62085
-9.61523
-9.61035
-9.60669
-9.60254
-9.59619
-9.58813
-9.57861
-9.56934
-9.56226
-9.55835
-9.55493
-9.55225
-9.55029
-9.55005
-9.54907
-9.54858
-9.54883
-9.55029
-9.55273
-9.55811
-9.56616
-9.57764
-9.59033
-9.60059
-9.60864
-9.6123
-9.61475
-9.6167
-9.61841
-9.61743
-9.61499
-9.6106
-9.6084
-9.60864
-9.60962
-9.61035
-9.61279
-9.61279
-9.61328
-9.61401
-9.61499
-9.61792
-9.62183
-9.62622
-9.62915
-9.63037
-9.6311
-9.63428
-9.63696
-9.63965
-9.64331
-9.64697
-9.65015
-9.65454
-9.65649
-9.65747
-9.65796
-9.65747
-9.65552
-9.65283
-9.64868
-9.64355
-9.63794
-9.63184
-9.62744
-9.62695
-9.62891
-9.63281
-9.6355
-9.6377
-9.63867
-9.63892
-9.6394
-9.63965
-9.63916
-9.63843
-9.63599
-9.6333
-9.63135
-9.63037
-9.62964
-9.62915
-9.62817
-9.6272
-9.62622
-9.62549
-9.62598
-9.62549
-9.62256
-9.61719
-9.6106
-9.60498
-9.60083
-9.59619
-9.59009
-9.58276
-9.57593
-9.56763
-9.55786
-9.54858
-9.54053
-9.53247
-9.52612
-9.52075
-9.51611
-9.51172
-9.51025
-9.50879
-9.50732
-9.50659
-9.50586
-9.50293
-9.49829
-9.49243
-9.48584
-9.47949
-9.4729
-9.46509
-9.45581
-9.44678
-9.43799
-9.42944
-9.4209
-9.41064
-9.39893
-9.38599
-9.37231
-9.35645
-9.33813
-9.31885
-9.29761
-9.27686
-9.25586
-9.23682
-9.21777
-9.19824
-9.18066
-9.16504
-9.15137
-9.14185
-9.13574
-9.13013
-9.12744
-9.12573
-9.12402
-9.12402
-9.12329
-9.12109
-9.11743
-9.11304
-9.10815
-9.10229
-9.09619
-9.08838
-9.0791
-9.07007
-9.06055
-9.05249
-9.04468
-9.03564
-9.02661
-9.01709
-9.00732
-8.99756
-8.98877
-8.98218
-8.97803
-8.97607
-8.97559
-8.97583
-8.97583
-8.97534
-8.97559
-8.97607
-8.97803
-8.98047
-8.98364
-8.98901
-8.99365
-8.99951
-9.0061
-9.01318
-9.01807
-9.02319
-9.02588
-9.02686
-9.02686
-9.02856
-9.03101
-9.03296
-9.0332
-9.0332
-9.03296
-9.03223
-9.03101
-9.03027
-9.03076
-9.03345
-9.03638
-9.04004
-9.04321
-9.0498
-9.06006
-9.07104
-9.08179
-9.0918
-9.10083
-9.11011
-9.11914
-9.12622
-9.12915
-9.13037
-9.13037
-9.13208
-9.13745
-9.14307
-9.14746
-9.14893
-9.14966
-9.15186
-9.15381
-9.15527
-9.15771
-9.16211
-9.16699
-9.17236
-9.17603
-9.17896
-9.1814
-9.18237
-9.18311
-9.18213
-9.18091
-9.18115
-9.18237
-9.18481
-9.18799
-9.19165
-9.19556
-9.19922
-9.20239
-9.20337
-9.20508
-9.20728
-9.20996
-9.21167
-9.21216
-9.21069
-9.20703
-9.20093
-9.19263
-9.18164
-9.16772
-9.15161
-9.13281
-9.11548
-9.09668
-9.07642
-9.05518
-9.03149
-9.00488
-8.97656
-8.94702
-8.91724
-8.88721
-8.85547
-8.82275
-8.78906
-8.75854
-8.72974
-8.70142
-8.67358
-8.64551
-8.61963
-8.59741
-8.57813
-8.5603
-8.54272
-8.52539
-8.50659
-8.4895
-8.47534
-8.46362
-8.4541
-8.44482
-8.43506
-8.42603
-8.41748
-8.41016
-8.40405
-8.39868
-8.39429
-8.38989
-8.38501
-8.37769
-8.3689
-8.35815
-8.34497
-8.32861
-8.30615
-8.2793
-8.2522
-8.23071
-8.19165
-8.14404
-8.09082
-8.03296
-7.97437
-7.92065
-7.87329
-7.83252
-7.79565
-7.75977
-7.72095
-7.68018
-7.63892
-7.59961
-7.56689
-7.53467
-7.50024
-7.4646
-7.42798
-7.39185
-7.35815
-7.3252
-7.2937
-7.26172
-7.22974
-7.19702
-7.16382
-7.13062
-7.0957
-7.06372
-7.03369
-7.00562
-6.97607
-6.94727
-6.91992
-6.89209
-6.86572
-6.84033
-6.81567
-6.7937
-6.77075
-6.74927
-6.72656
-6.69287
-6.64404
-6.58545
-6.52026
-6.45264
-6.38379
-6.31494
-6.24658
-6.17969
-6.11597
-6.05225
-5.98193
-5.9043
-5.82788
-5.75488
-5.68457
-5.61963
-5.55737
-5.49902
-5.44312
-5.39087
-5.34277
-5.30078
-5.26587
-5.23511
-5.20898
-5.18555
-5.16455
-5.14819
-5.13843
-5.13232
-5.13037
-5.13452
-5.14331
-5.15479
-5.16748
-5.17798
-5.18018
-5.16553
-5.13037
-5.07715
-5.00439
-4.91626
-4.81274
-4.69458
-4.56494
-4.42847
-4.29395
-4.16724
-4.05005
-3.93921
-3.83105
-3.72241
-3.61133
-3.49756
-3.38843
-3.28979
-3.20483
-3.13062
-3.07202
-3.02441
-2.98193
-2.93628
-2.89233
-2.85425
-2.81934
-2.78369
-2.74365
-2.69263
-2.62646
-2.54443
-2.45166
-2.35254
-2.25146
-2.14966
-2.04443
-1.93726
-1.83765
-1.74512
-1.66284
-1.5874
-1.51953
-1.4585
-1.40479
-1.35669
-1.31372
-1.28174
-1.26343
-1.25
-1.23853
-1.22998
-1.22388
-1.22119
-1.22461
-1.23438
-1.25195
-1.27441
-1.29932
-1.32568
-1.35059
-1.37158
-1.38818
-1.39697
-1.39697
-1.39258
-1.3877
-1.38574
-1.39331
-1.40869
-1.42969
-1.4519
-1.47388
-1.49683
-1.52173
-1.54541
-1.56689
-1.58667
-1.60303
-1.6167
-1.63013
-1.64233
-1.65308
-1.66162
-1.66553
-1.66675
-1.66699
-1.66431
-1.66089
-1.65723
-1.65552
-1.65454
-1.65454
-1.65576
-1.65771
-1.66016
-1.66357
-1.66553
-1.66699
-1.6687
-1.67261
-1.67896
-1.68726
-1.69751
-1.70776
-1.72192
-1.73706
-1.75024
-1.75635
-1.75635
-1.75293
-1.74902
-1.74219
-1.73389
-1.7251
-1.71631
-1.70801
-1.70142
-1.69873
-1.69897
-1.70264
-1.71021
-1.7207
-1.73413
-1.74951
-1.76514
-1.77588
-1.78271
-1.78784
-1.79199
-1.79419
-1.79565
-1.7959
-1.79492
-1.79224
-1.79102
-1.78882
-1.78735
-1.78613
-1.7854
-1.78735
-1.79053
-1.79321
-1.79565
-1.79688
-1.79614
-1.79395
-1.79248
-1.79395
-1.79639
-1.79932
-1.802
-1.80347
-1.80322
-1.80298
-1.80225
-1.80225
-1.80322
-1.80444
-1.80664
-1.80786
-1.80859
-1.80762
-1.80713
-1.80859
-1.81128
-1.81519
-1.81812
-1.81909
-1.82007
-1.82129
-1.823
-1.82397
-1.82422
-1.82422
-1.82495
-1.82666
-1.82813
-1.82886
-1.8291
-1.82764
-1.8269
-1.82813
-1.83301
-1.8396
-1.84595
-1.85278
-1.86157
-1.87158
-1.88281
-1.89307
-1.90015
-1.90503
-1.90869
-1.9104
-1.91064
-1.9104
-1.9104
-1.90918
-1.90991
-1.91284
-1.91626
-1.91699
-1.91602
-1.9126
-1.90845
-1.9043
-1.90186
-1.90186
-1.90552
-1.91211
-1.92163
-1.9353
-1.95288
-1.97241
-1.99146
-2.0127
-2.0354
-2.05835
-2.08252
-2.10669
-2.13086
-2.15356
-2.17334
-2.19043
-2.20337
-2.21265
-2.21997
-2.22681
-2.23315
-2.23853
-2.24219
-2.24292
-2.24219
-2.24072
-2.23682
-2.22974
-2.22144
-2.21191
-2.20264
-2.19629
-2.19165
-2.18896
-2.18921
-2.19287
-2.19897
-2.20776
-2.21729
-2.22852
-2.24268
-2.2583
-2.27588
-2.2937
-2.3125
-2.32861
-2.34253
-2.35449
-2.3645
-2.37402
-2.38257
-2.39087
-2.39819
-2.40649
-2.41406
-2.42188
-2.42822
-2.43408
-2.43994
-2.44458
-2.44946
-2.4519
-2.45581
-2.45947
-2.46484
-2.46997
-2.47681
-2.48389
-2.48999
-2.49609
-2.50269
-2.50952
-2.51733
-2.52539
-2.53345
-2.54224
-2.55127
-2.5603
-2.56885
-2.57544
-2.58203
-2.58984
-2.59644
-2.60522
-2.61328
-2.62109
-2.62744
-2.63159
-2.63452
-2.63599
-2.63794
-2.64136
-2.64478
-2.64917
-2.65527
-2.66064
-2.66772
-2.67554
-2.68335
-2.68994
-2.6958
-2.69995
-2.70313
-2.70483
-2.70703
-2.70996
-2.71191
-2.71582
-2.72168
-2.72827
-2.73364
-2.73926
-2.74438
-2.75024
-2.75684
-2.76343
-2.7688
-2.77295
-2.77661
-2.7793
-2.78271
-2.78638
-2.78882
-2.79126
-2.79175
-2.79272
-2.79321
-2.79346
-2.79443
-2.79419
-2.79443
-2.7959
-2.7998
-2.80493
-2.81128
-2.81909
-2.82837
-2.83643
-2.84375
-2.84985
-2.85425
-2.85962
-2.86328
-2.86719
-2.8728
-2.87866
-2.88574
-2.89331
-2.90112
-2.90796
-2.91504
-2.92212
-2.92871
-2.93457
-2.94141
-2.94629
-2.94922
-2.95166
-2.95215
-2.95093
-2.94946
-2.94775
-2.94604
-2.94409
-2.94287
-2.94238
-2.93921
-2.93677
-2.93384
-2.93164
-2.93042
-2.9314
-2.93262
-2.9353
-2.93994
-2.94824
-2.9585
-2.96826
-2.97754
-2.98633
-2.99438
-3.0022
-3.0083
-3.01294
-3.01733
-3.01855
-3.01978
-3.01953
-3.0188
-3.01636
-3.01392
-3.01196
-3.01074
-3.00879
-3.00708
-3.00513
-3.00269
-3.00171
-3.00269
-3.00537
-3.01025
-3.01709
-3.0249
-3.0293
-3.03662
-3.04346
-3.04883
-3.05469
-3.06055
-3.0686
-3.07837
-3.08936
-3.10498
-3.12744
-3.15771
-3.19775
-3.24463
-3.30054
-3.36157
-3.42847
-3.4978
-3.56738
-3.63696
-3.70581
-3.77075
-3.82935
-3.88306
-3.93311
-3.98096
-4.02686
-4.07202
-4.11694
-4.16968
-4.22852
-4.28979
-4.35083
-4.40918
-4.46606
-4.52319
-4.58276
-4.646
-4.71094
-4.77783
-4.84863
-4.91797
-4.98657
-5.05591
-5.12524
-5.19238
-5.25171
-5.31055
-5.3728
-5.43408
-5.49365
-5.5437
-5.58179
-5.60864
-5.625
-5.63354
-5.63574
-5.63501
-5.63037
-5.6272
-5.62695
-5.63037
-5.63818
-5.64917
-5.66089
-5.67285
-5.68335
-5.69482
-5.70972
-5.73096
-5.75635
-5.78931
-5.83032
-5.87769
-5.93237
-5.99341
-6.05542
-6.11694
-6.16064
-6.19922
-6.25024
-6.30933
-6.34692
-6.40112
-6.43774
-6.48242
-6.52881
-6.5708
-6.61108
-6.646
-6.67432
-6.69556
-6.70825
-6.71533
-6.71216
-6.7019
-6.68994
-6.68677
-6.6875
-6.69092
-6.68872
-6.67944
-6.65894
-6.63013
-6.59326
-6.55371
-6.51636
-6.48267
-6.44873
-6.40771
-6.35864
-6.30762
-6.25659
-6.20508
-6.1582
-6.1106
-6.06201
-6.00854
-5.94995
-5.88965
-5.83105
-5.76611
-5.69336
-5.60986
-5.52612
-5.4458
-5.37451
-5.30908
-5.24658
-5.18311
-5.11816
-5.07495
-5.03491
-4.99561
-4.96533
-4.93628
-4.90698
-4.87866
-4.84839
-4.81665
-4.78394
-4.75464
-4.72632
-4.70288
-4.68408
-4.67529
-4.67188
-4.67114
-4.67944
-4.69482
-4.71338
-4.73633
-4.76733
-4.80151
-4.83984
-4.88037
-4.92212
-4.96313
-5.00293
-5.04175
-5.08203
-5.12305
-5.16455
-5.20483
-5.24438
-5.27759
-5.30835
-5.33984
-5.37012
-5.39844
-5.42773
-5.46143
-5.49927
-5.54956
-5.60498
-5.66382
-5.72754
-5.7959
-5.86304
-5.92749
-5.98999
-6.04736
-6.09302
-6.13721
-6.18237
-6.22754
-6.27368
-6.32397
-6.37598
-6.43115
-6.48975
-6.55566
-6.62866
-6.71021
-6.79907
-6.89355
-6.99023
-7.08887
-7.18042
-7.26294
-7.33887
-7.40747
-7.47144
-7.53101
-7.57983
-7.62646
-7.66309
-7.69287
-7.71265
-7.72632
-7.74243
-7.7688
-7.79468
-7.83447
-7.88062
-7.93726
-8
-8.06714
-8.14063
-8.22144
-8.32056
-8.45825
-8.61499
-8.73804
-8.84473
-8.94067
-9.03418
-9.12744
-9.21655
-9.31763
-9.45288
-9.56519
-9.64819
-9.70972
-9.75464
-9.80176
-9.8501
-9.90283
-9.94922
-9.99316
-10.0459
-10.1001
-10.1533
-10.2104
-10.2639
-10.313
-10.3591
-10.406
-10.4541
-10.4883
-10.5166
-10.5491
-10.5938
-10.6411
-10.6907
-10.7417
-10.7986
-10.8657
-10.9431
-11.0273
-11.1111
-11.1885
-11.2593
-11.3254
-11.3884
-11.4495
-11.509
-11.5662
-11.6174
-11.6646
-11.7131
-11.7644
-11.8167
-11.8706
-11.927
-11.9888
-12.0525
-12.1157
-12.1782
-12.2397
-12.3025
-12.3618
-12.4165
-12.467
-12.5139
-12.5559
-12.5952
-12.6309
-12.6592
-12.6812
-12.698
-12.7107
-12.7175
-12.7202
-12.7163
-12.7048
-12.686
-12.6606
-12.627
-12.5862
-12.5454
-12.5066
-12.4709
-12.4409
-12.4158
-12.3921
-12.3689
-12.3467
-12.3276
-12.3142
-12.3086
-12.3079
-12.3103
-12.3147
-12.3242
-12.3381
-12.3586
-12.384
-12.4084
-12.428
-12.4458
-12.4639
-12.4817
-12.4968
-12.5078
-12.5166
-12.5234
-12.5295
-12.5347
-12.5364
-12.5354
-12.5293
-12.5203
-12.511
-12.5012
-12.4897
-12.4785
-12.4719
-12.4709
-12.4749
-12.4834
-12.4951
-12.5059
-12.5154
-12.5239
-12.5342
-12.5479
-12.5657
-12.5876
-12.6135
-12.6445
-12.6812
-12.7217
-12.7622
-12.8025
-12.8384
-12.8682
-12.8923
-12.9099
-12.9214
-12.926
-12.9282
-12.9294
-12.9319
-12.9385
-12.9487
-12.9614
-12.9717
-12.981
-12.9917
-13.0061
-13.0225
-13.0391
-13.0564
-13.0784
-13.1028
-13.1301
-13.1594
-13.1902
-13.2219
-13.2522
-13.2781
-13.2998
-13.3193
-13.3362
-13.3499
-13.3618
-13.3735
-13.3867
-13.4004
-13.4153
-13.4316
-13.4497
-13.4702
-13.4951
-13.5234
-13.5579
-13.5964
-13.6384
-13.6797
-13.7202
-13.7634
-13.8103
-13.8645
-13.9219
-14.0271
-14.1177
-14.1885
-14.2466
-14.325
-14.3921
-14.4568
-14.5183
-14.5818
-14.6428
-14.7024
-14.7546
-14.804
-14.8499
-14.8916
-14.9304
-14.9646
-14.9973
-15.0298
-15.0613
-15.0952
-15.1311
-15.1682
-15.2034
-15.2346
-15.2639
-15.2878
-15.3098
-15.3293
-15.3462
-15.3579
-15.3638
-15.3645
-15.3601
-15.3523
-15.3411
-15.3269
-15.311
-15.2944
-15.2778
-15.2612
-15.2454
-15.2312
-15.218
-15.2068
-15.1987
-15.1936
-15.188
-15.1809
-15.1748
-15.1675
-15.1594
-15.1523
-15.1453
-15.1394
-15.1331
-15.1257
-15.1187
-15.1113
-15.1033
-15.0942
-15.083
-15.0723
-15.0627
-15.0537
-15.0452
-15.0378
-15.031
-15.0234
-15.0164
-15.0078
-14.9995
-14.9922
-14.9893
-14.9912
-14.9956
-15.001
-15.0068
-15.012
-15.0151
-15.0142
-15.0093
-15.002
-14.9917
-14.9817
-14.9717
-14.9612
-14.95
-14.9412
-14.9348
-14.9341
-14.938
-14.9448
-14.9517
-14.9578
-14.9631
-14.9666
-14.969
-14.9692
-14.9692
-14.9697
-14.9709
-14.9712
-14.9712
-14.97
-14.9683
-14.9639
-14.9585
-14.95
-14.9382
-14.9209
-14.8984
-14.8706
-14.8396
-14.8069
-14.7742
-14.7432
-14.7129
-14.6831
-14.6536
-14.6248
-14.5938
-14.5635
-14.5327
-14.5056
-14.4822
-14.4624
-14.4473
-14.4363
-14.4287
-14.4241
-14.4236
-14.4268
-14.4309
-14.4326
-14.4294
-14.4229
-14.4192
-14.4192
-14.4214
-14.4214
-14.4199
-14.4182
-14.4175
-14.4146
-14.4106
-14.406
-14.3994
-14.394
-14.3882
-14.3843
-14.3818
-14.3806
-14.3799
-14.3813
-14.3855
-14.3911
-14.3962
-14.4031
-14.4116
-14.4238
-14.4395
-14.4612
-14.4875
-14.5173
-14.5498
-14.5847
-14.6243
-14.6687
-14.7148
-14.7605
-14.8044
-14.8467
-14.8862
-14.9229
-14.957
-14.9851
-15.0059
-15.0212
-15.0334
-15.0449
-15.0581
-15.0747
-15.0935
-15.1138
-15.1331
-15.1472
-15.156
-15.1624
-15.1677
-15.1724
-15.1812
-15.1936
-15.2097
-15.2285
-15.2502
-15.2722
-15.2922
-15.3101
-15.3252
-15.3364
-15.3438
-15.3467
-15.3467
-15.3452
-15.342
-15.3359
-15.325
-15.3132
-15.3088
-15.311
-15.3179
-15.3281
-15.3357
-15.3413
-15.3459
-15.3503
-15.3547
-15.3606
-15.3684
-15.3777
-15.3879
-15.3999
-15.4136
-15.4287
-15.437
-15.4417
-15.4441
-15.4441
-15.4424
-15.4409
-15.4397
-15.436
-15.4321
-15.4214
-15.4009
-15.3711
-15.3284
-15.2744
-15.2083
-15.1382
-15.0569
-14.9673
-14.8684
-14.7549
-14.6294
-14.4956
-14.3491
-14.1924
-14.0176
-13.8347
-13.636
-13.4207
-13.2097
-13.0208
-12.8713
-12.7588
-12.6602
-12.5674
-12.4712
-12.3772
-12.2883
-12.2058
-12.1313
-12.0605
-11.9932
-11.9167
-11.824
-11.7158
-11.6025
-11.4907
-11.3816
-11.2737
-11.1636
-11.0525
-10.9365
-10.8228
-10.7141
-10.6094
-10.5103
-10.4175
-10.3313
-10.2488
-10.1672
-10.0884
-10.022
-9.96802
-9.92798
-9.89258
-9.85205
-9.80518
-9.7583
-9.71558
-9.6792
-9.65015
-9.62744
-9.61011
-9.6062
-9.6106
-9.61719
-9.6228
-9.62646
-9.62744
-9.61987
-9.60718
-9.58911
-9.55933
-9.51685
-9.48022
-9.43799
-9.40576
-9.39307
-9.38623
-9.37671
-9.36279
-9.34473
-9.32495
-9.30493
-9.29785
-9.29346
-9.30176
-9.31763
-9.32861
-9.3252
-9.31689
-9.30225
-9.28247
-9.27051
-9.25
-9.1936
-9.12158
-9.04443
-8.96729
-8.9021
-8.83765
-8.78076
-8.74146
-8.7207
-8.71875
-8.73413
-8.7688
-8.82251
-8.88721
-8.94995
-9.02466
-9.10156
-9.17017
-9.22754
-9.27539
-9.32007
-9.35498
-9.38232
-9.40332
-9.4231
-9.44141
-9.44849
-9.46558
-9.46753
-9.45874
-9.4436
-9.42627
-9.39624
-9.36523
-9.33569
-9.28271
-9.24097
-9.20703
-9.16235
-9.10693
-9.06958
-9.03955
-9.00732
-8.98291
-8.95483
-8.92212
-8.90088
-8.88281
-8.84668
-8.82251
-8.78198
-8.71875
-8.65063
-8.58447
-8.51636
-8.47144
-8.42407
-8.36792
-8.30933
-8.25415
-8.19824
-8.13867
-8.07544
-8.00122
-7.91748
-7.83105
-7.76074
-7.70313
-7.65723
-7.61377
-7.57446
-7.53223
-7.49072
-7.44629
-7.40137
-7.35669
-7.31201
-7.26978
-7.2207
-7.16968
-7.12231
-7.07275
-7.01953
-6.95605
-6.87012
-6.77539
-6.66113
-6.53174
-6.39331
-6.25171
-6.10107
-5.94189
-5.77002
-5.5957
-5.42773
-5.25708
-5.1001
-4.95947
-4.82935
-4.70605
-4.59668
-4.49854
-4.40454
-4.3125
-4.2229
-4.14478
-4.08105
-4.02686
-3.97559
-3.92114
-3.87036
-3.81372
-3.75806
-3.71802
-3.69531
-3.68311
-3.66846
-3.65088
-3.63794
-3.62231
-3.60718
-3.59717
-3.59302
-3.59644
-3.59131
-3.57129
-3.55249
-3.53955
-3.52197
-3.51074
-3.49878
-3.48535
-3.47095
-3.45361
-3.43091
-3.39917
-3.35889
-3.31934
-3.29297
-3.27246
-3.26172
-3.25391
-3.25586
-3.271
-3.28711
-3.29443
-3.2937
-3.28687
-3.26563
-3.24731
-3.22461
-3.19507
-3.17578
-3.17261
-3.1814
-3.19531
-3.20947
-3.21875
-3.23218
-3.24365
-3.26025
-3.29199
-3.32715
-3.36426
-3.4043
-3.44019
-3.47412
-3.50293
-3.52271
-3.54248
-3.57178
-3.6001
-3.63184
-3.66284
-3.69751
-3.73755
-3.78369
-3.82935
-3.87305
-3.91113
-3.94238
-3.97534
-4.00757
-4.03613
-4.06152
-4.07959
-4.08374
-4.07739
-4.06616
-4.05566
-4.04395
-4.0332
-4.021
-4.0083
-3.99487
-3.97974
-3.95825
-3.93115
-3.89697
-3.85034
-3.79248
-3.72852
-3.66138
-3.59424
-3.53125
-3.46973
-3.41064
-3.35425
-3.30469
-3.26855
-3.25
-3.24414
-3.24976
-3.26489
-3.28979
-3.31812
-3.3479
-3.38037
-3.41455
-3.44629
-3.47192
-3.4895
-3.50073
-3.50659
-3.51074
-3.51099
-3.50903
-3.50781
-3.50806
-3.50684
-3.50073
-3.49121
-3.48169
-3.47314
-3.46631
-3.46069
-3.45386
-3.44604
-3.43677
-3.42627
-3.41772
-3.41138
-3.40942
-3.41138
-3.41455
-3.4165
-3.41895
-3.4209
-3.42261
-3.4209
-3.41553
-3.40674
-3.39722
-3.38989
-3.38257
-3.37329
-3.36304
-3.35156
-3.34253
-3.33765
-3.33667
-3.33838
-3.34106
-3.34595
-3.35181
-3.35962
-3.36963
-3.3833
-3.40356
-3.42505
-3.44629
-3.46802
-3.49146
-3.51123
-3.52368
-3.52539
-3.5166
-3.49829
-3.4729
-3.44238
-3.40918
-3.37524
-3.34399
-3.31641
-3.29395
-3.27637
-3.26465
-3.25659
-3.25269
-3.25146
-3.25146
-3.25098
-3.25049
-3.25024
-3.24854
-3.2439
-3.23755
-3.22852
-3.21802
-3.20581
-3.19385
-3.18237
-3.17212
-3.16333
-3.15576
-3.14966
-3.14404
-3.14111
-3.14282
-3.14941
-3.16064
-3.1748
-3.19092
-3.20557
-3.21802
-3.22974
-3.23999
-3.25073
-3.25977
-3.26685
-3.27271
-3.27856
-3.28687
-3.2981
-3.3147
-3.33228
-3.34888
-3.3623
-3.37061
-3.37476
-3.37744
-3.37939
-3.38428
-3.39209
-3.40405
-3.41821
-3.43335
-3.44922
-3.46484
-3.47974
-3.49438
-3.50854
-3.52173
-3.53638
-3.55176
-3.57007
-3.58936
-3.60889
-3.62646
-3.64258
-3.65674
-3.66748
-3.67358
-3.67725
-3.67749
-3.67822
-3.67798
-3.67798
-3.67896
-3.68213
-3.68872
-3.70068
-3.7168
-3.73877
-3.7627
-3.78662
-3.80518
-3.82056
-3.83203
-3.8396
-3.84375
-3.84717
-3.85059
-3.85938
-3.87256
-3.89014
-3.90942
-3.9292
-3.95239
-3.97559
-4.00122
-4.0271
-4.05054
-4.07275
-4.09375
-4.11328
-4.13281
-4.15112
-4.16577
-4.17847
-4.18994
-4.19946
-4.2085
-4.21729
-4.22827
-4.2395
-4.24951
-4.25903
-4.26831
-4.2771
-4.28638
-4.2959
-4.3042
-4.31494
-4.32764
-4.34253
-4.3584
-4.37793
-4.4043
-4.4375
-4.47607
-4.51904
-4.56226
-4.60156
-4.63574
-4.66382
-4.68579
-4.70337
-4.71777
-4.729
-4.73804
-4.74707
-4.75586
-4.76343
-4.7688
-4.77148
-4.77197
-4.77124
-4.76733
-4.75903
-4.74414
-4.7251
-4.70435
-4.68359
-4.6626
-4.64282
-4.6228
-4.60303
-4.58301
-4.5625
-4.54248
-4.52441
-4.50757
-4.49438
-4.48511
-4.47998
-4.47607
-4.47485
-4.47412
-4.47412
-4.47534
-4.48193
-4.49219
-4.50659
-4.52417
-4.54297
-4.56177
-4.57959
-4.5957
-4.6084
-4.61963
-4.63062
-4.64136
-4.65039
-4.65942
-4.66699
-4.67261
-4.67554
-4.67554
-4.67212
-4.6665
-4.65869
-4.65088
-4.64233
-4.63818
-4.63623
-4.63501
-4.63452
-4.6355
-4.63623
-4.63721
-4.6377
-4.63647
-4.63477
-4.6311
-4.62671
-4.62378
-4.62036
-4.6167
-4.61108
-4.60205
-4.59131
-4.58154
-4.57202
-4.56445
-4.55664
-4.54712
-4.53638
-4.52393
-4.5105
-4.49561
-4.47925
-4.46265
-4.44751
-4.43359
-4.42188
-4.41162
-4.40479
-4.40015
-4.39697
-4.39526
-4.39478
-4.39355
-4.39258
-4.39258
-4.39551
-4.39966
-4.40381
-4.40723
-4.4082
-4.40747
-4.40259
-4.39526
-4.38477
-4.37305
-4.35913
-4.34497
-4.33203
-4.32202
-4.31396
-4.30762
-4.30396
-4.302
-4.302
-4.30371
-4.30713
-4.31323
-4.32153
-4.33081
-4.33984
-4.34863
-4.35742
-4.3667
-4.37671
-4.38647
-4.39453
-4.40161
-4.40771
-4.41284
-4.4165
-4.42114
-4.4292
-4.44263
-4.46265
-4.48584
-4.51099
-4.53589
-4.56226
-4.59204
-4.62671
-4.66455
-4.70483
-4.74536
-4.78516
-4.8252
-4.86694
-4.90869
-4.95117
-4.99536
-5.04077
-5.08496
-5.12573
-5.16504
-5.19971
-5.23291
-5.26294
-5.28882
-5.31055
-5.33008
-5.34912
-5.36841
-5.3877
-5.40625
-5.42285
-5.43823
-5.44873
-5.45654
-5.4585
-5.45752
-5.4541
-5.45264
-5.45264
-5.45605
-5.45972
-5.4668
-5.47729
-5.48926
-5.50415
-5.52026
-5.53857
-5.56201
-5.59253
-5.62842
-5.66602
-5.70386
-5.73804
-5.771
-5.80493
-5.86011
-5.91431
-5.95996
-6.00171
-6.04199
-6.073
-6.09839
-6.11743
-6.13501
-6.13184
-6.1084
-6.09814
-6.0835
-6.0791
-6.08813
-6.09619
-6.09082
-6.10181
-6.10181
-6.11768
-6.12476
-6.14868
-6.1416
-6.14453
-6.12842
-6.1123
-6.09741
-6.08154
-6.06152
-6.03003
-5.98657
-5.93506
-5.87744
-5.81641
-5.75952
-5.71118
-5.67261
-5.63672
-5.60742
-5.58472
-5.56641
-5.55298
-5.54175
-5.5271
-5.50757
-5.48755
-5.47144
-5.45605
-5.44678
-5.44653
-5.45142
-5.46021
-5.47534
-5.49487
-5.51758
-5.53564
-5.54565
-5.54956
-5.54761
-5.53955
-5.52295
-5.49609
-5.46216
-5.42578
-5.39331
-5.36426
-5.34229
-5.32422
-5.30811
-5.29907
-5.30005
-5.30908
-5.32617
-5.35107
-5.38574
-5.4314
-5.48804
-5.55273
-5.62085
-5.69312
-5.76758
-5.83325
-5.88794
-5.93677
-5.98657
-6.03662
-6.07983
-6.11499
-6.13916
-6.15942
-6.17627
-6.18774
-6.19849
-6.2085
-6.22192
-6.23413
-6.24756
-6.25854
-6.26685
-6.27173
-6.27637
-6.28882
-6.31177
-6.33667
-6.35522
-6.36743
-6.37378
-6.37354
-6.36597
-6.3501
-6.32715
-6.29761
-6.26416
-6.22485
-6.1792
-6.12939
-6.07495
-6.01807
-5.9563
-5.89209
-5.82886
-5.77368
-5.73071
-5.69897
-5.68335
-5.677
-5.67383
-5.67285
-5.66626
-5.65649
-5.64697
-5.63965
-5.63599
-5.63599
-5.63794
-5.63672
-5.63428
-5.62598
-5.60474
-5.57373
-5.53198
-5.48218
-5.4292
-5.37549
-5.32007
-5.26538
-5.21436
-5.16602
-5.12231
-5.08154
-5.04053
-5.00049
-4.96411
-4.93335
-4.91089
-4.89697
-4.8916
-4.89355
-4.90356
-4.91968
-4.9375
-4.95435
-4.96948
-4.98071
-4.98853
-4.99365
-4.99976
-5.00562
-5.01343
-5.01978
-5.02832
-5.04321
-5.06592
-5.09277
-5.12207
-5.14941
-5.17627
-5.20044
-5.2229
-5.24365
-5.26514
-5.28784
-5.31152
-5.33398
-5.35767
-5.38281
-5.41016
-5.43872
-5.46777
-5.49365
-5.51489
-5.53027
-5.54224
-5.55249
-5.55908
-5.56104
-5.56372
-5.56836
-5.57104
-5.57104
-5.56787
-5.56348
-5.56055
-5.55737
-5.55225
-5.54541
-5.53711
-5.52563
-5.50977
-5.49243
-5.47461
-5.4563
-5.43823
-5.41968
-5.40112
-5.3811
-5.36206
-5.34302
-5.32446
-5.30566
-5.28711
-5.26831
-5.24976
-5.22852
-5.20801
-5.18945
-5.17432
-5.16235
-5.15454
-5.14966
-5.14575
-5.14355
-5.14526
-5.15039
-5.15845
-5.17041
-5.18555
-5.20264
-5.22046
-5.23926
-5.25903
-5.27881
-5.3042
-5.32959
-5.35669
-5.38477
-5.4126
-5.44092
-5.46997
-5.49976
-5.53198
-5.56689
-5.6062
-5.64624
-5.68701
-5.72803
-5.76782
-5.80591
-5.84424
-5.88232
-5.92017
-5.95532
-5.98633
-6.0127
-6.03638
-6.05688
-6.07617
-6.09375
-6.10962
-6.12183
-6.13135
-6.13989
-6.14868
-6.15771
-6.1665
-6.177
-6.19043
-6.20752
-6.22681
-6.24927
-6.27612
-6.30591
-6.33667
-6.36865
-6.40161
-6.43335
-6.4646
-6.49634
-6.52661
-6.55518
-6.58032
-6.60449
-6.62866
-6.65405
-6.68018
-6.70703
-6.7356
-6.76636
-6.79858
-6.83179
-6.86572
-6.90283
-6.94214
-6.98389
-7.02759
-7.07324
-7.11987
-7.16577
-7.20996
-7.25317
-7.29565
-7.33594
-7.37695
-7.41846
-7.46021
-7.50244
-7.54565
-7.58984
-7.63403
-7.67603
-7.71606
-7.7522
-7.7876
-7.82031
-7.84985
-7.875
-7.89795
-7.91675
-7.93506
-7.95288
-7.97217
-7.99146
-8.01099
-8.0271
-8.04614
-8.06958
-8.09326
-8.11572
-8.1377
-8.16089
-8.18579
-8.21143
-8.23755
-8.26514
-8.29517
-8.32471
-8.35498
-8.38379
-8.4126
-8.44238
-8.47144
-8.50049
-8.5293
-8.55713
-8.58496
-8.6123
-8.63989
-8.66846
-8.69629
-8.72168
-8.74463
-8.76733
-8.79126
-8.81592
-8.83984
-8.86206
-8.88354
-8.90552
-8.92773
-8.95117
-8.97485
-8.99902
-9.02417
-9.04834
-9.07031
-9.08862
-9.10498
-9.11865
-9.13159
-9.14331
-9.1543
-9.16357
-9.17383
-9.1853
-9.19873
-9.21094
-9.22192
-9.23413
-9.24707
-9.26196
-9.27686
-9.29126
-9.3064
-9.32153
-9.33472
-9.34692
-9.35791
-9.36792
-9.37671
-9.38501
-9.39624
-9.41162
-9.43042
-9.45288
-9.47559
-9.50024
-9.52808
-9.55811
-9.59155
-9.62793
-9.66553
-9.70166
-9.7373
-9.77075
-9.80396
-9.83716
-9.87036
-9.90356
-9.93652
-9.97241
-10.01
-10.0488
-10.0886
-10.1287
-10.1687
-10.208
-10.2468
-10.2842
-10.3206
-10.356
-10.3894
-10.4192
-10.4478
-10.4758
-10.5034
-10.5305
-10.5576
-10.5862
-10.6167
-10.6477
-10.6782
-10.7075
-10.7371
-10.7651
-10.7927
-10.8213
-10.8506
-10.8782
-10.9045
-10.9309
-10.9558
-10.9817
-11.0068
-11.0325
-11.0601
-11.0864
-11.1116
-11.1348
-11.1555
-11.1711
-11.1836
-11.1973
-11.2114
-11.2263
-11.2415
-11.2556
-11.2681
-11.2771
-11.2852
-11.2922
-11.2971
-11.301
-11.3047
-11.3091
-11.312
-11.3164
-11.322
-11.3301
-11.3401
-11.3491
-11.3577
-11.3667
-11.3772
-11.3887
-11.4014
-11.4165
-11.4321
-11.4495
-11.4673
-11.4858
-11.5039
-11.5212
-11.5393
-11.5564
-11.5735
-11.5923
-11.6138
-11.6355
-11.6594
-11.686
-11.7144
-11.7424
-11.7698
-11.7961
-11.8201
-11.8442
-11.8684
-11.8928
-11.9167
-11.9407
-11.9641
-11.9871
-12.0103
-12.0354
-12.0635
-12.0947
-12.1272
-12.1594
-12.1929
-12.2273
-12.2642
-12.3018
-12.342
-12.3835
-12.428
-12.4768
-12.5298
-12.5872
-12.6499
-12.7161
-12.7795
-12.8416
-12.9048
-12.9705
-13.0347
-13.0984
-13.1599
-13.218
-13.2722
-13.3247
-13.373
-13.4216
-13.467
-13.5093
-13.5503
-13.5906
-13.6323
-13.6758
-13.7183
-13.7607
-13.8025
-13.844
-13.885
-13.9253
-13.9619
-13.9968
-14.0278
-14.0579
-14.0852
-14.1118
-14.1365
-14.1584
-14.177
-14.1926
-14.2073
-14.2197
-14.2295
-14.239
-14.2476
-14.2563
-14.2622
-14.2654
-14.2656
-14.2656
-14.2639
-14.2627
-14.2612
-14.2573
-14.2527
-14.2471
-14.239
-14.2288
-14.2166
-14.2031
-14.1882
-14.1746
-14.1599
-14.144
-14.1248
-14.1018
-14.0759
-14.0486
-14.0186
-13.9873
-13.9524
-13.915
-13.8743
-13.8315
-13.7849
-13.7366
-13.6809
-13.6179
-13.5447
-13.4663
-13.3801
-13.282
-13.1753
-13.0662
-12.9541
-12.8345
-12.7056
-12.5691
-12.4277
-12.2842
-12.1365
-11.9839
-11.8232
-11.656
-11.4829
-11.3032
-11.1135
-10.9141
-10.7021
-10.4758
-10.2368
-9.98706
-9.72949
-9.45972
-9.17407
-8.87476
-8.56689
-8.25122
-7.92822
-7.59668
-7.25244
-6.89722
-6.52832
-6.14551
-5.74634
-5.33472
-4.90723
-4.46704
-4.02197
-3.57178
-3.11523
-2.64746
-2.16846
-1.68091
-1.19116
-0.695801
-0.195557
0.308838
0.819092
1.34082
1.87622
2.42432
2.98413
3.56152
4.17041
4.80859
5.46118
6.11621
6.78687
7.47852
8.18286
8.88696
9.58765
10.2866
10.9861
11.6892
12.3975
13.1152
13.845
14.594
15.364
16.1465
16.9312
17.7156
18.4922
19.2529
19.9946
20.7166
21.4197
22.1089
22.7839
23.4458
24.0972
24.748
25.3975
26.0432
26.6978
27.3738
28.073
28.7888
29.5232
30.2722
31.0337
31.8096
32.5999
33.4036
34.2158
35.0313
35.8525
36.6704
37.4832
38.2935
39.1006
39.8984
40.686
41.4717
42.2573
43.0437
43.8354
44.6384
45.4521
46.2642
47.0774
47.8933
48.7073
49.5134
50.3086
51.0986
51.8828
52.6594
53.427
54.1829
54.9248
55.6589
56.3831
57.1008
57.8127
58.5181
59.2109
59.8828
60.541
61.1807
61.8054
62.4167
63.0168
63.6121
64.2024
64.7964
65.4009
66.01
66.6172
67.228
67.8325
68.4312
69.0176
69.5894
70.1509
70.696
71.2241
71.7417
72.2483
72.7495
73.2488
73.7554
74.2532
74.7458
75.2322
75.7295
76.2327
76.7375
77.2532
77.7869
78.334
78.9001
79.4795
80.0613
80.6438
81.2285
81.8171
82.4146
83.0115
83.605
84.1978
84.7861
85.3647
85.9294
86.4792
87.0178
87.5439
88.0598
88.5703
89.0791
89.5835
90.0779
90.5627
91.0413
91.5178
91.9924
92.4604
92.9185
93.3591
93.7786
94.1726
94.5422
94.8857
95.2063
95.5063
95.7881
96.0525
96.2964
96.5234
96.7363
96.9355
97.123
97.2986
97.4565
97.5972
97.7234
97.8337
97.9302
98.0117
98.0869
98.1592
98.2351
98.3135
98.3926
98.4714
98.553
98.6399
98.728
98.8142
98.8972
98.9736
99.0415
99.1033
99.1619
99.217
99.2693
99.3193
99.3657
99.4109
99.4575
99.5049
99.5527
99.6023
99.6555
99.7131
99.7742
99.8359
99.8958
99.9514
100.006
100.06
100.112
100.164
100.214
100.263
100.306
100.342
100.375
100.402
100.421
100.43
100.432
100.428
100.42
100.41
100.399
100.378
100.354
100.325
100.293
100.257
100.215
100.171
100.128
100.093
100.064
100.035
100.005
99.9709
99.9319
99.8892
99.8401
99.7844
99.7253
99.6677
99.6101
99.5552
99.5042
99.458
99.4214
99.3933
99.3716
99.3538
99.3394
99.3247
99.3081
99.2905
99.2725
99.2559
99.2407
99.2249
99.2104
99.1948
99.1763
99.1509
99.1172
99.072
99.0186
98.9561
98.8892
98.8201
98.748
98.6743
98.6001
98.5237
98.446
98.3711
98.3013
98.2366
98.176
98.1216
98.0718
98.0283
97.9973
97.9771
97.9636
97.9551
97.9475
97.9382
97.9243
97.9033
97.8774
97.8462
97.8096
97.7664
97.7178
97.6638
97.6028
97.5359
97.4644
97.3926
97.3191
97.2502
97.1892
97.136
97.0886
97.0464
97.0071
96.9695
96.9355
96.9075
96.8845
96.8674
96.8508
96.8347
96.8171
96.7996
96.7822
96.7637
96.7466
96.7314
96.7175
96.7061
96.6941
96.6777
96.655
96.625
96.5908
96.5535
96.5215
96.4954
96.4773
96.467
96.4663
96.4756
96.4941
96.5171
96.5413
96.5632
96.583
96.5979
96.6079
96.6121
96.6128
96.6113
96.6067
96.5974
96.5842
96.5698
96.5532
96.5342
96.5137
96.4919
96.4673
96.4404
96.4126
96.3853
96.3574
96.3335
96.3115
96.292
96.2764
96.2629
96.2517
96.2451
96.2397
96.2346
96.2278
96.2183
96.208
96.198
96.189
96.1814
96.1765
96.1741
96.1724
96.1716
96.1702
96.1667
96.1604
96.1528
96.1436
96.1338
96.1216
96.1079
96.095
96.0808
96.0659
96.0491
96.0315
96.0144
96
95.9893
95.979
95.9695
95.9602
95.9504
95.939
95.9265
95.9153
95.9036
95.8926
95.8792
95.8628
95.8418
95.8149
95.7815
95.7422
95.6953
95.6414
95.5801
95.51
95.4333
95.3525
95.2688
95.1816
95.0933
95.0027
94.9099
94.8184
94.7266
94.634
94.5398
94.4419
94.3379
94.2268
94.1104
93.9907
93.873
93.76
93.6531
93.5496
93.4504
93.3547
93.2615
93.1704
93.0825
92.9976
92.9148
92.8335
92.7568
92.6863
92.6199
92.5566
92.4956
92.4319
92.3772
92.3267
92.2712
92.2112
92.1511
92.0911
92.0308
91.9707
91.9114
91.8547
91.801
91.748
91.6963
91.644
91.5916
91.541
91.4885
91.4338
91.3772
91.3208
91.2673
91.2185
91.175
91.1367
91.1047
91.0771
91.0542
91.0332
91.0112
90.9849
90.957
90.927
90.8965
90.8662
90.8362
90.8074
90.7793
90.7522
90.7258
90.7014
90.678
90.6565
90.6365
90.6184
90.6011
90.5835
90.5684
90.5549
90.5435
90.5337
90.5273
90.5237
90.5222
90.5229
90.5259
90.5313
90.541
90.5547
90.5718
90.5901
90.6084
90.6252
90.6387
90.6465
90.6487
90.6458
90.6362
90.6208
90.5994
90.5735
90.5461
90.5178
90.4907
90.4644
90.4392
90.415
90.3918
90.3687
90.3452
90.3213
90.2952
90.2686
90.2405
90.2107
90.1794
90.1455
90.1079
90.0676
90.0237
89.9761
89.9248
89.8694
89.8098
89.7451
89.676
89.6016
89.5188
89.4294
89.3313
89.2244
89.1079
88.9829
88.8452
88.6973
88.5361
88.3633
88.1765
87.9795
87.771
87.5505
87.3193
87.0815
86.8369
86.5854
86.3286
86.0657
85.7944
85.5154
85.2297
84.9333
84.6218
84.2952
83.9519
83.5884
83.2009
82.7878
82.3438
81.8699
81.3643
80.8264
80.2544
79.6465
78.999
78.3167
77.6057
76.8696
76.1099
75.3389
74.5583
73.7644
72.9583
72.1396
71.3174
70.5037
69.6968
68.8357
68
67.2297
66.4841
65.7432
65.0085
64.2795
63.5542
62.8362
62.1191
61.3975
60.6606
59.9048
59.1326
58.3428
57.5361
56.7126
55.8706
55.0181
54.1472
53.2554
52.3342
51.3804
50.3955
49.3828
48.3381
47.2539
46.1067
44.8848
43.5898
42.2332
40.8337
39.4036
37.9148
36.3486
34.7151
33.0505
31.386
29.7373
28.1091
26.4805
24.8359
23.1792
21.5186
19.8813
18.2612
16.6494
15.0701
13.5166
11.9812
10.48
9.02832
7.61938
6.23633
4.87109
3.50806
2.1228
0.727783
-0.654541
-1.99146
-3.26929
-4.48828
-5.65454
-6.77637
-7.87964
-8.96851
-10.042
-11.0876
-12.0981
-13.0732
-14.0166
-14.9353
-15.8386
-16.7207
-17.5823
-18.4326
-19.2737
-20.1045
-20.9329
-21.7615
-22.5867
-23.4021
-24.2007
-24.9661
-25.6907
-26.3677
-27.0073
-27.6201
-28.2158
-28.8018
-29.3865
-29.9812
-30.5874
-31.2068
-31.8342
-32.4646
-33.094
-33.7214
-34.3411
-34.9492
-35.5549
-36.1665
-36.7905
-37.4233
-38.0618
-38.6992
-39.3354
-39.9648
-40.5913
-41.2246
-41.8696
-42.5212
-43.1746
-43.824
-44.4639
-45.0977
-45.7322
-46.3667
-46.999
-47.6287
-48.2603
-48.9041
-49.5684
-50.2578
-50.9556
-51.6553
-52.3518
-53.0361
-53.7068
-54.3679
-55.0203
-55.6687
-56.3101
-56.9412
-57.5615
-58.1748
-58.7983
-59.4114
-60.0183
-60.6311
-61.2463
-61.8643
-62.4839
-63.0959
-63.6882
-64.2659
-64.8325
-65.3928
-65.9456
-66.4871
-67.0178
-67.5369
-68.0488
-68.554
-69.0527
-69.5437
-70.0239
-70.4893
-70.9375
-71.3694
-71.7886
-72.199
-72.6147
-73.0403
-73.4656
-73.8848
-74.2959
-74.7004
-75.0979
-75.4883
-75.8733
-76.2583
-76.6482
-77.0427
-77.4402
-77.8401
-78.2449
-78.6533
-79.0613
-79.4626
-79.8601
-80.2546
-80.6484
-81.0466
-81.4497
-81.855
-82.2583
-82.6587
-83.0586
-83.4573
-83.8557
-84.2512
-84.6423
-85.02
-85.3833
-85.7292
-86.0466
-86.3376
-86.6096
-86.8706
-87.1221
-87.365
-87.6106
-87.8574
-88.1067
-88.3584
-88.6099
-88.8577
-89.1187
-89.3813
-89.6436
-89.9082
-90.168
-90.4219
-90.6711
-90.9109
-91.1431
-91.3647
-91.5793
-91.7866
-91.989
-92.1748
-92.3428
-92.4912
-92.6255
-92.7395
-92.833
-92.9077
-92.9758
-93.0374
-93.0942
-93.1494
-93.2039
-93.2656
-93.3362
-93.4209
-93.5203
-93.6343
-93.7534
-93.8784
-94
-94.1155
-94.2246
-94.3291
-94.4285
-94.5164
-94.5925
-94.6543
-94.7009
-94.73
-94.7456
-94.7483
-94.7363
-94.7102
-94.6733
-94.6306
-94.5852
-94.5322
-94.478
-94.4319
-94.3838
-94.3396
-94.2991
-94.2644
-94.2368
-94.2131
-94.1902
-94.1689
-94.1467
-94.134
-94.1228
-94.1106
-94.1021
-94.0959
-94.093
-94.0938
-94.0967
-94.1033
-94.1091
-94.1135
-94.1201
-94.1289
-94.1377
-94.1477
-94.1628
-94.177
-94.1946
-94.2151
-94.2375
-94.261
-94.2893
-94.3264
-94.3723
-94.4238
-94.4805
-94.5508
-94.6321
-94.7192
-94.8157
-94.9187
-95.0259
-95.1353
-95.2498
-95.3723
-95.498
-95.6213
-95.7439
-95.8718
-96.0012
-96.1311
-96.2629
-96.3982
-96.5342
-96.6677
-96.7944
-96.9136
-97.021
-97.1167
-97.2019
-97.2747
-97.3337
-97.3784
-97.4111
-97.4336
-97.4458
-97.4448
-97.4331
-97.4058
-97.373
-97.3335
-97.2947
-97.2527
-97.2117
-97.1692
-97.1343
-97.1055
-97.0803
-97.0532
-97.0303
-97.0076
-96.9851
-96.9646
-96.9424
-96.9224
-96.9058
-96.8923
-96.8821
-96.874
-96.8682
-96.8616
-96.8547
-96.8474
-96.8416
-96.8372
-96.832
-96.8313
-96.8313
-96.8323
-96.8342
-96.8381
-96.8411
-96.8435
-96.8459
-96.8484
-96.8501
-96.8518
-96.8555
-96.8599
-96.8638
-96.8733
-96.8875
-96.9063
-96.925
-96.9392
-96.9548
-96.9751
-96.9915
-97.0051
-97.019
-97.0327
-97.0469
-97.063
-97.0786
-97.0947
-97.113
-97.1313
-97.1501
-97.1685
-97.1863
-97.2056
-97.2224
-97.2346
-97.2417
-97.2446
-97.2439
-97.2407
-97.2371
-97.2324
-97.2275
-97.2251
-97.2244
-97.2246
-97.2271
-97.2278
-97.228
-97.2256
-97.2197
-97.2078
-97.1938
-97.1787
-97.1624
-97.1453
-97.1306
-97.1199
-97.1128
-97.1108
-97.114
-97.1235
-97.1382
-97.157
-97.177
-97.1978
-97.2188
-97.2439
-97.2732
-97.3044
-97.3379
-97.3728
-97.4092
-97.4456
-97.4797
-97.5107
-97.5359
-97.5562
-97.571
-97.5818
-97.5881
-97.5913
-97.5918
-97.5911
-97.5884
-97.5837
-97.5759
-97.5686
-97.5652
-97.5603
-97.5532
-97.5459
-97.5391
-97.5288
-97.5173
-97.5061
-97.4978
-97.4907
-97.4812
-97.4688
-97.4526
-97.4312
-97.4038
-97.3677
-97.323
-97.2688
-97.2058
-97.1365
-97.0583
-96.97
-96.8838
-96.7942
-96.7017
-96.6079
-96.5225
-96.4438
-96.376
-96.3179
-96.2639
-96.2063
-96.1521
-96.0986
-96.0486
-96.0068
-95.9744
-95.9543
-95.9409
-95.9294
-95.9219
-95.9185
-95.9177
-95.9136
-95.9038
-95.8872
-95.8633
-95.8315
-95.7927
-95.75
-95.7053
-95.6584
-95.6111
-95.5654
-95.5186
-95.4797
-95.4448
-95.4172
-95.3962
-95.3843
-95.3787
-95.3745
-95.3728
-95.3716
-95.3708
-95.3699
-95.3699
-95.3752
-95.385
-95.3979
-95.4119
-95.4277
-95.4431
-95.4561
-95.4653
-95.4714
-95.4741
-95.4736
-95.4722
-95.469
-95.4619
-95.4492
-95.4319
-95.4077
-95.3743
-95.3333
-95.2854
-95.2288
-95.1636
-95.0906
-95.0105
-94.9175
-94.812
-94.7014
-94.5811
-94.4487
-94.3037
-94.1423
-93.9641
-93.7673
-93.5474
-93.3062
-93.0449
-92.7629
-92.4648
-92.1511
-91.8218
-91.4785
-91.1108
-90.7222
-90.3149
-89.8843
-89.4316
-88.96
-88.4727
-87.9714
-87.4583
-86.9321
-86.4031
-85.8765
-85.3489
-84.8174
-84.2808
-83.7336
-83.1841
-82.6345
-82.0845
-81.5374
-80.9971
-80.4602
-79.9243
-79.3828
-78.8401
-78.2964
-77.7522
-77.2075
-76.6641
-76.125
-75.5872
-75.0405
-74.4797
-73.9009
-73.3054
-72.6934
-72.0627
-71.4167
-70.7588
-70.0908
-69.4185
-68.7478
-68.084
-67.4346
-66.8008
-66.1804
-65.5706
-64.968
-64.373
-63.7817
-63.1924
-62.5984
-61.9934
-61.376
-60.7393
-60.0769
-59.3821
-58.6487
-57.8767
-57.073
-56.248
-55.4023
-54.541
-53.6721
-52.8071
-51.9534
-51.1069
-50.2664
-49.4312
-48.5994
-47.7773
-46.9683
-46.176
-45.407
-44.6646
-43.9502
-43.2625
-42.6038
-41.9763
-41.3838
-40.8291
-40.311
-39.8232
-39.3594
-38.9075
-38.4583
-38.0042
-37.5391
-37.0635
-36.5771
-36.075
-35.5479
-34.9924
-34.4072
-33.7976
-33.1694
-32.5286
-31.875
-31.207
-30.5237
-29.8264
-29.1189
-28.4055
-27.6946
-26.9946
-26.3127
-25.6494
-25.0027
-24.3682
-23.7468
-23.1394
-22.552
-21.9868
-21.4541
-20.9495
-20.4719
-20.0193
-19.5923
-19.188
-18.8025
-18.4307
-18.0623
-17.6885
-17.304
-16.9014
-16.4739
-16.0188
-15.5371
-15.0369
-14.5273
-14.012
-13.4905
-12.9648
-12.4375
-11.9109
-11.3887
-10.8748
-10.3772
-9.89795
-9.44214
-9.00928
-8.60059
-8.21289
-7.84741
-7.50464
-7.18359
-6.8811
-6.59473
-6.323
-6.06763
-5.83008
-5.61011
-5.40015
-5.19556
-4.99072
-4.78369
-4.56958
-4.3501
-4.12451
-3.89746
-3.67017
-3.44189
-3.21094
-2.98242
-2.75415
-2.52832
-2.3064
-2.0874
-1.87134
-1.66235
-1.46289
-1.2793
-1.11353
-0.9646
-0.829346
-0.705322
-0.59375
-0.498291
-0.418945
-0.354736
-0.305176
-0.267578
-0.237549
-0.211914
-0.188232
-0.163818
-0.13623
-0.100586
-0.0532227
0.00561523
0.0712891
0.141357
0.216309
0.297363
0.383545
0.477051
0.568848
0.6521
0.727783
0.800781
0.869629
0.932129
0.98877
1.04102
1.09106
1.1394
1.1853
1.22852
1.27173
1.31714
1.36621
1.41943
1.47632
1.53418
1.59277
1.64868
1.70313
1.75342
1.79932
1.83862
1.87109
1.89648
1.91675
1.92969
1.93823
1.94165
1.94019
1.92993
1.91113
1.88477
1.85156
1.8103
1.76245
1.71021
1.6582
1.60864
1.56201
1.51855
1.47998
1.44507
1.41309
1.38184
1.35107
1.3208
1.28931
1.25415
1.21729
1.17798
1.13867
1.10059
1.06323
1.02661
0.990967
0.956787
0.924561
0.892822
0.862793
0.832764
0.802002
0.770752
0.737793
0.705078
0.675049
0.647949
0.621826
0.59668
0.572266
0.547363
0.527588
0.514893
0.509521
0.509521
0.512939
0.518555
0.524414
0.530762
0.536133
0.538574
0.537109
0.533203
0.52832
0.52124
0.511475
0.497803
0.47876
0.455566
0.428955
0.400635
0.37085
0.3396
0.30835
0.274658
0.237549
0.195801
0.14917
0.100098
0.0495606
-0.000732418
-0.0493164
-0.0949707
-0.138916
-0.182373
-0.223145
-0.260986
-0.296387
-0.330811
-0.363525
-0.394043
-0.419922
-0.439453
-0.453125
-0.467773
-0.486816
-0.509033
-0.529297
-0.544678
-0.559814
-0.575439
-0.589355
-0.603027
-0.614258
-0.623779
-0.631836
-0.638916
-0.647217
-0.656006
-0.667236
-0.682617
-0.702148
-0.724365
-0.749268
-0.775879
-0.803223
-0.831299
-0.857178
-0.880371
-0.901611
-0.921387
-0.940186
-0.959717
-0.979736
-0.99707
-1.01123
-1.02319
-1.03101
-1.03906
-1.0481
-1.05762
-1.06543
-1.07251
-1.07886
-1.08398
-1.08813
-1.09082
-1.09375
-1.09839
-1.10645
-1.11743
-1.12915
-1.14111
-1.15283
-1.16577
-1.17896
-1.19336
-1.2063
-1.21484
-1.22021
-1.22559
-1.23291
-1.24243
-1.25439
-1.27124
-1.29199
-1.31616
-1.34351
-1.37207
-1.40015
-1.43066
-1.46313
-1.49683
-1.53223
-1.56592
-1.5957
-1.61792
-1.63599
-1.65601
-1.67432
-1.69043
-1.70532
-1.71997
-1.73267
-1.74463
-1.75708
-1.77271
-1.79053
-1.80957
-1.83081
-1.85376
-1.87866
-1.90454
-1.92993
-1.95215
-1.97192
-1.99194
-2.01294
-2.03369
-2.05347
-2.07104
-2.08594
-2.09766
-2.10669
-2.11304
-2.11743
-2.12012
-2.12183
-2.12109
-2.11938
-2.11694
-2.11328
-2.11035
-2.10864
-2.11035
-2.11572
-2.12402
-2.1311
-2.1355
-2.13843
-2.14063
-2.14307
-2.146
-2.1499
-2.15527
-2.16553
-2.17749
-2.18896
-2.19946
-2.20996
-2.22144
-2.23486
-2.24854
-2.26343
-2.27905
-2.29468
-2.30981
-2.32373
-2.33667
-2.34863
-2.35938
-2.36768
-2.37134
-2.37134
-2.37012
-2.36841
-2.36938
-2.37158
-2.37598
-2.3811
-2.38721
-2.39429
-2.40137
-2.40918
-2.41748
-2.42578
-2.43213
-2.43506
-2.43677
-2.43677
-2.43457
-2.42993
-2.42407
-2.41821
-2.4126
-2.40723
-2.40308
-2.40112
-2.40161
-2.40234
-2.40381
-2.40771
-2.41406
-2.42456
-2.43677
-2.44873
-2.46362
-2.48193
-2.50366
-2.52563
-2.54834
-2.56909
-2.58838
-2.60571
-2.62158
-2.63696
-2.65137
-2.66406
-2.67114
-2.67432
-2.67847
-2.68335
-2.68604
-2.68628
-2.68433
-2.68384
-2.68579
-2.69019
-2.69434
-2.69629
-2.69727
-2.69531
-2.69434
-2.69336
-2.69336
-2.69434
-2.698
-2.70459
-2.71338
-2.72095
-2.72852
-2.73438
-2.74023
-2.7439
-2.74463
-2.7439
-2.74414
-2.74438
-2.74463
-2.74561
-2.74658
-2.74731
-2.7478
-2.74976
-2.75195
-2.75317
-2.75391
-2.75342
-2.7522
-2.7522
-2.75537
-2.76196
-2.76685
-2.77222
-2.77808
-2.78613
-2.7937
-2.79956
-2.8103
-2.82788
-2.83252
-2.83569
-2.8479
-2.86206
-2.87476
-2.88696
-2.90063
-2.91675
-2.93677
-2.95898
-2.98145
-3.00269
-3.02368
-3.04443
-3.06396
-3.0813
-3.09692
-3.11084
-3.12378
-3.13525
-3.14648
-3.15625
-3.16626
-3.17383
-3.17896
-3.18213
-3.18262
-3.18262
-3.18213
-3.1792
-3.17554
-3.17017
-3.16699
-3.16284
-3.15894
-3.15625
-3.15503
-3.1543
-3.15503
-3.15674
-3.15845
-3.16064
-3.16284
-3.1665
-3.1709
-3.17627
-3.18164
-3.1853
-3.18555
-3.18335
-3.17969
-3.17578
-3.17456
-3.17188
-3.16602
-3.1604
-3.15674
-3.1521
-3.14722
-3.14185
-3.13647
-3.13232
-3.12793
-3.12231
-3.11572
-3.10742
-3.0979
-3.08838
-3.07886
-3.06885
-3.0603
-3.05322
-3.04883
-3.0459
-3.04248
-3.03882
-3.03491
-3.03101
-3.0271
-3.02173
-3.01611
-3.01001
-3.00513
-2.99854
-2.9873
-2.97437
-2.96313
-2.95166
-2.93823
-2.92407
-2.91162
-2.89795
-2.88818
-2.88452
-2.8811
-2.87939
-2.87964
-2.87891
-2.87646
-2.87378
-2.87354
-2.87305
-2.87427
-2.87842
-2.88232
-2.88623
-2.89282
-2.90088
-2.91187
-2.92407
-2.93774
-2.95142
-2.96558
-2.97803
-2.98828
-2.99854
-3.00952
-3.02222
-3.03613
-3.05103
-3.06616
-3.08276
-3.10059
-3.11646
-3.12988
-3.13818
-3.13696
-3.13257
-3.12695
-3.11646
-3.10498
-3.09375
-3.08472
-3.07788
-3.07373
-3.07227
-3.0708
-3.06738
-3.05884
-3.05103
-3.0437
-3.03467
-3.02563
-3.0144
-3.00342
-2.99268
-2.98267
-2.97461
-2.96875
-2.96509
-2.96362
-2.96338
-2.96411
-2.96582
-2.96948
-2.97412
-2.97998
-2.98755
-2.99512
-3.00293
-3.01367
-3.02466
-3.03687
-3.05054
-3.06421
-3.07813
-3.0918
-3.10522
-3.11499
-3.12573
-3.13086
-3.12207
-3.09326
-3.05396
-3.01074
-2.96338
-2.90796
-2.84595
-2.78369
-2.72217
-2.66284
-2.6062
-2.5498
-2.49756
-2.44897
-2.40625
-2.36865
-2.33667
-2.30811
-2.2854
-2.26929
-2.25977
-2.25439
-2.25342
-2.25854
-2.2688
-2.28589
-2.30737
-2.33423
-2.36694
-2.40747
-2.44946
-2.49634
-2.54614
-2.59424
-2.64038
-2.68237
-2.71826
-2.74854
-2.77344
-2.79028
-2.80298
-2.81152
-2.81641
-2.81567
-2.81055
-2.80176
-2.78931
-2.77197
-2.75366
-2.73267
-2.71094
-2.69043
-2.67261
-2.65649
-2.64038
-2.62451
-2.60815
-2.59375
-2.58105
-2.57178
-2.56421
-2.5603
-2.5603
-2.56079
-2.56763
-2.57837
-2.59229
-2.60767
-2.62109
-2.63428
-2.64722
-2.66064
-2.67505
-2.68848
-2.70142
-2.71289
-2.72363
-2.73438
-2.74341
-2.75171
-2.75903
-2.76563
-2.77002
-2.77197
-2.77515
-2.77905
-2.78271
-2.78711
-2.79248
-2.79785
-2.80176
-2.80371
-2.80444
-2.80444
-2.80225
-2.79761
-2.79321
-2.7876
-2.78125
-2.77441
-2.76709
-2.76001
-2.75342
-2.7478
-2.74365
-2.74219
-2.74097
-2.73828
-2.73462
-2.729
-2.72485
-2.72168
-2.72021
-2.71924
-2.71851
-2.71582
-2.71118
-2.70654
-2.70313
-2.70093
-2.69849
-2.69653
-2.69556
-2.69409
-2.69385
-2.69482
-2.69873
-2.70483
-2.7146
-2.72534
-2.73828
-2.75342
-2.76953
-2.78564
-2.80103
-2.81567
-2.82739
-2.83813
-2.84619
-2.85327
-2.85767
-2.86206
-2.86353
-2.86255
-2.85815
-2.85278
-2.84717
-2.84082
-2.83325
-2.8252
-2.81763
-2.80811
-2.79834
-2.78638
-2.77417
-2.76392
-2.75537
-2.7478
-2.74219
-2.73755
-2.7356
-2.7373
-2.74097
-2.74536
-2.75049
-2.75537
-2.76147
-2.76782
-2.77612
-2.78394
-2.79102
-2.79932
-2.80688
-2.81348
-2.81763
-2.82104
-2.82104
-2.81787
-2.81274
-2.80786
-2.8042
-2.80005
-2.79736
-2.79419
-2.79126
-2.78662
-2.78052
-2.77344
-2.76685
-2.75952
-2.7522
-2.74756
-2.74438
-2.74292
-2.74268
-2.74365
-2.74658
-2.75
-2.75439
-2.75806
-2.76123
-2.76318
-2.76563
-2.76587
-2.76538
-2.7644
-2.76147
-2.75928
-2.75732
-2.75464
-2.75244
-2.75171
-2.75244
-2.75488
-2.75806
-2.76196
-2.76489
-2.76855
-2.77368
-2.77979
-2.78735
-2.79199
-2.79492
-2.79565
-2.79346
-2.79004
-2.78662
-2.78394
-2.78027
-2.77441
-2.76709
-2.75928
-2.75366
-2.75244
-2.75269
-2.75562
-2.7605
-2.76855
-2.77881
-2.79028
-2.80127
-2.81152
-2.82202
-2.83154
-2.84009
-2.84619
-2.84937
-2.85229
-2.85498
-2.85498
-2.85303
-2.85254
-2.85229
-2.85474
-2.85767
-2.86133
-2.86499
-2.87036
-2.87793
-2.88647
-2.89478
-2.90283
-2.91211
-2.9209
-2.93066
-2.94116
-2.9519
-2.96313
-2.97461
-2.98584
-2.99585
-3.00659
-3.01611
-3.02563
-3.03613
-3.04834
-3.05811
-3.06421
-3.06909
-3.07324
-3.07642
-3.07715
-3.07666
-3.07275
-3.06543
-3.05713
-3.04883
-3.04175
-3.03711
-3.03394
-3.03027
-3.02783
-3.02661
-3.02588
-3.02661
-3.03125
-3.03711
-3.04199
-3.04688
-3.05176
-3.05591
-3.06226
-3.07056
-3.07861
-3.08472
-3.09106
-3.09692
-3.10181
-3.10645
-3.11182
-3.11816
-3.12402
-3.12891
-3.13086
-3.13135
-3.13037
-3.12744
-3.12109
-3.11401
-3.1062
-3.09814
-3.08936
-3.07886
-3.06836
-3.05908
-3.04907
-3.03784
-3.02637
-3.01733
-3.01147
-3.00732
-3.00244
-2.99536
-2.98853
-2.98218
-2.97461
-2.96606
-2.95801
-2.95483
-2.95483
-2.95581
-2.95752
-2.96021
-2.96582
-2.97168
-2.97852
-2.98511
-2.99268
-3.0022
-3.00977
-3.01465
-3.01611
-3.01782
-3.02368
-3.03564
-3.05298
-3.07422
-3.10205
-3.13501
-3.16748
-3.19946
-3.22974
-3.25879
-3.2854
-3.30908
-3.32739
-3.34058
-3.35034
-3.35547
-3.35132
-3.3418
-3.33105
-3.31689
-3.29663
-3.27075
-3.23975
-3.20435
-3.16846
-3.1311
-3.0918
-3.05298
-3.01709
-2.98218
-2.95117
-2.92578
-2.90747
-2.89453
-2.88354
-2.87183
-2.85693
-2.83862
-2.82275
-2.80981
-2.80103
-2.7959
-2.80005
-2.81836
-2.84937
-2.88843
-2.92969
-2.97046
-3.00854
-3.04785
-3.08813
-3.125
-3.15405
-3.17773
-3.19604
-3.21387
-3.22949
-3.2439
-3.2561
-3.2688
-3.28149
-3.29297
-3.30029
-3.30371
-3.30225
-3.29785
-3.28857
-3.2771
-3.26367
-3.24756
-3.23682
-3.21436
-3.19995
-3.1853
-3.16748
-3.14893
-3.13037
-3.11084
-3.09351
-3.07446
-3.05078
-3.02441
-2.99683
-2.96777
-2.9375
