0.998307
0.998312
0.998312
0.998312
0.998312
0.998312
0.998312
0.998312
0.998312
0.998311
0.998311
0.998311
0.998311
0.998311
0.99831
0.99831
0.99831
0.998309
0.998309
0.998308
0.998307
0.998307
0.998306
0.998305
0.998304
0.998303
0.998303
0.998302
0.998301
0.9983
0.9983
0.998299
0.998298
0.998298
0.998297
0.998296
0.998295
0.998294
0.998294
0.998293
0.998292
0.998291
0.99829
0.998289
0.998288
0.998287
0.998285
0.998284
0.998283
0.998282
0.99828
0.998279
0.998279
0.998278
0.998277
0.998276
0.998275
0.998274
0.998273
0.998272
0.998271
0.998269
0.998267
0.998266
0.998265
0.998263
0.998262
0.99826
0.998259
0.998257
0.998256
0.998256
0.998256
0.998255
0.998255
0.998254
0.998253
0.998251
0.99825
0.998249
0.998248
0.998247
0.998246
0.998245
0.998244
0.998242
0.998242
0.99824
0.998239
0.998237
0.998236
0.998235
0.998234
0.998232
0.998231
0.998229
0.998228
0.998227
0.998226
0.998226
0.998225
0.998224
0.998223
0.998222
0.998221
0.99822
0.998219
0.998218
0.998217
0.998216
0.998215
0.998213
0.998212
0.998211
0.99821
0.998208
0.998207
0.998206
0.998204
0.998203
0.998202
0.998201
0.9982
0.998198
0.998197
0.998195
0.998193
0.998191
0.99819
0.998188
0.998186
0.998184
0.998183
0.998182
0.99818
0.998179
0.998178
0.998175
0.998174
0.998173
0.998171
0.998169
0.998166
0.998164
0.998162
0.998159
0.998157
0.998155
0.998152
0.998151
0.998149
0.998148
0.998147
0.998145
0.998144
0.998143
0.998141
0.99814
0.998139
0.998138
0.998137
0.998135
0.998135
0.998135
0.998135
0.998135
0.998134
0.998134
0.998133
0.998133
0.998133
0.998132
0.99813
0.998128
0.998126
0.998122
0.99812
0.998116
0.998115
0.998113
0.998112
0.998112
0.99811
0.998109
0.998107
0.998107
0.998105
0.998105
0.998103
0.998103
0.998102
0.9981
0.998099
0.998098
0.998096
0.998094
0.998092
0.998091
0.99809
0.998089
0.998088
0.998088
0.998089
0.998091
0.998093
0.998095
0.998095
0.998096
0.998096
0.998097
0.998097
0.998096
0.998096
0.998095
0.998095
0.998095
0.998095
0.998095
0.998095
0.998094
0.998094
0.998094
0.998093
0.998093
0.998093
0.998091
0.998091
0.99809
0.998089
0.998089
0.998089
0.998088
0.998088
0.998088
0.998089
0.998089
0.99809
0.99809
0.998091
0.998093
0.998094
0.998094
0.998095
0.998095
0.998095
0.998094
0.998093
0.998091
0.99809
0.998089
0.998089
0.998089
0.998089
0.998089
0.99809
0.99809
0.998089
0.998089
0.998089
0.998088
0.998087
0.998085
0.998084
0.998082
0.998081
0.99808
0.998079
0.998078
0.998077
0.998077
0.998076
0.998076
0.998076
0.998076
0.998076
0.998076
0.998076
0.998077
0.998076
0.998076
0.998076
0.998076
0.998075
0.998074
0.998073
0.998073
0.998073
0.998072
0.998072
0.998072
0.998072
0.998073
0.998073
0.998072
0.998072
0.998073
0.998072
0.998072
0.998073
0.998074
0.998075
0.998075
0.998076
0.998077
0.998077
0.998077
0.998076
0.998074
0.998074
0.998074
0.998073
0.998073
0.998073
0.998071
0.99807
0.998069
0.998067
0.998067
0.998066
0.998065
0.998065
0.998064
0.998064
0.998064
0.998064
0.998063
0.998063
0.998063
0.998063
0.998063
0.998062
0.998062
0.998061
0.998059
0.998058
0.998058
0.998057
0.998057
0.998056
0.998056
0.998055
0.998055
0.998054
0.998053
0.998051
0.998049
0.998048
0.998046
0.998045
0.998044
0.998042
0.998041
0.99804
0.998039
0.998038
0.998037
0.998035
0.998033
0.99803
0.998029
0.998029
0.998028
0.998027
0.998027
0.998027
0.998026
0.998026
0.998026
0.998024
0.998022
0.99802
0.998019
0.998018
0.998018
0.998017
0.998017
0.998015
0.998013
0.998011
0.998011
0.99801
0.99801
0.99801
0.998011
0.998011
0.998012
0.998013
0.998014
0.998015
0.998014
0.998015
0.998015
0.998014
0.998014
0.998015
0.998016
0.998017
0.998018
0.998019
0.998019
0.99802
0.99802
0.99802
0.998019
0.998019
0.99802
0.998019
0.998018
0.998016
0.998015
0.998015
0.998014
0.998012
0.998012
0.998011
0.99801
0.998009
0.998008
0.998007
0.998004
0.998003
0.998001
0.998001
0.998
0.997999
0.997998
0.997998
0.997997
0.997997
0.997997
0.997997
0.997997
0.997996
0.997995
0.997994
0.997993
0.997992
0.997992
0.99799
0.99799
0.99799
0.997989
0.997988
0.997988
0.997987
0.997987
0.997986
0.997985
0.997984
0.997982
0.997981
0.997981
0.997981
0.99798
0.99798
0.997979
0.997978
0.997978
0.997978
0.997977
0.997975
0.997974
0.997974
0.997973
0.997972
0.99797
0.99797
0.99797
0.99797
0.99797
0.997969
0.997969
0.997968
0.997967
0.997966
0.997965
0.997963
0.997962
0.99796
0.997958
0.997957
0.997956
0.997955
0.997954
0.997954
0.997955
0.997954
0.997954
0.997952
0.997953
0.997953
0.997952
0.997953
0.997953
0.997953
0.997952
0.997952
0.997951
0.997949
0.997949
0.997948
0.997946
0.997945
0.997945
0.997945
0.997944
0.997944
0.997943
0.997943
0.997942
0.997942
0.997942
0.997941
0.99794
0.997939
0.997938
0.997937
0.997937
0.997935
0.997935
0.997932
0.997931
0.997931
0.99793
0.99793
0.997929
0.997928
0.997927
0.997927
0.997926
0.997925
0.997926
0.997926
0.997926
0.997926
0.997925
0.997925
0.997925
0.997924
0.997923
0.997924
0.997923
0.997921
0.99792
0.997919
0.997918
0.997917
0.997914
0.997914
0.997913
0.997912
0.997912
0.997912
0.99791
0.99791
0.997909
0.997908
0.997909
0.997909
0.997909
0.997908
0.997907
0.997907
0.997906
0.997905
0.997905
0.997904
0.997903
0.997902
0.997901
0.9979
0.9979
0.9979
0.997898
0.997897
0.997896
0.997894
0.997893
0.997891
0.997889
0.997889
0.997887
0.997887
0.997886
0.997884
0.997882
0.997882
0.997881
0.997881
0.997882
0.997881
0.99788
0.99788
0.99788
0.997879
0.997879
0.997878
0.997877
0.997876
0.997874
0.997872
0.997873
0.997873
0.997872
0.997873
0.997873
0.997873
0.997873
0.997873
0.997872
0.997872
0.997871
0.997871
0.997872
0.997873
0.997874
0.997875
0.997875
0.997877
0.997878
0.99788
0.997882
0.997884
0.997884
0.997885
0.997885
0.997886
0.997889
0.997891
0.997893
0.997895
0.997897
0.997897
0.997898
0.997898
0.997898
0.997898
0.997897
0.997896
0.997895
0.997896
0.997898
0.997901
0.997902
0.997903
0.997906
0.997908
0.997911
0.997913
0.997915
0.997917
0.997919
0.997921
0.997923
0.997927
0.99793
0.997934
0.997938
0.997941
0.997943
0.997945
0.997947
0.997949
0.997951
0.997951
0.997951
0.997952
0.997951
0.997952
0.997953
0.997954
0.997955
0.997956
0.997957
0.997958
0.997958
0.997959
0.997961
0.997962
0.997964
0.997966
0.997966
0.997968
0.99797
0.997972
0.997974
0.997977
0.997978
0.997978
0.997978
0.997978
0.997979
0.997982
0.997985
0.997987
0.997989
0.997991
0.997992
0.997993
0.997994
0.997994
0.997994
0.997995
0.997997
0.997999
0.998
0.998001
0.998002
0.998002
0.998003
0.998003
0.998004
0.998005
0.998005
0.998004
0.998002
0.998
0.997996
0.997994
0.997992
0.99799
0.997987
0.997995
0.998
0.998002
0.998007
0.998012
0.998017
0.99802
0.998022
0.998026
0.99803
0.998034
0.998039
0.998046
0.998052
0.998059
0.998066
0.998072
0.998077
0.998081
0.998081
0.998084
0.998087
0.998089
0.99809
0.998092
0.998092
0.998092
0.998091
0.998092
0.99809
0.998091
0.998091
0.998089
0.99809
0.998098
0.998103
0.998109
0.998114
0.998116
0.998117
0.99811
0.998109
0.998115
0.998126
0.998134
0.99814
0.998143
0.998143
0.998143
0.998142
0.998142
0.998143
0.998144
0.998143
0.998139
0.998133
0.998127
0.998122
0.998115
0.998109
0.998101
0.99809
0.998074
0.998053
0.998028
0.997999
0.997963
0.997922
0.997876
0.997824
0.997765
0.997698
0.997624
0.997542
0.997453
0.997358
0.99726
0.997157
0.997053
0.996947
0.996839
0.996727
0.996608
0.996483
0.996346
0.996196
0.996024
0.995838
0.995635
0.995417
0.995187
0.994957
0.994714
0.994468
0.994216
0.993966
0.993686
0.99341
0.993136
0.992855
0.992579
0.992297
0.992011
0.991711
0.991399
0.99107
0.990733
0.990375
0.990007
0.989621
0.989218
0.988806
0.988365
0.987906
0.987418
0.986898
0.986331
0.985719
0.985071
0.984352
0.983636
0.982915
0.982167
0.981399
0.980608
0.9798
0.978993
0.978179
0.977356
0.976512
0.975643
0.974738
0.973804
0.972859
0.971893
0.970907
0.969911
0.968918
0.96791
0.966922
0.965945
0.964948
0.963889
0.96277
0.961558
0.960262
0.95888
0.957425
0.955921
0.954356
0.952788
0.951221
0.949645
0.948068
0.946485
0.944902
0.943292
0.941646
0.939938
0.938182
0.936368
0.934508
0.932607
0.930688
0.928792
0.926938
0.925109
0.923318
0.921572
0.919856
0.91819
0.916566
0.914949
0.913332
0.911706
0.910062
0.908401
0.906739
0.905064
0.903387
0.901723
0.900062
0.898428
0.896828
0.895275
0.893685
0.891991
0.890174
0.888238
0.88621
0.884096
0.881918
0.879663
0.877358
0.875035
0.87271
0.870384
0.868018
0.865612
0.863175
0.860643
0.858051
0.85539
0.852733
0.8501
0.847542
0.845073
0.842734
0.840466
0.838191
0.835882
0.833511
0.831111
0.82868
0.826246
0.82381
0.821452
0.818913
0.816449
0.814006
0.811623
0.809284
0.806945
0.804649
0.802377
0.80013
0.79787
0.795603
0.793313
0.791057
0.788904
0.786815
0.784824
0.78291
0.781039
0.779179
0.77731
0.775442
0.773567
0.771662
0.769735
0.767789
0.765798
0.763783
0.761948
0.759822
0.757679
0.755445
0.753084
0.750676
0.748191
0.745677
0.743218
0.740844
0.738522
0.736287
0.734181
0.732142
0.730153
0.728156
0.726109
0.723972
0.721711
0.719371
0.716931
0.714508
0.71213
0.709857
0.707708
0.705712
0.703917
0.702278
0.700758
0.699282
0.697793
0.696252
0.694679
0.69305
0.69141
0.689781
0.688187
0.686619
0.685017
0.683423
0.681861
0.680324
0.678806
0.67732
0.675868
0.674484
0.673247
0.672161
0.671262
0.670481
0.669765
0.669102
0.668454
0.667796
0.667071
0.666311
0.665526
0.664785
0.664102
0.663449
0.662788
0.662174
0.661538
0.660872
0.660182
0.659485
0.658746
0.657999
0.657274
0.656609
0.656003
0.655463
0.654965
0.654506
0.654047
0.653606
0.653167
0.652698
0.652172
0.651605
0.651035
0.650492
0.650017
0.649608
0.649226
0.648883
0.648562
0.648286
0.648009
0.647742
0.647524
0.647284
0.647102
0.646942
0.646857
0.646837
0.646865
0.646954
0.647033
0.646975
0.646882
0.646776
0.646672
0.646571
0.646493
0.6464
0.64628
0.646137
0.645983
0.645813
0.645664
0.645572
0.6455
0.64548
0.64551
0.645574
0.645637
0.645717
0.6458
0.645917
0.646054
0.646206
0.646362
0.646515
0.646665
0.646833
0.647028
0.647195
0.647328
0.647456
0.647604
0.647799
0.647989
0.648171
0.648363
0.64857
0.648803
0.649051
0.64935
0.649675
0.650002
0.650327
0.650626
0.650922
0.651182
0.651428
0.651644
0.651838
0.652005
0.652183
0.652377
0.652587
0.652814
0.653038
0.653285
0.653528
0.653776
0.654035
0.654325
0.654656
0.654983
0.655343
0.655697
0.656043
0.656376
0.656717
0.657071
0.657454
0.657821
0.658205
0.658548
0.658839
0.659095
0.659318
0.659524
0.659747
0.659982
0.660262
0.660606
0.661001
0.661424
0.661815
0.662169
0.662475
0.66276
0.663013
0.663267
0.663518
0.663795
0.664065
0.664322
0.664595
0.664887
0.665182
0.665474
0.665763
0.666036
0.666305
0.666561
0.666809
0.667084
0.667364
0.667633
0.667905
0.668154
0.668379
0.668565
0.66871
0.668863
0.66902
0.669166
0.669317
0.669461
0.669628
0.669808
0.669956
0.670126
0.670282
0.670401
0.670501
0.670575
0.670645
0.670741
0.670854
0.670988
0.671123
0.671268
0.671405
0.671522
0.671641
0.671748
0.67185
0.671956
0.672042
0.672122
0.672234
0.672339
0.672442
0.672558
0.672687
0.672813
0.672909
0.672986
0.67304
0.673118
0.673213
0.673333
0.673475
0.673596
0.67371
0.67382
0.673921
0.674025
0.674152
0.674278
0.674409
0.67454
0.674665
0.674807
0.674908
0.674997
0.675065
0.675135
0.675188
0.675227
0.675242
0.675243
0.675213
0.675172
0.675138
0.675113
0.675089
0.675068
0.6751
0.675153
0.675209
0.675246
0.675289
0.675352
0.675432
0.675539
0.675652
0.675791
0.675938
0.676093
0.676249
0.676388
0.676527
0.676656
0.676786
0.676902
0.676988
0.677059
0.677135
0.677247
0.677365
0.677501
0.677637
0.67777
0.677914
0.678021
0.67812
0.678197
0.67827
0.678332
0.678376
0.67841
0.678437
0.678462
0.678492
0.678534
0.67859
0.678671
0.678758
0.678825
0.678895
0.678946
0.679026
0.679126
0.679216
0.67929
0.679366
0.679451
0.679549
0.679675
0.679786
0.679897
0.68
0.680086
0.680161
0.680235
0.68032
0.680399
0.680518
0.680659
0.680788
0.680912
0.681004
0.681077
0.681135
0.681179
0.681223
0.681278
0.681346
0.681437
0.68152
0.681612
0.68171
0.68179
0.68185
0.681912
0.68199
0.682062
0.682155
0.682275
0.682385
0.682507
0.682642
0.682764
0.682905
0.683017
0.683117
0.683209
0.683308
0.683369
0.683431
0.683477
0.683521
0.683571
0.683617
0.68368
0.683738
0.683798
0.683863
0.683958
0.684068
0.684176
0.6843
0.684419
0.684518
0.684605
0.684665
0.684739
0.684815
0.684885
0.684954
0.685037
0.68511
0.685212
0.685312
0.685411
0.685484
0.685584
0.685681
0.685781
0.685886
0.686001
0.686109
0.686237
0.686379
0.686523
0.686638
0.68675
0.686869
0.687012
0.687149
0.687266
0.687377
0.687477
0.687572
0.687648
0.687689
0.687723
0.687775
0.687843
0.687901
0.687945
0.687984
0.688
0.688042
0.688063
0.688068
0.688093
0.688115
0.688174
0.688233
0.688322
0.688456
0.688614
0.68879
0.688981
0.689197
0.689409
0.68963
0.689831
0.690028
0.690249
0.690453
0.690684
0.690959
0.691255
0.691553
0.691849
0.692176
0.692526
0.692923
0.693355
0.693804
0.694284
0.694823
0.695419
0.696044
0.696706
0.697398
0.698135
0.698876
0.699619
0.700363
0.701113
0.701865
0.702617
0.703404
0.704226
0.705103
0.705991
0.706883
0.707783
0.708707
0.709628
0.710545
0.711493
0.712455
0.713433
0.714432
0.71544
0.71649
0.71761
0.718792
0.720049
0.72135
0.72271
0.724106
0.725556
0.727039
0.728552
0.730109
0.731778
0.733532
0.735349
0.737086
0.738787
0.74051
0.742342
0.744273
0.746226
0.748186
0.75016
0.752185
0.754252
0.756379
0.758562
0.76071
0.762879
0.765113
0.767273
0.769279
0.771157
0.772942
0.774618
0.776244
0.777814
0.779361
0.780903
0.782398
0.783877
0.785304
0.786703
0.78807
0.789401
0.790734
0.792046
0.793412
0.794809
0.796273
0.797768
0.799291
0.800882
0.802524
0.804236
0.806013
0.807846
0.809758
0.81172
0.813721
0.815795
0.81791
0.820081
0.82234
0.824705
0.827115
0.829635
0.832232
0.834975
0.837816
0.840767
0.843803
0.846984
0.85019
0.853425
0.856659
0.859884
0.863053
0.86618
0.86926
0.872276
0.875286
0.878193
0.881081
0.883867
0.886658
0.889425
0.892153
0.894898
0.89757
0.900268
0.902983
0.905723
0.908437
0.911167
0.913916
0.916692
0.919477
0.922245
0.925003
0.927731
0.930435
0.933106
0.935745
0.938371
0.940974
0.943551
0.946095
0.948605
0.951065
0.953435
0.955763
0.958003
0.960184
0.962268
0.964262
0.966149
0.967947
0.969648
0.971255
0.972803
0.974306
0.975761
0.977168
0.978554
0.979906
0.981231
0.982532
0.983827
0.985108
0.986393
0.987641
0.988841
0.989989
0.991053
0.992035
0.992924
0.993714
0.994411
0.994993
0.995445
0.995777
0.996002
0.996134
0.996174
0.996121
0.995991
0.995766
0.995434
0.994986
0.994427
0.993762
0.992997
0.992135
0.991184
0.990145
0.989024
0.987787
0.986459
0.985023
0.983464
0.981775
0.979938
0.977944
0.975807
0.973528
0.971116
0.968604
0.966005
0.963326
0.960571
0.957793
0.955054
0.952386
0.949765
0.947167
0.944526
0.941863
0.939191
0.936519
0.93385
0.931158
0.928411
0.925618
0.922748
0.919853
0.916922
0.913927
0.910878
0.907768
0.904555
0.901216
0.897685
0.893971
0.890112
0.886162
0.88214
0.878173
0.874301
0.870505
0.866799
0.863222
0.859828
0.856727
0.853952
0.85145
0.84917
0.847095
0.845182
0.843352
0.841585
0.839792
0.837942
0.836053
0.834248
0.832487
0.830735
0.828916
0.827034
0.825092
0.823105
0.821147
0.819252
0.817393
0.815575
0.813709
0.811877
0.810081
0.80839
0.806824
0.805422
0.804192
0.80307
0.802016
0.801005
0.800011
0.798961
0.797862
0.796677
0.795395
0.794006
0.792592
0.791173
0.789743
0.78823
0.786602
0.784903
0.783179
0.78148
0.779812
0.7782
0.776686
0.775266
0.773947
0.772736
0.771641
0.770582
0.769542
0.768443
0.767264
0.766034
0.764696
0.763251
0.761735
0.760242
0.758793
0.75743
0.756157
0.754975
0.753844
0.752702
0.751435
0.750013
0.748422
0.746672
0.744848
0.743045
0.741274
0.739552
0.737903
0.73634
0.734872
0.733552
0.732388
0.731374
0.730433
0.729503
0.728531
0.727511
0.726397
0.725132
0.723718
0.722186
0.720599
0.718997
0.717386
0.715771
0.714165
0.712571
0.710977
0.709368
0.707689
0.705945
0.704138
0.702368
0.700701
0.699148
0.697721
0.696412
0.695188
0.693995
0.692764
0.691405
0.689963
0.68846
0.68691
0.685397
0.684014
0.68275
0.681606
0.680558
0.679623
0.678795
0.678091
0.677459
0.676871
0.676317
0.675792
0.675273
0.674727
0.674162
0.67355
0.67295
0.672334
0.671745
0.671181
0.670598
0.669952
0.669182
0.668313
0.667331
0.666323
0.665355
0.664435
0.663571
0.662801
0.662174
0.661641
0.661174
0.660758
0.660417
0.660139
0.659935
0.659797
0.659701
0.659633
0.659605
0.659555
0.659475
0.659376
0.659281
0.659251
0.659274
0.659391
0.659517
0.65967
0.659788
0.659814
0.659789
0.659725
0.659692
0.659676
0.659723
0.659864
0.660103
0.660435
0.660861
0.661331
0.661857
0.662404
0.662943
0.663464
0.663908
0.664263
0.664477
0.664588
0.664676
0.664752
0.664824
0.664889
0.664932
0.66497
0.66498
0.664984
0.664968
0.664933
0.664894
0.664906
0.664952
0.665069
0.665211
0.665383
0.665567
0.665788
0.66606
0.666416
0.666778
0.667134
0.667489
0.667845
0.668222
0.668597
0.668965
0.669358
0.669769
0.67014
0.670404
0.670571
0.670723
0.67089
0.671092
0.67132
0.671569
0.671809
0.672048
0.672314
0.672554
0.672791
0.673011
0.673221
0.673435
0.673664
0.673933
0.674207
0.674422
0.674601
0.674734
0.674881
0.675028
0.675183
0.675366
0.675567
0.67578
0.676034
0.676347
0.6767
0.677077
0.677431
0.677742
0.678015
0.678272
0.678505
0.678721
0.678944
0.679172
0.679416
0.67967
0.67993
0.680186
0.680416
0.680642
0.680857
0.681068
0.681256
0.681429
0.681611
0.681795
0.681956
0.682083
0.682182
0.682256
0.682308
0.682394
0.682512
0.682654
0.682795
0.682939
0.683052
0.68313
0.683191
0.683263
0.683341
0.683435
0.683556
0.683714
0.683886
0.684052
0.684197
0.684337
0.684504
0.684642
0.684719
0.684722
0.684694
0.684656
0.684648
0.684659
0.684762
0.684929
0.685124
0.685328
0.685549
0.685795
0.686093
0.686387
0.686637
0.686858
0.687033
0.687177
0.687292
0.687397
0.68749
0.687599
0.68772
0.687865
0.688001
0.688134
0.688245
0.688357
0.688449
0.688517
0.688583
0.688657
0.688734
0.68882
0.68893
0.689066
0.689228
0.689417
0.689642
0.689906
0.690169
0.690435
0.69065
0.690798
0.690903
0.691017
0.691167
0.691357
0.691563
0.691757
0.691916
0.692072
0.692219
0.692338
0.692433
0.692501
0.69257
0.692622
0.692688
0.692716
0.692734
0.692761
0.692814
0.692864
0.692917
0.692996
0.693083
0.693226
0.69339
0.693608
0.693832
0.69403
0.694247
0.694468
0.694698
0.694929
0.69511
0.695285
0.695453
0.695635
0.695819
0.696
0.696128
0.696216
0.6963
0.696397
0.696531
0.696652
0.696782
0.696913
0.697048
0.697178
0.697303
0.697433
0.697575
0.69775
0.697983
0.69826
0.698565
0.698864
0.699145
0.699373
0.699576
0.699754
0.699932
0.700078
0.7002
0.700346
0.700557
0.700791
0.701067
0.701339
0.701551
0.701719
0.701854
0.701981
0.702101
0.702247
0.702402
0.70258
0.702748
0.702968
0.703221
0.703482
0.703752
0.704002
0.70421
0.7044
0.704565
0.704723
0.704883
0.705052
0.705235
0.70542
0.70561
0.705801
0.705996
0.706216
0.706455
0.706698
0.706938
0.70714
0.707357
0.707555
0.707763
0.707976
0.708156
0.708274
0.708314
0.708328
0.70837
0.708417
0.708509
0.708579
0.708651
0.708652
0.708609
0.708562
0.708536
0.708534
0.708559
0.708599
0.708658
0.708682
0.708683
0.708691
0.708671
0.70861
0.708533
0.708467
0.708417
0.708399
0.708404
0.708436
0.708524
0.708654
0.708829
0.709061
0.709323
0.709594
0.70989
0.7102
0.710523
0.71085
0.711204
0.711538
0.711869
0.712198
0.712527
0.712873
0.713232
0.71357
0.713894
0.714194
0.714498
0.71483
0.71519
0.715643
0.716152
0.71668
0.71717
0.717642
0.718107
0.718596
0.719153
0.719765
0.720439
0.721179
0.721959
0.722809
0.723707
0.724645
0.72559
0.726508
0.727394
0.728258
0.729119
0.730031
0.731024
0.732145
0.733356
0.734631
0.735956
0.737289
0.738626
0.73991
0.741106
0.742201
0.743266
0.744327
0.7454
0.746501
0.747629
0.748771
0.749922
0.75105
0.752158
0.753246
0.754335
0.755425
0.756513
0.757638
0.758794
0.759925
0.761059
0.762187
0.763313
0.764453
0.765637
0.766874
0.768176
0.769567
0.771063
0.772668
0.774377
0.776217
0.777936
0.779538
0.781205
0.782989
0.784861
0.786798
0.78878
0.790793
0.792819
0.794835
0.796878
0.79894
0.801017
0.803125
0.805211
0.807237
0.809262
0.811332
0.813505
0.815735
0.817968
0.820192
0.822393
0.824552
0.82671
0.828887
0.831123
0.83345
0.835892
0.838446
0.841148
0.843949
0.846795
0.849671
0.85259
0.855587
0.858623
0.861655
0.864678
0.867695
0.87076
0.873872
0.876982
0.880089
0.883206
0.886355
0.889543
0.892741
0.895954
0.899189
0.902403
0.905572
0.908685
0.911741
0.914734
0.917648
0.920434
0.923053
0.925488
0.927767
0.929931
0.932029
0.934087
0.936106
0.938082
0.939935
0.941654
0.943208
0.944591
0.945815
0.946925
0.947953
0.948949
0.949931
0.950907
0.951906
0.952922
0.953967
0.955033
0.956089
0.957117
0.958118
0.959098
0.960074
0.961063
0.962061
0.96308
0.964101
0.965093
0.966046
0.966936
0.967738
0.968466
0.969181
0.969893
0.970593
0.971279
0.971937
0.972609
0.973315
0.974013
0.974678
0.975304
0.975901
0.976513
0.977078
0.977608
0.978126
0.978649
0.979156
0.979664
0.980168
0.980667
0.981151
0.981643
0.982134
0.98264
0.983166
0.983712
0.984276
0.984832
0.985386
0.985904
0.986387
0.986817
0.987211
0.987581
0.987938
0.988274
0.988592
0.988882
0.989158
0.989412
0.989653
0.989878
0.990117
0.990363
0.990621
0.990885
0.991163
0.991455
0.991751
0.992045
0.992339
0.992628
0.99291
0.993171
0.993412
0.993628
0.993824
0.994002
0.994159
0.994302
0.99443
0.994542
0.994643
0.994732
0.994813
0.994878
0.994927
0.994966
0.994996
0.995022
0.995045
0.995067
0.995089
0.995115
0.995143
0.995175
0.995207
0.995242
0.995278
0.995314
0.995351
0.995391
0.99543
0.995466
0.995499
0.995533
0.995566
0.995597
0.995625
0.995656
0.995689
0.995725
0.995764
0.9958
0.995831
0.995858
0.995881
0.995898
0.99591
0.995916
0.99592
0.995918
0.99591
0.995899
0.995886
0.995873
0.99586
0.995852
0.99585
0.995853
0.995856
0.99586
0.995865
0.995868
0.995873
0.995877
0.99588
0.99588
0.995877
0.99587
0.995865
0.99586
0.995853
0.995847
0.99584
0.995836
0.995831
0.995825
0.995816
0.995809
0.995799
0.995789
0.995777
0.995763
0.995745
0.995729
0.995713
0.9957
0.995689
0.995678
0.995669
0.995661
0.995654
0.995647
0.995642
0.995634
0.995631
0.995627
0.995628
0.995631
0.995637
0.995642
0.995642
0.99564
0.995641
0.995641
0.995645
0.995646
0.995641
0.995637
0.995632
0.995627
0.995623
0.995621
0.995617
0.995612
0.995606
0.995602
0.995595
0.995588
0.995581
0.995576
0.995571
0.995572
0.995571
0.995574
0.995575
0.995577
0.995576
0.995571
0.995573
0.995572
0.995576
0.99558
0.995583
0.995584
0.995584
0.995583
0.995575
0.995569
0.995563
0.995555
0.995549
0.99554
0.995527
0.995514
0.995498
0.995481
0.995466
0.995453
0.995438
0.995426
0.995413
0.995402
0.995392
0.995383
0.995376
0.995368
0.995356
0.995347
0.995338
0.995329
0.995325
0.99532
0.995319
0.995315
0.99531
0.995303
0.995298
0.99529
0.995282
0.995276
0.995265
0.995252
0.99524
0.995228
0.995215
0.995202
0.995188
0.995176
0.995166
0.995156
0.995143
0.995131
0.995118
0.995107
0.995093
0.995082
0.99507
0.995061
0.995055
0.995052
0.995048
0.995047
0.995045
0.995041
0.995042
0.995038
0.995035
0.995032
0.995031
0.995033
0.995036
0.995038
0.995042
0.995044
0.995046
0.995048
0.995043
0.99504
0.995035
0.995034
0.995032
0.995029
0.995027
0.995023
0.99502
0.995019
0.995017
0.995019
0.995022
0.995025
0.995029
0.995036
0.995045
0.995055
0.995063
0.995073
0.995081
0.995086
0.995087
0.995089
0.995089
0.995084
0.995081
0.995082
0.995082
0.995087
0.995093
0.995098
0.995102
0.995108
0.995114
0.995122
0.99513
0.99514
0.995149
0.995153
0.995156
0.99516
0.995167
0.99517
0.995173
0.995177
0.995182
0.995185
0.995187
0.995191
0.995196
0.995199
0.995206
0.995211
0.995217
0.995223
0.995227
0.99523
0.995236
0.99524
0.995241
0.995243
0.99524
0.99524
0.99524
0.995244
0.995247
0.995252
0.995258
0.995262
0.995269
0.995278
0.995288
0.995296
0.995303
0.995306
0.99531
0.995314
0.995321
0.995328
0.995338
0.995348
0.995355
0.995358
0.99536
0.995363
0.995359
0.995359
0.995358
0.995355
0.995352
0.99535
0.995349
0.995347
0.995348
0.995351
0.995354
0.995355
0.995362
0.995367
0.995372
0.995381
0.995388
0.995395
0.995399
0.995406
0.995413
0.995415
0.995425
0.995436
0.995447
0.995457
0.995465
0.995472
0.995482
0.995492
0.995506
0.995519
0.995533
0.995544
0.995554
0.995564
0.995572
0.995581
0.995588
0.995596
0.995604
0.99561
0.995616
0.995624
0.995633
0.995644
0.995658
0.995671
0.995686
0.9957
0.995715
0.995729
0.995743
0.995755
0.995766
0.995779
0.99579
0.995801
0.995805
0.995813
0.995814
0.995812
0.995809
0.995806
0.995802
0.995797
0.995791
0.995788
0.995787
0.995786
0.995789
0.995795
0.9958
0.99581
0.995821
0.99583
0.995836
0.995842
0.995844
0.995841
0.99583
0.995817
0.995808
0.995799
0.995792
0.995784
0.995776
0.995769
0.995759
0.995749
0.995733
0.99571
0.99569
0.995669
0.995654
0.995641
0.995636
0.995629
0.995626
0.995624
0.995619
0.995615
0.995614
0.995617
0.995613
0.99561
0.995608
0.9956
0.995595
0.995585
0.99557
0.995549
0.995524
0.995492
0.995459
0.995423
0.995389
0.995365
0.995344
0.995327
0.995309
0.995291
0.995271
0.99524
0.995196
0.995145
0.995079
0.994999
0.994911
0.994813
0.994696
0.994562
0.994412
0.994249
0.994079
0.993907
0.993719
0.993568
0.9934
0.993221
0.993012
0.992806
0.992608
0.992403
0.992178
0.991934
0.991674
0.991389
0.991078
0.990745
0.990368
0.989969
0.989554
0.989136
0.988721
0.988291
0.987853
0.987386
0.986903
0.986429
0.98595
0.985476
0.985005
0.984532
0.984051
0.983555
0.983025
0.982476
0.981933
0.98136
0.980775
0.980185
0.979552
0.978893
0.978203
0.97747
0.976675
0.975834
0.974962
0.974046
0.973093
0.972136
0.971177
0.970197
0.969218
0.968216
0.967218
0.966219
0.965245
0.964218
0.963154
0.962054
0.960937
0.959754
0.958596
0.957461
0.956331
0.955156
0.954007
0.952848
0.951651
0.950467
0.949285
0.94807
0.946833
0.945579
0.944335
0.94308
0.941853
0.940654
0.939436
0.938221
0.936991
0.93577
0.934528
0.933259
0.931974
0.930652
0.929293
0.927926
0.926531
0.925102
0.923641
0.922126
0.920549
0.918941
0.917257
0.915531
0.913795
0.91194
0.91011
0.908248
0.906318
0.904348
0.902325
0.900255
0.898164
0.896014
0.89378
0.891457
0.889062
0.886686
0.884286
0.881862
0.879377
0.876874
0.874337
0.871782
0.869194
0.866556
0.863853
0.861124
0.858327
0.855606
0.852928
0.85031
0.847766
0.845255
0.842764
0.840324
0.837886
0.835453
0.833032
0.83058
0.82814
0.825709
0.823295
0.820853
0.818435
0.815942
0.813369
0.810696
0.80799
0.805183
0.802306
0.799374
0.7965
0.793523
0.790591
0.78762
0.784674
0.781647
0.778558
0.775346
0.772163
0.768994
0.765768
0.762514
0.759281
0.755949
0.752656
0.749575
0.74661
0.743749
0.740979
0.738288
0.735605
0.732891
0.7303
0.727719
0.725215
0.722801
0.72042
0.718149
0.715957
0.713948
0.712085
0.710373
0.708943
0.707543
0.70607
0.704614
0.70323
0.701953
0.70072
0.699512
0.69832
0.697119
0.69586
0.694554
0.69323
0.691904
0.690603
0.689288
0.687977
0.686626
0.6852
0.683771
0.682355
0.680978
0.679622
0.678297
0.677031
0.675795
0.674525
0.673237
0.671926
0.670585
0.669226
0.667847
0.666495
0.665207
0.66399
0.662883
0.66189
0.661033
0.660307
0.659705
0.659285
0.65902
0.658892
0.658876
0.658936
0.659083
0.659302
0.659603
0.659947
0.660337
0.660761
0.661225
0.661713
0.662235
0.66279
0.663373
0.663971
0.664564
0.665133
0.665669
0.666172
0.666633
0.667058
0.667444
0.667775
0.668094
0.668391
0.668649
0.668886
0.669098
0.669309
0.669529
0.669755
0.669953
0.670153
0.670354
0.670589
0.670864
0.671165
0.671488
0.671837
0.672217
0.672633
0.673077
0.673533
0.674016
0.674522
0.675054
0.675591
0.676137
0.676706
0.677288
0.677852
0.678419
0.678977
0.679509
0.679989
0.680462
0.680885
0.681248
0.681549
0.681766
0.681936
0.682053
0.682148
0.682227
0.682286
0.682369
0.682464
0.682614
0.682831
0.683107
0.683438
0.683803
0.68421
0.684635
0.685062
0.685505
0.685973
0.686428
0.686869
0.687274
0.687631
0.68796
0.688222
0.688447
0.688652
0.688816
0.688982
0.689134
0.689287
0.689456
0.689628
0.689838
0.690084
0.690342
0.690639
0.690947
0.691256
0.691568
0.691869
0.692189
0.692492
0.692801
0.693124
0.693431
0.693694
0.693928
0.694123
0.694277
0.694403
0.694495
0.694573
0.694626
0.694661
0.694693
0.69471
0.694785
0.694894
0.695011
0.695156
0.69527
0.695431
0.695584
0.695723
0.695859
0.695992
0.696103
0.696217
0.696336
0.696461
0.696615
0.696755
0.696918
0.697071
0.697209
0.697324
0.697423
0.697523
0.697613
0.697714
0.697824
0.697959
0.698086
0.698224
0.698377
0.698541
0.698697
0.698852
0.698999
0.699129
0.699262
0.699377
0.699496
0.699604
0.699697
0.699798
0.699893
0.699981
0.70006
0.700115
0.700146
0.700171
0.700184
0.700188
0.700185
0.700185
0.7002
0.700231
0.700281
0.700348
0.700458
0.700578
0.700709
0.700827
0.700942
0.701061
0.701168
0.701262
0.701373
0.70149
0.701605
0.701726
0.701853
0.701986
0.702076
0.702156
0.702257
0.702343
0.702404
0.702445
0.70249
0.702536
0.702563
0.702586
0.702605
0.70262
0.702656
0.70267
0.702684
0.702677
0.702689
0.702684
0.702681
0.702689
0.7027
0.70271
0.702717
0.702713
0.702714
0.702706
0.702699
0.702694
0.702677
0.702633
0.702574
0.702502
0.702444
0.702404
0.702363
0.702345
0.702335
0.702349
0.702386
0.702486
0.702612
0.702791
0.70301
0.703262
0.703537
0.7038
0.704083
0.704342
0.704573
0.704772
0.704936
0.705061
0.70516
0.70524
0.705317
0.705384
0.705461
0.705529
0.705602
0.70566
0.705697
0.705728
0.705751
0.705766
0.70583
0.705948
0.70608
0.706206
0.706317
0.706392
0.706454
0.706533
0.706637
0.706751
0.7069
0.707047
0.707198
0.707372
0.707558
0.707748
0.707934
0.708094
0.708239
0.708384
0.708527
0.708647
0.708759
0.708866
0.708955
0.709006
0.709057
0.709112
0.70915
0.709181
0.709223
0.709243
0.709267
0.709289
0.709312
0.70935
0.7094
0.709494
0.709621
0.709786
0.709984
0.710218
0.710454
0.710726
0.710996
0.711277
0.711561
0.711817
0.712063
0.712292
0.712528
0.712763
0.712984
0.713207
0.713408
0.713594
0.713768
0.71394
0.7141
0.714235
0.714365
0.714472
0.71456
0.714626
0.714706
0.71478
0.714864
0.714952
0.715048
0.715137
0.715232
0.715331
0.715418
0.715521
0.715638
0.715755
0.715886
0.716046
0.716204
0.716347
0.716466
0.716613
0.716746
0.716893
0.717066
0.717254
0.717478
0.717742
0.718047
0.718384
0.718733
0.719098
0.719509
0.719959
0.720439
0.720982
0.721603
0.722299
0.723066
0.723844
0.724661
0.725517
0.726442
0.727474
0.728658
0.729968
0.73156
0.733393
0.735459
0.73775
0.74021
0.74274
0.745405
0.748159
0.750944
0.753911
0.756994
0.760243
0.763621
0.766984
0.770182
0.773262
0.776093
0.778558
0.780796
0.782873
0.784831
0.786716
0.788607
0.790483
0.792406
0.794421
0.796539
0.798679
0.800823
0.802906
0.804974
0.807048
0.809015
0.810911
0.812784
0.814658
0.816516
0.818355
0.820137
0.821917
0.823702
0.825464
0.827225
0.828945
0.830647
0.832347
0.834017
0.83566
0.837293
0.838891
0.840474
0.842062
0.843684
0.845342
0.84702
0.84872
0.850468
0.852228
0.853988
0.855811
0.857683
0.859597
0.861529
0.863482
0.865408
0.867309
0.86915
0.87096
0.872714
0.874465
0.87634
0.878304
0.880303
0.882312
0.884368
0.886509
0.88879
0.891116
0.893555
0.896136
0.898832
0.901612
0.904526
0.907418
0.910541
0.913536
0.916565
0.919537
0.922577
0.925431
0.92818
0.930862
0.93363
0.936291
0.93889
0.941441
0.943922
0.946431
0.948878
0.951193
0.953412
0.955561
0.957688
0.959816
0.96186
0.963915
0.965942
0.967803
0.969657
0.971461
0.973149
0.974762
0.976295
0.977739
0.979089
0.980402
0.981667
0.982836
0.983938
0.984971
0.985955
0.986894
0.987807
0.988675
0.989487
0.990225
0.990933
0.991599
0.992214
0.99274
0.993171
0.993537
0.993847
0.994095
0.994296
0.994444
0.994554
0.994641
0.994682
0.994656
0.994582
0.99445
0.994269
0.994016
0.993709
0.993354
0.99292
0.992433
0.991882
0.991273
0.990612
0.989891
0.989088
0.988253
0.987374
0.98643
0.985427
0.984382
0.983305
0.982181
0.980996
0.979747
0.978435
0.977064
0.9756
0.974012
0.972386
0.970653
0.968818
0.966858
0.964817
0.962631
0.960404
0.958072
0.955675
0.953196
0.95067
0.948097
0.945448
0.942813
0.940039
0.937232
0.934357
0.931496
0.928577
0.925637
0.922711
0.919818
0.91694
0.91402
0.911088
0.908052
0.904985
0.90192
0.898814
0.89574
0.892605
0.889377
0.886071
0.882757
0.879431
0.876073
0.872695
0.869308
0.865973
0.862563
0.859187
0.855869
0.852568
0.849323
0.846102
0.842932
0.839834
0.836829
0.833762
0.830847
0.827958
0.825121
0.822333
0.819591
0.816868
0.814193
0.811546
0.808887
0.806209
0.803555
0.800867
0.798209
0.795506
0.792805
0.790063
0.787317
0.784564
0.781812
0.779092
0.776362
0.773643
0.770997
0.768466
0.766017
0.763601
0.761252
0.75894
0.756638
0.754385
0.752166
0.749948
0.747796
0.745664
0.743549
0.741461
0.739424
0.73736
0.735311
0.733281
0.731234
0.729173
0.72709
0.725001
0.722942
0.720839
0.718739
0.716642
0.714535
0.712473
0.710462
0.708469
0.706515
0.704584
0.702692
0.700781
0.698936
0.697124
0.695366
0.693586
0.691811
0.690118
0.688474
0.686917
0.685454
0.684082
0.682751
0.681561
0.68045
0.679429
0.678525
0.677677
0.676887
0.676149
0.675437
0.674778
0.674087
0.673397
0.672708
0.672103
0.671548
0.671016
0.670516
0.670044
0.669592
0.669148
0.668739
0.668357
0.668038
0.667743
0.667491
0.667302
0.667148
0.667051
0.666972
0.666907
0.666888
0.666867
0.666884
0.66693
0.667005
0.667098
0.667211
0.667322
0.667439
0.667562
0.667659
0.667772
0.667878
0.668001
0.66812
0.668252
0.668389
0.668518
0.668654
0.668792
0.668933
0.669069
0.669174
0.669259
0.669324
0.66936
0.669389
0.669417
0.669429
0.669466
0.669514
0.669566
0.669643
0.669731
0.669831
0.669945
0.670057
0.670191
0.670356
0.670534
0.670742
0.670949
0.671166
0.671391
0.671627
0.671867
0.672124
0.672397
0.672679
0.672943
0.67322
0.673462
0.673663
0.673808
0.673945
0.674055
0.674155
0.67426
0.674367
0.674458
0.674582
0.674724
0.674899
0.675084
0.675302
0.675536
0.675801
0.676094
0.676386
0.676679
0.676976
0.677273
0.677588
0.67788
0.678184
0.678494
0.6788
0.679119
0.679449
0.679785
0.680147
0.68051
0.680885
0.681268
0.681667
0.682068
0.682522
0.683004
0.683497
0.684027
0.684598
0.685158
0.685719
0.686282
0.686848
0.687425
0.688
0.688567
0.689128
0.689693
0.690226
0.690715
0.691199
0.691642
0.692075
0.692465
0.692806
0.693134
0.693437
0.693712
0.693945
0.694155
0.694347
0.6945
0.694618
0.694711
0.694733
0.694729
0.694698
0.694637
0.694568
0.694472
0.694389
0.694296
0.694226
0.694148
0.694058
0.693988
0.693914
0.693829
0.693771
0.693708
0.693679
0.693652
0.69365
0.693666
0.693694
0.693711
0.693742
0.693791
0.693853
0.693934
0.693999
0.694062
0.694114
0.694135
0.694136
0.69412
0.694089
0.694052
0.693998
0.693935
0.693919
0.6939
0.693882
0.693871
0.693881
0.693894
0.693929
0.69395
0.693999
0.694042
0.694102
0.694181
0.694252
0.694323
0.694378
0.694443
0.694487
0.694519
0.694531
0.694534
0.69454
0.694528
0.694507
0.694483
0.694417
0.694348
0.694255
0.694167
0.694067
0.693986
0.693937
0.693903
0.693906
0.693936
0.694012
0.694144
0.694308
0.694525
0.694758
0.695019
0.695312
0.695607
0.695913
0.696219
0.696531
0.696842
0.69716
0.69746
0.697748
0.698046
0.698348
0.698635
0.698926
0.699196
0.699437
0.699643
0.699834
0.700008
0.700157
0.700276
0.700373
0.700433
0.700499
0.700541
0.700583
0.700611
0.700625
0.700648
0.700691
0.700751
0.700813
0.700874
0.700934
0.701015
0.701086
0.701157
0.701231
0.701293
0.701353
0.701389
0.701428
0.701443
0.701453
0.701464
0.701438
0.701397
0.701358
0.701307
0.701233
0.701137
0.701009
0.700868
0.700715
0.700559
0.700375
0.700168
0.699959
0.699734
0.6995
0.699276
0.699059
0.698877
0.698724
0.698593
0.698481
0.698389
0.698322
0.698272
0.698259
0.69826
0.698289
0.698319
0.698389
0.698469
0.698561
0.698655
0.698752
0.69885
0.69895
0.699038
0.699133
0.69922
0.699292
0.699352
0.699393
0.699416
0.69943
0.699405
0.699385
0.699355
0.699313
0.699249
0.699181
0.699115
0.699037
0.698963
0.698871
0.698776
0.698687
0.698592
0.698516
0.698461
0.698417
0.698376
0.698342
0.698321
0.69831
0.6983
0.698296
0.698289
0.698295
0.698306
0.698346
0.698408
0.698477
0.698585
0.698713
0.698876
0.699067
0.699277
0.699498
0.69977
0.700043
0.700328
0.700636
0.70094
0.701256
0.701586
0.701919
0.702233
0.702547
0.702855
0.703154
0.70342
0.703683
0.70393
0.704154
0.704373
0.704573
0.704763
0.704936
0.705077
0.705177
0.705243
0.70528
0.705292
0.705283
0.705264
0.7052
0.705127
0.705056
0.704987
0.704943
0.70492
0.70493
0.70496
0.705023
0.705111
0.705225
0.705349
0.705516
0.705716
0.705929
0.706199
0.706524
0.706858
0.707245
0.707661
0.708103
0.708593
0.709104
0.709648
0.710226
0.710837
0.711475
0.712132
0.712837
0.713537
0.714339
0.715099
0.715974
0.716915
0.717917
0.719002
0.720171
0.721459
0.722865
0.724418
0.726122
0.728004
0.730072
0.732347
0.73484
0.737575
0.740602
0.743691
0.746923
0.750255
0.753682
0.757156
0.760468
0.763839
0.767341
0.770866
0.774276
0.777912
0.781346
0.784943
0.788566
0.792196
0.795797
0.799497
0.803049
0.806734
0.810324
0.814008
0.81753
0.821045
0.824418
0.82768
0.830891
0.833954
0.836928
0.839676
0.842411
0.844989
0.847434
0.849667
0.851784
0.85387
0.855925
0.857819
0.859684
0.861495
0.863237
0.864945
0.86658
0.868194
0.869747
0.871312
0.872874
0.874379
0.875927
0.877541
0.87912
0.880711
0.882298
0.883895
0.885509
0.887102
0.888626
0.890138
0.89159
0.893042
0.894439
0.895805
0.897138
0.898433
0.899728
0.901006
0.902277
0.903575
0.904868
0.906152
0.907462
0.908783
0.910141
0.911478
0.912811
0.91413
0.915462
0.916787
0.918084
0.919313
0.920659
0.922006
0.923322
0.924653
0.926013
0.927393
0.928811
0.930218
0.93162
0.933014
0.934414
0.935806
0.937199
0.938571
0.939941
0.941257
0.942544
0.943768
0.944953
0.946074
0.947142
0.94818
0.949185
0.950187
0.951151
0.952103
0.953012
0.953901
0.954776
0.955635
0.956483
0.957324
0.958166
0.958986
0.959786
0.960544
0.961258
0.961935
0.962596
0.963233
0.963835
0.964428
0.965028
0.965621
0.966214
0.966812
0.967372
0.967956
0.968535
0.969112
0.969654
0.970205
0.970754
0.971299
0.97184
0.972372
0.972884
0.973397
0.973896
0.974374
0.974819
0.975245
0.975631
0.975968
0.976248
0.976501
0.976723
0.976927
0.977112
0.977299
0.977485
0.977669
0.977858
0.978064
0.978279
0.978522
0.978785
0.979067
0.979366
0.979688
0.98004
0.980409
0.980785
0.98117
0.981567
0.981969
0.982377
0.982785
0.983191
0.983604
0.984019
0.984436
0.984846
0.985254
0.985654
0.986036
0.986412
0.986774
0.987114
0.987444
0.987765
0.98808
0.988387
0.988684
0.988969
0.989252
0.989527
0.9898
0.990069
0.990333
0.990588
0.990835
0.991072
0.991302
0.991517
0.991719
0.991917
0.992106
0.992291
0.992464
0.992629
0.992782
0.99293
0.993067
0.993199
0.993325
0.993442
0.993548
0.993647
0.993737
0.993817
0.993889
0.993952
0.99401
0.994063
0.994107
0.994147
0.994181
0.994211
0.994237
0.994257
0.994273
0.994281
0.994283
0.994282
0.994276
0.99427
0.994267
0.994264
0.994261
0.994264
0.99427
0.99428
0.994294
0.994311
0.994331
0.994353
0.994374
0.994395
0.994412
0.994427
0.994442
0.994448
0.994459
0.994474
0.994491
0.994511
0.994533
0.994558
0.994584
0.994613
0.994647
0.99468
0.994714
0.994746
0.994778
0.994804
0.994825
0.994844
0.994864
0.994881
0.994897
0.994907
0.994915
0.994921
0.994924
0.994927
0.99493
0.994931
0.99493
0.994934
0.994937
0.994945
0.99495
0.994958
0.99497
0.994982
0.995
0.995018
0.99504
0.995065
0.995092
0.995119
0.995147
0.995173
0.995198
0.995226
0.995252
0.995275
0.995295
0.995313
0.995326
0.99534
0.995352
0.995363
0.995375
0.995387
0.995399
0.995412
0.995424
0.995437
0.995452
0.995469
0.995486
0.995507
0.995532
0.995562
0.995596
0.995633
0.995674
0.995715
0.995759
0.995806
0.995854
0.995902
0.99595
0.995997
0.996041
0.996085
0.996128
0.996169
0.996207
0.996241
0.996273
0.996302
0.996331
0.996356
0.996381
0.996401
0.99642
0.996434
0.996448
0.996466
0.996479
0.996489
0.996498
0.996508
0.99652
0.996531
0.996541
0.996551
0.996563
0.996577
0.99659
0.996605
0.99662
0.996637
0.996652
0.996669
0.996685
0.996699
0.996712
0.996726
0.996736
0.996745
0.996752
0.996758
0.996762
0.996764
0.996766
0.996764
0.996761
0.996756
0.99675
0.996746
0.99674
0.996733
0.996729
0.996724
0.996722
0.996721
0.996722
0.996725
0.996726
0.996729
0.996732
0.996732
0.996731
0.996729
0.996725
0.996723
0.996721
0.996715
0.996707
0.996701
0.996695
0.99669
0.996685
0.996685
0.996688
0.99669
0.996695
0.996702
0.99671
0.996718
0.996729
0.996737
0.996748
0.996756
0.996765
0.996772
0.99678
0.99679
0.996801
0.996815
0.996829
0.996844
0.996859
0.996872
0.996885
0.996896
0.996906
0.996914
0.99692
0.996924
0.996927
0.996929
0.996932
0.996937
0.996942
0.996948
0.996957
0.996968
0.996977
0.996986
0.996993
0.997001
0.997009
0.997015
0.997023
0.997028
0.997034
0.997036
0.997039
0.99704
0.997039
0.997036
0.997035
0.997034
0.997031
0.99703
0.99703
0.99703
0.997029
0.997031
0.997033
0.997035
0.997037
0.997041
0.997046
0.99705
0.997055
0.997059
0.997062
0.997066
0.997069
0.997072
0.997076
0.997078
0.997082
0.997084
0.997081
0.997081
0.997076
0.997073
0.99707
0.997067
0.997066
0.997065
0.997064
0.997062
0.997063
0.997062
0.997061
0.997061
0.99706
0.99706
0.997062
0.997064
0.997067
0.997069
0.997073
0.997076
0.99708
0.997082
0.997085
0.997089
0.997097
0.997106
0.99712
0.997132
0.997146
0.997161
0.997173
0.997186
0.997199
0.997211
0.997225
0.997238
0.99725
0.997262
0.997275
0.997287
0.997301
0.997313
0.997327
0.997341
0.997355
0.997369
0.99738
0.997394
0.997405
0.997414
0.997422
0.997426
0.997429
0.997431
0.997432
0.997435
0.997436
0.997437
0.997437
0.997437
0.997435
0.997434
0.997432
0.997428
0.997425
0.997421
0.997417
0.997416
0.997413
0.997408
0.997403
0.997399
0.997394
0.997391
0.997388
0.997387
0.997385
0.997385
0.997385
0.997383
0.997381
0.997379
0.997373
0.997367
0.99736
0.997356
0.99735
0.997344
0.997339
0.997336
0.997333
0.997332
0.99733
0.997328
0.997326
0.997324
0.997321
0.997318
0.997316
0.997315
0.997313
0.997313
0.997314
0.997315
0.997317
0.997318
0.997319
0.997321
0.997324
0.997327
0.997331
0.997333
0.997337
0.997342
0.997349
0.997359
0.997369
0.997381
0.997393
0.997407
0.99742
0.997433
0.997445
0.997457
0.997467
0.997478
0.997488
0.997498
0.997505
0.997511
0.997514
0.997517
0.997517
0.997518
0.997518
0.997519
0.997521
0.997525
0.997531
0.99754
0.99755
0.997563
0.997579
0.997593
0.997605
0.997619
0.997631
0.997642
0.997653
0.997665
0.997677
0.997687
0.997699
0.997714
0.997728
0.997741
0.997753
0.997763
0.997771
0.997775
0.997773
0.997768
0.997757
0.997741
0.997719
0.997688
0.997648
0.997598
0.997538
0.997466
0.997383
0.997285
0.997173
0.997045
0.996899
0.996733
0.996547
0.996338
0.996107
0.995857
0.995587
0.995298
0.994983
0.994643
0.994276
0.99389
0.99348
0.993046
0.992589
0.992106
0.991591
0.991041
0.990453
0.989828
0.989162
0.988446
0.987655
0.986813
0.98593
0.984993
0.983992
0.982936
0.981842
0.980715
0.979554
0.978356
0.977115
0.975826
0.974481
0.97308
0.971603
0.970045
0.968419
0.966746
0.965029
0.963285
0.961535
0.959788
0.958047
0.956314
0.954578
0.952845
0.951115
0.949384
0.947625
0.94584
0.944037
0.94218
0.940228
0.938174
0.936031
0.93379
0.931459
0.929046
0.926544
0.923953
0.921275
0.918526
0.915719
0.912844
0.909931
0.906987
0.904002
0.90098
0.897946
0.894908
0.891837
0.888726
0.885572
0.882358
0.879061
0.875683
0.872275
0.868823
0.865318
0.861779
0.85823
0.854688
0.851124
0.847543
0.843955
0.840368
0.836796
0.833253
0.829712
0.826186
0.822657
0.819124
0.815592
0.812091
0.808666
0.805283
0.80197
0.798711
0.795499
0.792323
0.789151
0.785982
0.78277
0.779479
0.776138
0.772784
0.769385
0.765998
0.762623
0.759294
0.756027
0.752797
0.749645
0.746574
0.743547
0.740568
0.737606
0.734639
0.731611
0.728617
0.725624
0.722638
0.719574
0.716464
0.713335
0.710132
0.706807
0.703391
0.699845
0.696207
0.692541
0.688857
0.685135
0.681367
0.677522
0.673663
0.66981
0.665948
0.662105
0.658315
0.654606
0.650981
0.647417
0.643922
0.640479
0.637052
0.63362
0.630201
0.626838
0.623525
0.620249
0.616979
0.613717
0.610495
0.607333
0.604283
0.601371
0.59863
0.596049
0.593645
0.591395
0.589282
0.587288
0.585413
0.583679
0.582061
0.580541
0.579116
0.577768
0.576501
0.575357
0.574336
0.573415
0.572608
0.571904
0.571312
0.570768
0.570249
0.569707
0.56915
0.568593
0.568042
0.567475
0.566873
0.566266
0.565674
0.565104
0.564579
0.564115
0.563696
0.563297
0.562923
0.562567
0.562227
0.561911
0.561601
0.561275
0.560939
0.560593
0.560233
0.559842
0.559417
0.558965
0.558507
0.558062
0.557643
0.557228
0.556818
0.556424
0.556029
0.555649
0.55528
0.554955
0.554692
0.554451
0.554258
0.554123
0.554055
0.554041
0.554066
0.554128
0.554197
0.554279
0.554422
0.554592
0.554784
0.554999
0.55525
0.555535
0.555837
0.556123
0.556358
0.556545
0.556732
0.556935
0.557161
0.557425
0.557718
0.558056
0.558443
0.558855
0.559257
0.559659
0.56004
0.560392
0.560711
0.560961
0.56115
0.561294
0.561409
0.5615
0.561591
0.561695
0.561805
0.561918
0.562019
0.56211
0.562207
0.562294
0.562393
0.562515
0.562685
0.562914
0.563224
0.56359
0.564019
0.564477
0.564951
0.565446
0.565952
0.566463
0.566988
0.567522
0.568037
0.568517
0.568959
0.569374
0.569749
0.57009
0.570389
0.570603
0.570743
0.570837
0.570899
0.570955
0.571025
0.57113
0.571288
0.571483
0.571718
0.571994
0.572321
0.572685
0.573085
0.573535
0.574025
0.574547
0.575071
0.575605
0.576104
0.576545
0.576929
0.57727
0.577571
0.57785
0.578113
0.578348
0.578539
0.578693
0.578805
0.578914
0.579021
0.57914
0.579262
0.579382
0.579511
0.579632
0.57974
0.57984
0.579922
0.580008
0.580125
0.580286
0.580498
0.580738
0.581002
0.581226
0.581407
0.58153
0.581598
0.581602
0.581535
0.581405
0.581245
0.581078
0.580923
0.580784
0.580679
0.580608
0.580579
0.580575
0.580588
0.580625
0.580694
0.580791
0.580896
0.581015
0.58115
0.581295
0.581447
0.581621
0.581812
0.582009
0.582202
0.582397
0.582564
0.582714
0.582846
0.582954
0.583048
0.583126
0.583175
0.583215
0.583257
0.583312
0.583387
0.583465
0.583541
0.58361
0.583664
0.5837
0.583719
0.583733
0.583742
0.583755
0.58378
0.583823
0.583871
0.58393
0.583993
0.584071
0.584159
0.584244
0.58434
0.584443
0.584557
0.584675
0.584791
0.584889
0.584965
0.585035
0.585097
0.585157
0.585218
0.585293
0.585372
0.585443
0.585517
0.585587
0.585676
0.585785
0.585928
0.586113
0.586344
0.586614
0.58694
0.587318
0.587748
0.588239
0.588774
0.589337
0.589921
0.590531
0.591151
0.591787
0.59244
0.593081
0.593724
0.594372
0.59503
0.595715
0.596443
0.597219
0.598032
0.598866
0.599689
0.60048
0.601229
0.601955
0.602649
0.60332
0.603973
0.604612
0.605228
0.605821
0.606402
0.60697
0.607504
0.607995
0.608453
0.608888
0.609306
0.60974
0.610113
0.61046
0.61084
0.611251
0.611664
0.612078
0.612495
0.61291
0.613319
0.613708
0.614076
0.614439
0.614795
0.615154
0.615514
0.615861
0.61622
0.616594
0.616981
0.617364
0.617728
0.618058
0.618353
0.618613
0.61883
0.619017
0.619174
0.619319
0.61947
0.619653
0.619845
0.620053
0.620263
0.620471
0.620677
0.620874
0.621065
0.621251
0.621431
0.621598
0.621759
0.621907
0.622044
0.622169
0.622288
0.622408
0.622512
0.622605
0.622685
0.622753
0.622797
0.622824
0.622834
0.62283
0.622811
0.622776
0.62271
0.622617
0.6225
0.622375
0.62225
0.622136
0.622044
0.621991
0.621976
0.621995
0.622059
0.622163
0.62231
0.622487
0.622674
0.622869
0.623056
0.623238
0.623411
0.623578
0.623739
0.6239
0.624063
0.62423
0.62441
0.624594
0.624787
0.624991
0.625204
0.625435
0.625691
0.625963
0.626259
0.626577
0.626919
0.627287
0.627683
0.628113
0.62857
0.629062
0.629608
0.630197
0.630843
0.631545
0.632312
0.633136
0.634045
0.635021
0.636084
0.637224
0.638455
0.639753
0.641125
0.642575
0.644093
0.645654
0.647258
0.648905
0.650584
0.652301
0.65407
0.655881
0.657734
0.659653
0.661671
0.663782
0.665998
0.668342
0.670835
0.673487
0.676331
0.679357
0.682573
0.685981
0.689583
0.693387
0.697424
0.701667
0.706073
0.710615
0.715286
0.720005
0.724761
0.729573
0.73443
0.739333
0.74422
0.749017
0.753735
0.758717
0.763501
0.767867
0.772059
0.776182
0.780226
0.784197
0.788112
0.791953
0.795754
0.799547
0.803386
0.807288
0.811242
0.81525
0.819304
0.8234
0.827545
0.831693
0.835884
0.840128
0.84446
0.848885
0.853387
0.857949
0.86258
0.867309
0.872226
0.877367
0.882703
0.88817
0.893674
0.89916
0.904721
0.910406
0.916153
0.921813
0.927275
0.932484
0.937428
0.942174
0.946761
0.951174
0.955379
0.959309
0.962979
0.96641
0.969555
0.972444
0.975082
0.977437
0.979509
0.981323
0.982945
0.984415
0.985794
0.987087
0.988251
0.989251
0.990059
0.990712
0.991232
0.991637
0.991951
0.992183
0.992344
0.9924
0.992352
0.992212
0.991976
0.991655
0.991265
0.990793
0.990245
0.989646
0.989015
0.988371
0.987722
0.987071
0.986387
0.985665
0.984895
0.984077
0.983195
0.982265
0.981343
0.980455
0.979606
0.978785
0.977977
0.977149
0.976256
0.975304
0.974309
0.973283
0.972269
0.971281
0.970308
0.969337
0.968355
0.967347
0.966267
0.9651
0.963853
0.962542
0.961168
0.95974
0.958286
0.956833
0.955384
0.953904
0.952417
0.950906
0.949388
0.947884
0.946398
0.94491
0.943393
0.94184
0.940242
0.93858
0.936828
0.934949
0.932926
0.930828
0.928671
0.926487
0.924306
0.922149
0.92001
0.917877
0.915725
0.913572
0.911459
0.909401
0.907405
0.905443
0.90345
0.901421
0.899387
0.897396
0.895449
0.893533
0.891643
0.889826
0.888054
0.886316
0.884592
0.882873
0.881176
0.879501
0.877864
0.876251
0.874651
0.873057
0.871474
0.869899
0.868345
0.866807
0.865292
0.863798
0.862298
0.860734
0.859087
0.857408
0.855741
0.854103
0.852495
0.850913
0.849355
0.847806
0.846244
0.84464
0.843005
0.841355
0.839673
0.837952
0.836192
0.834414
0.832653
0.830883
0.829103
0.827303
0.825449
0.823535
0.821575
0.819602
0.817615
0.815605
0.813576
0.811525
0.809467
0.807407
0.8054
0.803427
0.801565
0.799837
0.798238
0.796732
0.795295
0.793901
0.792546
0.791173
0.789789
0.788392
0.787003
0.785619
0.784261
0.782834
0.781389
0.77994
0.778465
0.777005
0.775566
0.774155
0.772788
0.771463
0.770189
0.768942
0.767733
0.766542
0.765451
0.76446
0.763573
0.762776
0.762102
0.761553
0.761121
0.760734
0.760406
0.760106
0.75982
0.75955
0.759245
0.758893
0.758452
0.75793
0.757312
0.756657
0.75597
0.755302
0.754668
0.754072
0.753498
0.752953
0.752468
0.752051
0.751719
0.75147
0.751315
0.751237
0.751236
0.75132
0.751482
0.751698
0.751942
0.752201
0.752507
0.752817
0.753078
0.753351
0.753597
0.75382
0.754011
0.754157
0.754281
0.754402
0.754514
0.754623
0.754691
0.754751
0.754815
0.754861
0.754897
0.754919
0.754926
0.754921
0.754892
0.754877
0.754869
0.754855
0.754824
0.754786
0.754742
0.754661
0.754583
0.754489
0.75438
0.75426
0.754137
0.753983
0.753782
0.753531
0.753249
0.752936
0.752548
0.752093
0.751605
0.751066
0.750493
0.749899
0.749295
0.74866
0.747974
0.747273
0.746575
0.745894
0.745188
0.744468
0.743737
0.742994
0.742232
0.741466
0.740718
0.740011
0.739347
0.738753
0.738224
0.737752
0.73735
0.737027
0.736796
0.736636
0.736536
0.736492
0.736521
0.736608
0.736771
0.73697
0.737206
0.73744
0.737687
0.737922
0.738161
0.738361
0.738521
0.738654
0.738797
0.738916
0.739031
0.739143
0.739244
0.739351
0.739444
0.739517
0.73957
0.739605
0.739628
0.739638
0.739649
0.739656
0.739664
0.739667
0.739667
0.739673
0.739663
0.739651
0.739633
0.739607
0.739567
0.739534
0.739507
0.73948
0.739454
0.739432
0.739413
0.739386
0.739356
0.739325
0.73926
0.739162
0.739041
0.738918
0.738816
0.738721
0.738607
0.738505
0.738415
0.738324
0.738238
0.738149
0.738051
0.737958
0.737865
0.737761
0.737658
0.737551
0.737448
0.737348
0.73724
0.737145
0.737079
0.73704
0.737025
0.737031
0.737054
0.73708
0.737113
0.737147
0.737168
0.737178
0.737181
0.737173
0.737175
0.73718
0.7372
0.737241
0.737316
0.7374
0.737488
0.737582
0.737677
0.73776
0.737819
0.737857
0.737863
0.73784
0.737782
0.737691
0.737576
0.737455
0.737331
0.737203
0.73705
0.736869
0.736679
0.736479
0.73627
0.736054
0.735838
0.735634
0.735447
0.735295
0.735169
0.735074
0.735004
0.73496
0.734937
0.734924
0.734917
0.734919
0.734935
0.73497
0.735005
0.735011
0.735026
0.735056
0.735085
0.735112
0.735156
0.735209
0.735262
0.735296
0.735323
0.735364
0.735424
0.735506
0.735622
0.735771
0.73597
0.736216
0.736516
0.736862
0.737241
0.737662
0.738138
0.738606
0.7391
0.739611
0.740115
0.740569
0.740984
0.741336
0.741629
0.7419
0.742198
0.742493
0.742775
0.743045
0.743265
0.743439
0.743541
0.743605
0.743659
0.743691
0.743697
0.743691
0.743707
0.743759
0.743852
0.743989
0.74417
0.744393
0.744636
0.744885
0.745147
0.745409
0.745662
0.745925
0.746143
0.746339
0.746485
0.746595
0.746653
0.746671
0.746682
0.746681
0.746679
0.746679
0.746685
0.746693
0.746679
0.746642
0.746592
0.74654
0.746482
0.746427
0.746387
0.746372
0.746378
0.746403
0.746444
0.746483
0.746527
0.746591
0.746684
0.746805
0.746963
0.747173
0.747424
0.747712
0.74805
0.748436
0.748866
0.749336
0.749875
0.750491
0.751141
0.751846
0.752605
0.753432
0.75435
0.755364
0.756482
0.757721
0.759075
0.760538
0.76211
0.763762
0.7655
0.767316
0.769208
0.771221
0.77335
0.775569
0.77791
0.780366
0.782917
0.785545
0.788239
0.790991
0.793804
0.796624
0.799412
0.802187
0.804957
0.807736
0.810565
0.813387
0.816193
0.818978
0.821721
0.824402
0.827036
0.829639
0.832249
0.834844
0.837416
0.839966
0.842489
0.844976
0.847415
0.849823
0.852245
0.854707
0.857222
0.859776
0.862369
0.865005
0.867668
0.870344
0.873017
0.875661
0.878251
0.880774
0.883193
0.885502
0.887708
0.889827
0.891873
0.893852
0.89578
0.897679
0.899589
0.901536
0.903523
0.905556
0.907622
0.909748
0.911943
0.914209
0.916516
0.918826
0.921122
0.923389
0.925595
0.927705
0.929699
0.931587
0.933376
0.935087
0.936751
0.938374
0.939953
0.941498
0.94299
0.944421
0.945799
0.947142
0.948453
0.949749
0.950995
0.952194
0.953336
0.954428
0.955481
0.95649
0.957451
0.958351
0.959211
0.960039
0.960836
0.961638
0.962444
0.963277
0.964126
0.965007
0.965906
0.966805
0.967711
0.96862
0.969525
0.970441
0.971373
0.972313
0.973246
0.974168
0.975077
0.97596
0.976829
0.977682
0.978518
0.979349
0.980164
0.980959
0.981733
0.982491
0.983209
0.983888
0.984513
0.985084
0.985612
0.986099
0.986565
0.98702
0.987466
0.987916
0.988365
0.988823
0.989272
0.989703
0.990106
0.990468
0.99079
0.991088
0.991356
0.991585
0.991773
0.991918
0.992035
0.992132
0.992218
0.992301
0.992369
0.992425
0.99247
0.992506
0.992535
0.992552
0.99256
0.992561
0.992559
0.992555
0.99255
0.992536
0.992513
0.992474
0.992422
0.992353
0.992269
0.99217
0.992059
0.991936
0.991799
0.991647
0.991484
0.991314
0.99114
0.990964
0.990788
0.990608
0.990426
0.990249
0.990084
0.989933
0.989798
0.989671
0.989557
0.989455
0.989373
0.989308
0.989258
0.989227
0.98921
0.989203
0.989199
0.9892
0.9892
0.989192
0.989173
0.989138
0.989088
0.989029
0.988966
0.988895
0.988816
0.988729
0.988624
0.988524
0.988435
0.988354
0.988275
0.988199
0.98813
0.988066
0.988008
0.987951
0.987896
0.987843
0.987791
0.987736
0.987678
0.987615
0.987545
0.987471
0.987392
0.987313
0.98724
0.987172
0.987112
0.987059
0.987017
0.986986
0.986966
0.986952
0.98695
0.986951
0.986959
0.986975
0.987002
0.987039
0.987086
0.987138
0.987199
0.987266
0.987338
0.987407
0.987472
0.98753
0.987584
0.98763
0.987669
0.987704
0.987737
0.98777
0.987802
0.987837
0.987875
0.987916
0.987962
0.988011
0.988061
0.98811
0.988159
0.988208
0.988254
0.988298
0.988342
0.988383
0.988425
0.988468
0.988511
0.988557
0.988602
0.988645
0.988683
0.98872
0.988754
0.988788
0.988822
0.988849
0.988868
0.988877
0.98888
0.98888
0.988876
0.988873
0.98887
0.988869
0.988871
0.988877
0.988888
0.988899
0.988911
0.988925
0.988941
0.988962
0.988987
0.989015
0.989046
0.989077
0.989109
0.989141
0.989178
0.98922
0.989266
0.989318
0.989372
0.989426
0.98948
0.989532
0.989579
0.989625
0.989671
0.989712
0.989752
0.989788
0.989823
0.989856
0.989886
0.989911
0.989921
0.98993
0.989944
0.989963
0.989983
0.989999
0.99001
0.990022
0.990031
0.990037
0.990042
0.990045
0.990046
0.990046
0.990047
0.990048
0.990051
0.990056
0.990067
0.990083
0.990104
0.99013
0.990158
0.990187
0.990218
0.990246
0.99027
0.990293
0.990312
0.990327
0.990344
0.99036
0.990372
0.990381
0.990387
0.990388
0.990391
0.990395
0.990397
0.990398
0.990398
0.990398
0.990397
0.990397
0.990394
0.990393
0.990397
0.990405
0.990418
0.990432
0.990445
0.990458
0.990473
0.990488
0.990503
0.990514
0.990521
0.990525
0.990528
0.990532
0.990538
0.990547
0.990566
0.99059
0.99062
0.990653
0.990686
0.990718
0.990751
0.990785
0.99082
0.990858
0.990891
0.990919
0.99094
0.990957
0.990974
0.990987
0.990997
0.991002
0.991009
0.991012
0.991015
0.991019
0.991026
0.991036
0.991048
0.991063
0.99108
0.991099
0.991121
0.991142
0.991159
0.991172
0.991186
0.991202
0.991217
0.991233
0.991245
0.991254
0.991259
0.991261
0.99126
0.991258
0.991255
0.991254
0.99125
0.991246
0.991241
0.991239
0.991238
0.991241
0.991251
0.991266
0.991284
0.991299
0.99131
0.99132
0.991329
0.99134
0.991349
0.991357
0.991368
0.991383
0.991397
0.991411
0.991423
0.991435
0.991448
0.991461
0.991476
0.991493
0.991512
0.99153
0.991547
0.99156
0.99157
0.991579
0.991586
0.991588
0.991586
0.991579
0.991573
0.991565
0.991559
0.991557
0.991557
0.991556
0.991559
0.991562
0.991568
0.991572
0.991577
0.991583
0.991587
0.991587
0.991587
0.991585
0.991579
0.991569
0.991557
0.991545
0.991531
0.991518
0.991506
0.991497
0.991491
0.991484
0.991479
0.991475
0.991476
0.991483
0.99149
0.991496
0.991504
0.991516
0.991534
0.991555
0.991576
0.991596
0.991614
0.99163
0.991646
0.991659
0.991672
0.991683
0.991688
0.991693
0.991701
0.991708
0.991713
0.991716
0.991719
0.991726
0.991736
0.991747
0.991757
0.991764
0.991771
0.991776
0.991788
0.991795
0.991802
0.991812
0.991823
0.991838
0.991852
0.991862
0.991873
0.991883
0.99189
0.991893
0.991891
0.991888
0.991889
0.991889
0.99189
0.991891
0.991893
0.991892
0.99189
0.99189
0.991892
0.991894
0.991896
0.991894
0.991891
0.991892
0.991896
0.991904
0.991909
0.991912
0.991917
0.991921
0.99192
0.991917
0.991922
0.991931
0.991924
0.991919
0.991927
0.991936
0.991943
0.991948
0.991954
0.991964
0.991979
0.991995
0.992011
0.992025
0.992037
0.992053
0.992061
0.992067
0.992071
0.992071
0.99207
0.992068
0.992063
0.99206
0.992057
0.992051
0.992044
0.992036
0.992025
0.992015
0.992005
0.991993
0.99198
0.991966
0.991955
0.991943
0.991934
0.991927
0.991921
0.99192
0.991919
0.991919
0.991917
0.991918
0.99192
0.991924
0.991926
0.99193
0.991932
0.991931
0.991928
0.991923
0.991914
0.991907
0.991901
0.991891
0.991881
0.991873
0.991868
0.991868
0.991869
0.991868
0.991868
0.991872
0.99188
0.991888
0.991895
0.9919
0.991901
0.9919
0.991899
0.991897
0.991894
0.991894
0.991895
0.991895
0.991894
0.991894
0.991895
0.991891
0.99189
0.991887
0.991884
0.991882
0.99188
0.991877
0.991867
0.991856
0.991849
0.991842
0.991835
0.991827
0.991819
0.991807
0.9918
0.991798
0.991794
0.991793
0.99179
0.991785
0.991773
0.991759
0.991747
0.991733
0.991724
0.991719
0.991715
0.99171
0.991708
0.991706
0.991705
0.991707
0.991711
0.991716
0.991717
0.991718
0.991716
0.991717
0.991718
0.991723
0.99173
0.991737
0.991746
0.991759
0.991772
0.991783
0.991792
0.991793
0.991781
0.991766
0.991747
0.991724
0.991698
0.991673
0.99165
0.991634
0.991622
0.991613
0.991605
0.991598
0.991571
0.991571
0.991563
0.991555
0.991549
0.991545
0.991545
0.991546
0.991551
0.991555
0.991558
0.991561
0.991563
0.99156
0.991561
0.99156
0.99156
0.991562
0.991562
0.991563
0.991565
0.991569
0.991577
0.991581
0.991585
0.991584
0.991584
0.991582
0.991575
0.991572
0.991567
0.991557
0.991541
0.991502
0.99145
0.991387
0.991322
0.991253
0.991173
0.991091
0.991008
0.990931
0.990856
0.990787
0.990716
0.990648
0.990583
0.990522
0.990468
0.99042
0.990377
0.990344
0.99032
0.990304
0.990292
0.990284
0.990282
0.990288
0.990301
0.990318
0.990345
0.990378
0.990421
0.990463
0.99051
0.990554
0.990591
0.990626
0.990656
0.990679
0.9907
0.990713
0.990719
0.990721
0.990717
0.990712
0.990704
0.990696
0.990685
0.990672
0.990655
0.990637
0.990623
0.990611
0.990599
0.990594
0.99059
0.990584
0.990576
0.990566
0.990554
0.990543
0.990536
0.990539
0.990548
0.99055
0.990561
0.990576
0.99059
0.99061
0.990629
0.990645
0.990662
0.990677
0.990689
0.990703
0.990714
0.990728
0.990739
0.990754
0.990766
0.990777
0.990784
0.990791
0.990797
0.990799
0.990795
0.990797
0.990798
0.990797
0.990799
0.990799
0.990801
0.990799
0.990797
0.990799
0.9908
0.9908
0.990794
0.99079
0.990783
0.990776
0.990769
0.990764
0.990759
0.990757
0.990754
0.990754
0.990758
0.990763
0.990766
0.990769
0.990773
0.990779
0.990787
0.990797
0.990805
0.990816
0.990826
0.990835
0.990845
0.990854
0.990862
0.990871
0.99088
0.990889
0.990901
0.990913
0.990927
0.990944
0.990962
0.990988
0.991014
0.991042
0.991071
0.991102
0.991129
0.991154
0.991175
0.99119
0.991205
0.991218
0.99123
0.991241
0.991249
0.991252
0.991253
0.991251
0.991248
0.991247
0.991244
0.991243
0.991239
0.991239
0.991237
0.991232
0.991225
0.99122
0.991214
0.99121
0.991208
0.991206
0.991205
0.991207
0.991211
0.991217
0.991223
0.991229
0.991238
0.991244
0.991249
0.991254
0.99126
0.991264
0.99127
0.991277
0.991282
0.991286
0.991291
0.991291
0.991291
0.99129
0.991292
0.991293
0.991296
0.991297
0.991296
0.991296
0.991292
0.991287
0.991282
0.991274
0.991266
0.991255
0.991246
0.99124
0.991236
0.991234
0.991235
0.991239
0.991241
0.991247
0.991257
0.991266
0.991273
0.991285
0.991296
0.99131
0.991324
0.991334
0.991341
0.991347
0.991349
0.99135
0.991352
0.991354
0.991359
0.99136
0.991363
0.991361
0.99136
0.991357
0.991357
0.991359
0.991357
0.991352
0.991347
0.99134
0.991336
0.991334
0.991332
0.991333
0.991332
0.991329
0.991326
0.991324
0.991328
0.991332
0.99134
0.991347
0.991361
0.991378
0.991395
0.991409
0.991427
0.991441
0.991458
0.991473
0.991486
0.991493
0.991498
0.991501
0.991501
0.991499
0.991499
0.991499
0.991504
0.991511
0.99152
0.99153
0.991542
0.991556
0.99157
0.991586
0.991603
0.991619
0.991633
0.991646
0.991659
0.991674
0.991687
0.991701
0.991713
0.991724
0.991736
0.991747
0.991756
0.991765
0.991774
0.991779
0.99178
0.991779
0.991774
0.99177
0.991762
0.991752
0.99174
0.991726
0.991715
0.991706
0.991697
0.991696
0.991696
0.991696
0.991699
0.9917
0.9917
0.991701
0.991706
0.991711
0.991715
0.991717
0.991719
0.991721
0.991726
0.991731
0.991737
0.99174
0.99174
0.991743
0.991745
0.991749
0.991757
0.991767
0.991777
0.991785
0.99179
0.991796
0.9918
0.991801
0.991797
0.991793
0.991787
0.991781
0.991776
0.99177
0.991761
0.991753
0.991745
0.991739
0.991735
0.991736
0.991739
0.991744
0.991746
0.991749
0.991752
0.991758
0.991762
0.99176
0.991757
0.991763
0.991769
0.991773
0.991777
0.991781
0.991787
0.991791
0.991794
0.991799
0.991804
0.991809
0.991813
0.991814
0.991813
0.991806
0.9918
0.991798
0.991799
0.991804
0.991813
0.991829
0.991841
0.991856
0.991872
0.99189
0.991906
0.99192
0.991927
0.991929
0.991922
0.991913
0.991886
0.991854
0.991816
0.991775
0.99173
0.991683
0.991632
0.991576
0.991517
0.991453
0.991387
0.991318
0.991245
0.991168
0.99109
0.991014
0.990946
0.990886
0.99083
0.990771
0.990716
0.990663
0.990617
0.990577
0.990544
0.990515
0.990493
0.990492
0.990513
0.99055
0.990594
0.990644
0.990692
0.990745
0.990796
0.990833
0.990854
0.990865
0.99087
0.990868
0.990865
0.990856
0.99084
0.990824
0.990807
0.990791
0.990774
0.990755
0.990735
0.990713
0.990682
0.990649
0.990619
0.990591
0.990564
0.990569
0.990578
0.990593
0.99061
0.990624
0.990631
0.990637
0.990643
0.990646
0.990639
0.990629
0.990616
0.990595
0.990573
