-0.000135719
-0.000270826
-0.000433862
-0.000541744
-0.000664077
-0.000733599
-0.000829494
-0.000925248
-0.00103646
-0.00111905
-0.00121126
-0.00128461
-0.00143001
-0.00155401
-0.00170899
-0.00184
-0.00202199
-0.00219519
-0.00240404
-0.00256908
-0.0027926
-0.00300006
-0.00316663
-0.00333776
-0.00350471
-0.0036688
-0.00383513
-0.00399356
-0.00412877
-0.00428637
-0.00438003
-0.00450522
-0.0046271
-0.00477861
-0.0049395
-0.00508085
-0.00526093
-0.00543805
-0.00559944
-0.00577419
-0.00591941
-0.00606164
-0.00619121
-0.00629265
-0.00644161
-0.00658748
-0.00676695
-0.00689414
-0.00705373
-0.00716293
-0.00731813
-0.00743454
-0.00749478
-0.00755412
-0.00764186
-0.00773367
-0.00787736
-0.00802797
-0.00814946
-0.0082357
-0.00839317
-0.00854661
-0.00872095
-0.0088907
-0.00904729
-0.00918575
-0.00931478
-0.00947833
-0.00961007
-0.00976144
-0.00985587
-0.00990781
-0.00992094
-0.00998306
-0.010036
-0.0101142
-0.0102635
-0.0103974
-0.0105211
-0.0106201
-0.0106958
-0.0108227
-0.0109313
-0.0110133
-0.0110819
-0.0111888
-0.0112599
-0.0113721
-0.0114926
-0.0115776
-0.0116586
-0.0117263
-0.01181
-0.0119517
-0.0120624
-0.0121684
-0.0122694
-0.0123197
-0.0123999
-0.0124573
-0.0125581
-0.0126674
-0.0127796
-0.0128797
-0.0129689
-0.0130569
-0.0131401
-0.013231
-0.0133493
-0.0134246
-0.0135678
-0.0137068
-0.0138179
-0.0139017
-0.0140151
-0.0141056
-0.014224
-0.0143263
-0.014432
-0.0145461
-0.0146101
-0.0146917
-0.0147962
-0.0149225
-0.0150512
-0.0151753
-0.0153091
-0.0154374
-0.0155304
-0.0156528
-0.0157798
-0.015886
-0.0159874
-0.0160747
-0.0161762
-0.0162674
-0.0163505
-0.0164959
-0.0165877
-0.0166608
-0.0167907
-0.0168996
-0.0170477
-0.0171681
-0.0173182
-0.0174413
-0.0175812
-0.0176818
-0.0178283
-0.0179211
-0.0179911
-0.0180419
-0.0181121
-0.0181917
-0.0182563
-0.0183236
-0.0183979
-0.0184413
-0.0184939
-0.0185702
-0.0186168
-0.0186796
-0.0186886
-0.0186658
-0.018668
-0.0186731
-0.0187044
-0.0187083
-0.0186963
-0.0186841
-0.0186693
-0.018695
-0.018728
-0.0188178
-0.0188997
-0.0190132
-0.0190881
-0.0191907
-0.0192242
-0.0192527
-0.0192413
-0.0192343
-0.019258
-0.0192955
-0.0193181
-0.0193107
-0.0193195
-0.0193117
-0.0193387
-0.0192923
-0.0193051
-0.0193276
-0.0193097
-0.0193305
-0.019402
-0.019482
-0.0195272
-0.0196082
-0.0196581
-0.0197102
-0.0197141
-0.0197158
-0.0196629
-0.0195761
-0.0194878
-0.0194288
-0.019401
-0.0193701
-0.0193582
-0.0193238
-0.0193293
-0.0193557
-0.0193973
-0.019412
-0.0194288
-0.0194531
-0.01948
-0.0194599
-0.0194697
-0.0194979
-0.019489
-0.0195187
-0.0195414
-0.0195702
-0.0195978
-0.0196931
-0.019717
-0.0197519
-0.0197983
-0.0198388
-0.0198836
-0.0199209
-0.0199386
-0.019981
-0.0199595
-0.01997
-0.0199613
-0.0199332
-0.0198842
-0.0198248
-0.0197571
-0.0197133
-0.0196995
-0.0196819
-0.0196613
-0.0196959
-0.0197049
-0.0197456
-0.0197901
-0.0198111
-0.0198182
-0.0198277
-0.0198016
-0.0197953
-0.0197954
-0.0198028
-0.0198394
-0.01984
-0.0198901
-0.0199423
-0.0200113
-0.0201018
-0.020195
-0.0203086
-0.0203698
-0.020418
-0.020449
-0.0205047
-0.0205335
-0.02053
-0.0205519
-0.0205703
-0.0205776
-0.0205629
-0.020551
-0.0205686
-0.0205793
-0.0205737
-0.0206045
-0.0206284
-0.020649
-0.020673
-0.0207446
-0.0207647
-0.0208287
-0.0208434
-0.0208631
-0.0208819
-0.0208791
-0.0209172
-0.0209212
-0.0208989
-0.020905
-0.0209318
-0.0209436
-0.0209382
-0.0209657
-0.0209899
-0.0209668
-0.020945
-0.0209062
-0.0208931
-0.0208625
-0.0208322
-0.020845
-0.0208689
-0.0209273
-0.0209924
-0.0209901
-0.0210008
-0.0210203
-0.0210473
-0.021058
-0.0211173
-0.0211881
-0.0212339
-0.0213146
-0.0213406
-0.0213881
-0.0214462
-0.0214681
-0.021507
-0.0215285
-0.0215471
-0.0215631
-0.0216025
-0.0216162
-0.021605
-0.0216145
-0.0216446
-0.0216837
-0.021702
-0.0217674
-0.0218418
-0.0218925
-0.0219129
-0.0219517
-0.0219759
-0.0219962
-0.0220261
-0.0220446
-0.0220544
-0.0221017
-0.0221515
-0.0222392
-0.0223076
-0.0223377
-0.0224061
-0.0224379
-0.0224909
-0.0225573
-0.0226117
-0.0226161
-0.0226809
-0.0227278
-0.0227609
-0.0228423
-0.0229312
-0.023041
-0.0230955
-0.0231201
-0.0231559
-0.0232082
-0.0231964
-0.0232157
-0.0232184
-0.0232351
-0.0232251
-0.0233045
-0.0233455
-0.0234202
-0.0234682
-0.0234954
-0.0234981
-0.0235464
-0.0235574
-0.0236063
-0.0236753
-0.0237466
-0.0237525
-0.0237587
-0.0237572
-0.0237521
-0.023724
-0.023685
-0.0236589
-0.0236011
-0.0235689
-0.0235229
-0.0235244
-0.0234998
-0.0234828
-0.0235207
-0.0235222
-0.0234957
-0.0234664
-0.0234289
-0.0233982
-0.02337
-0.0233927
-0.023386
-0.0234049
-0.0234586
-0.0235173
-0.0235549
-0.0235154
-0.0235508
-0.0236309
-0.0237136
-0.0237765
-0.0237696
-0.023814
-0.023866
-0.0239039
-0.0239286
-0.0240046
-0.0240506
-0.0241043
-0.0241632
-0.0242847
-0.0243483
-0.0244127
-0.024457
-0.0245026
-0.024528
-0.0245756
-0.024609
-0.0246452
-0.0246586
-0.0246804
-0.0246856
-0.0246874
-0.0247273
-0.0247699
-0.0248146
-0.024853
-0.0248872
-0.024903
-0.0249613
-0.0249764
-0.0249716
-0.0249948
-0.0250289
-0.0250498
-0.0250558
-0.0250674
-0.0251039
-0.025132
-0.0251764
-0.0252492
-0.0252771
-0.025313
-0.0253269
-0.0253478
-0.0253752
-0.025416
-0.0254617
-0.0254596
-0.0254699
-0.0255195
-0.0255822
-0.0256473
-0.0256546
-0.0256953
-0.0257454
-0.0257914
-0.0257893
-0.0258147
-0.0258018
-0.02577
-0.0258074
-0.0258187
-0.0258551
-0.0258876
-0.0259202
-0.0259591
-0.026009
-0.0260479
-0.0261053
-0.0261691
-0.026206
-0.0262567
-0.0262876
-0.0262992
-0.0263002
-0.0262647
-0.0263009
-0.0263014
-0.0263376
-0.0262967
-0.0262975
-0.0263199
-0.0262773
-0.0262617
-0.0262635
-0.0262927
-0.0263295
-0.026368
-0.0264121
-0.026448
-0.0264898
-0.0265442
-0.026587
-0.0266039
-0.0265917
-0.0266235
-0.0266155
-0.0266298
-0.0266556
-0.0266848
-0.0266737
-0.0266687
-0.0266722
-0.0266969
-0.0267014
-0.0267223
-0.0267501
-0.0267512
-0.0267996
-0.0268036
-0.0268999
-0.0269145
-0.0269292
-0.0269557
-0.0269748
-0.027012
-0.0270852
-0.0271186
-0.0271359
-0.0271477
-0.0271755
-0.0271561
-0.027169
-0.0271572
-0.0271281
-0.0271693
-0.0271812
-0.0271884
-0.0272135
-0.0272263
-0.0271934
-0.0271937
-0.0272327
-0.0272703
-0.0273034
-0.027316
-0.0273421
-0.0274028
-0.0274103
-0.0274526
-0.0274978
-0.027511
-0.0275432
-0.0276075
-0.0276315
-0.0276652
-0.0277172
-0.0277152
-0.0277343
-0.0277334
-0.0277814
-0.027839
-0.0278471
-0.0278778
-0.0279097
-0.0279316
-0.0279594
-0.0280146
-0.0280473
-0.0280915
-0.0281169
-0.028138
-0.0281351
-0.0282123
-0.0282473
-0.0282939
-0.0283588
-0.0283863
-0.0284689
-0.0285249
-0.0285469
-0.0285937
-0.0286089
-0.028638
-0.0287127
-0.0287905
-0.0288224
-0.0288344
-0.0288372
-0.0288156
-0.028851
-0.0288569
-0.0288559
-0.0288181
-0.0288384
-0.0288194
-0.0288078
-0.0288167
-0.0288055
-0.0288426
-0.0288645
-0.0288369
-0.0288042
-0.0287799
-0.0287388
-0.0287134
-0.0286867
-0.0286712
-0.0286606
-0.0286733
-0.0286804
-0.0287043
-0.0286856
-0.0286297
-0.028567
-0.0285412
-0.0284808
-0.0284681
-0.0284036
-0.0283694
-0.0282868
-0.0282424
-0.0281888
-0.0281799
-0.0281615
-0.0281526
-0.0281468
-0.0280696
-0.0280426
-0.0279811
-0.0279371
-0.0279136
-0.0279152
-0.0279107
-0.0279324
-0.0279711
-0.0279947
-0.0280209
-0.0280795
-0.0280891
-0.028063
-0.0280291
-0.0279564
-0.0279078
-0.0278784
-0.0278083
-0.0277242
-0.0276206
-0.0275534
-0.0274905
-0.027398
-0.0273447
-0.0272625
-0.0271908
-0.0270931
-0.0269966
-0.0268954
-0.0268152
-0.0267284
-0.0266728
-0.0266512
-0.0265761
-0.0265325
-0.0265045
-0.0265197
-0.0265114
-0.0265287
-0.026569
-0.026543
-0.0265053
-0.026479
-0.0264468
-0.0264058
-0.0263498
-0.0263238
-0.0262856
-0.0262421
-0.0261697
-0.0261014
-0.0260375
-0.0259908
-0.0259634
-0.0258886
-0.0258128
-0.0257577
-0.0256662
-0.0255621
-0.0255222
-0.0255132
-0.0255413
-0.0255096
-0.025475
-0.0253671
-0.02527
-0.0252061
-0.0250985
-0.0250211
-0.0249893
-0.0249402
-0.0249245
-0.0249028
-0.0248963
-0.0248434
-0.0247714
-0.0246967
-0.0246467
-0.0245787
-0.0245545
-0.024522
-0.0244896
-0.0244415
-0.0243808
-0.0243357
-0.0243325
-0.0243332
-0.024393
-0.0244637
-0.0245691
-0.0246404
-0.0247108
-0.0248022
-0.0249378
-0.0246831
-0.024507
-0.0244652
-0.0242847
-0.0240716
-0.0238929
-0.0237433
-0.0236232
-0.0234436
-0.0232884
-0.0231116
-0.0228894
-0.022621
-0.0223488
-0.0220543
-0.0217837
-0.0215118
-0.0212673
-0.0210438
-0.0209393
-0.0207236
-0.0204989
-0.0203335
-0.0201682
-0.0199909
-0.0198067
-0.0196383
-0.0194187
-0.0191647
-0.0189504
-0.0186026
-0.0182763
-0.017988
-0.0175401
-0.0168088
-0.0162756
-0.0158054
-0.0153924
-0.0150758
-0.0147343
-0.0146051
-0.0142545
-0.013555
-0.0127231
-0.0121028
-0.0115767
-0.0112284
-0.0109047
-0.0105214
-0.0101121
-0.00958661
-0.00894355
-0.00826123
-0.00763487
-0.00700096
-0.00630363
-0.0055395
-0.00460423
-0.00351749
-0.00227046
-0.000811896
0.000792795
0.00257086
0.00433885
0.00619407
0.00815405
0.010139
0.0121715
0.0142337
0.0163782
0.0185413
0.0208048
0.0231295
0.0254892
0.0279019
0.0303284
0.0327607
0.0351873
0.0376261
0.0400425
0.0424497
0.0448494
0.0472509
0.0496784
0.0521873
0.0548193
0.0577036
0.0607203
0.0638224
0.0670294
0.0702781
0.073437
0.0766755
0.0798861
0.0829882
0.0859649
0.0891318
0.092192
0.0951196
0.0980225
0.10079
0.10357
0.106292
0.109072
0.111893
0.114796
0.117707
0.120728
0.123775
0.126904
0.130099
0.133308
0.136684
0.140128
0.143708
0.147433
0.15139
0.155538
0.159802
0.164381
0.168816
0.173158
0.177515
0.181852
0.186184
0.190477
0.19465
0.198751
0.202802
0.20686
0.210935
0.215093
0.219287
0.223444
0.227597
0.231753
0.235861
0.239877
0.24387
0.247706
0.251426
0.255155
0.259044
0.263091
0.26739
0.271907
0.276635
0.281519
0.286469
0.291517
0.296475
0.301344
0.306159
0.310904
0.315598
0.320228
0.324873
0.329548
0.33431
0.339126
0.344017
0.348957
0.353947
0.358927
0.363796
0.368508
0.373106
0.377567
0.381878
0.386056
0.390059
0.393904
0.397678
0.401403
0.405111
0.408819
0.412527
0.416198
0.41986
0.423498
0.427081
0.430635
0.434104
0.437472
0.44071
0.443989
0.447442
0.4511
0.454952
0.458939
0.463041
0.467215
0.471478
0.475774
0.480045
0.484268
0.488445
0.492646
0.496873
0.501112
0.505468
0.509878
0.514351
0.518766
0.523085
0.527234
0.531192
0.534903
0.538464
0.542002
0.545554
0.549166
0.552784
0.556411
0.560006
0.563572
0.566983
0.570623
0.574119
0.577553
0.580873
0.584104
0.58731
0.590432
0.593497
0.596508
0.599515
0.602512
0.605517
0.608456
0.611239
0.613919
0.616454
0.618876
0.621225
0.623547
0.62586
0.628156
0.630445
0.632758
0.635084
0.637418
0.639794
0.642186
0.644349
0.646857
0.649363
0.651962
0.654687
0.657446
0.66027
0.663106
0.665855
0.668488
0.671043
0.673484
0.67577
0.677971
0.680106
0.682239
0.684416
0.686677
0.689053
0.691496
0.694027
0.696522
0.698958
0.70127
0.703441
0.705446
0.707237
0.708862
0.71036
0.711806
0.713258
0.714751
0.716268
0.717829
0.719393
0.720939
0.722443
0.723918
0.725419
0.726909
0.728365
0.72979
0.731191
0.732556
0.733884
0.735142
0.736264
0.737245
0.738054
0.738756
0.739394
0.739977
0.74054
0.741105
0.741726
0.742373
0.743044
0.743676
0.744263
0.744827
0.745405
0.745944
0.746513
0.747112
0.747731
0.748358
0.749024
0.7497
0.750358
0.750965
0.75152
0.752018
0.752478
0.752903
0.753325
0.75373
0.754134
0.754563
0.755042
0.755556
0.756073
0.756566
0.757
0.757379
0.757734
0.758054
0.758352
0.75861
0.758866
0.759112
0.759311
0.759528
0.759692
0.759835
0.759914
0.759937
0.759919
0.759849
0.759784
0.759842
0.759925
0.760017
0.760108
0.760196
0.760263
0.760343
0.760445
0.760565
0.760691
0.760829
0.760947
0.761015
0.761063
0.761066
0.761026
0.760957
0.760889
0.760808
0.760725
0.760615
0.760489
0.760353
0.760217
0.760085
0.759958
0.759815
0.759652
0.759514
0.759406
0.759303
0.759183
0.759023
0.758866
0.758715
0.758554
0.758379
0.75818
0.75797
0.757714
0.757435
0.757154
0.756874
0.756614
0.756356
0.756128
0.755913
0.755723
0.755553
0.755404
0.755246
0.755074
0.754888
0.754687
0.754487
0.754266
0.754047
0.753823
0.75359
0.753329
0.753034
0.752743
0.752423
0.752109
0.751804
0.751512
0.751213
0.750905
0.750573
0.750254
0.749919
0.74962
0.749366
0.749144
0.748951
0.748771
0.748575
0.748366
0.748117
0.747811
0.747458
0.747081
0.746731
0.746415
0.746142
0.745889
0.745666
0.745443
0.745223
0.744981
0.744746
0.744524
0.744286
0.744031
0.743772
0.743514
0.743257
0.743013
0.742771
0.74254
0.742317
0.742071
0.74182
0.741579
0.741333
0.741108
0.740904
0.740732
0.740597
0.740453
0.740306
0.740166
0.740019
0.739876
0.739712
0.739533
0.739382
0.73921
0.739049
0.738923
0.738815
0.738733
0.738657
0.73856
0.73845
0.738324
0.738199
0.738066
0.737941
0.737833
0.737724
0.737627
0.737536
0.737442
0.737367
0.737299
0.737203
0.737114
0.737028
0.736931
0.736821
0.736711
0.736627
0.736556
0.736505
0.73643
0.736337
0.736221
0.736082
0.735961
0.735845
0.735733
0.735627
0.735518
0.735387
0.735253
0.735114
0.734974
0.734839
0.734688
0.734576
0.734476
0.734396
0.734313
0.734243
0.734184
0.734147
0.734123
0.73413
0.734149
0.734164
0.734173
0.734187
0.734201
0.734171
0.734122
0.734072
0.734038
0.733998
0.733939
0.733862
0.73376
0.733653
0.733522
0.733384
0.733241
0.733097
0.73297
0.732842
0.732724
0.732605
0.7325
0.732423
0.73236
0.732295
0.732197
0.732093
0.731973
0.731854
0.731737
0.731609
0.731516
0.731429
0.731363
0.7313
0.731247
0.731212
0.731185
0.731164
0.731144
0.731118
0.731081
0.731032
0.730959
0.73088
0.730821
0.730759
0.730714
0.730643
0.730552
0.73047
0.730401
0.73033
0.730249
0.730154
0.730031
0.729922
0.729811
0.729708
0.729619
0.729541
0.729466
0.72938
0.729301
0.729186
0.729052
0.72893
0.728815
0.728732
0.728668
0.728619
0.728585
0.728549
0.728505
0.728449
0.728372
0.728303
0.728226
0.728145
0.72808
0.728033
0.727985
0.72792
0.727859
0.727775
0.727664
0.727558
0.72744
0.727307
0.727187
0.72705
0.726939
0.726841
0.726753
0.72666
0.726604
0.72655
0.726511
0.726475
0.726433
0.726395
0.726341
0.726291
0.726239
0.726183
0.726101
0.726005
0.725912
0.725804
0.725701
0.725617
0.725544
0.725499
0.725441
0.725381
0.725326
0.72527
0.7252
0.725139
0.725049
0.72496
0.72487
0.724804
0.724714
0.724624
0.724533
0.724439
0.724335
0.724236
0.72412
0.723987
0.723853
0.723747
0.723643
0.723531
0.723396
0.723268
0.723158
0.723053
0.722957
0.722863
0.722786
0.722742
0.722703
0.722647
0.722573
0.722509
0.722458
0.722411
0.722389
0.722343
0.722321
0.722317
0.722292
0.722273
0.722216
0.722157
0.722069
0.721935
0.72178
0.721607
0.721421
0.721212
0.721007
0.720794
0.720599
0.720407
0.720187
0.719984
0.719755
0.719486
0.719195
0.718904
0.718614
0.718297
0.717959
0.717579
0.717168
0.71674
0.716283
0.715768
0.715197
0.714597
0.713959
0.71329
0.712574
0.711851
0.711121
0.710387
0.709644
0.708894
0.708141
0.70735
0.706521
0.705635
0.704735
0.703829
0.702912
0.701969
0.701025
0.70008
0.6991
0.6981
0.697075
0.696022
0.694952
0.693831
0.69263
0.691358
0.69
0.688594
0.687128
0.685624
0.684065
0.682471
0.680843
0.679169
0.677365
0.675445
0.673466
0.671579
0.669728
0.667845
0.665826
0.663685
0.661517
0.659337
0.657132
0.654848
0.652504
0.65007
0.647545
0.645047
0.642505
0.639858
0.637278
0.634877
0.632615
0.630447
0.628395
0.62639
0.624443
0.622511
0.620572
0.61868
0.616797
0.614974
0.613184
0.61143
0.609722
0.608007
0.606315
0.604545
0.602727
0.600812
0.598845
0.596826
0.594699
0.592487
0.590167
0.587744
0.585223
0.582571
0.579825
0.577
0.574045
0.571007
0.567864
0.564568
0.561086
0.557502
0.553716
0.549772
0.545558
0.541143
0.5365
0.531664
0.526532
0.521289
0.51593
0.510504
0.505021
0.499557
0.494086
0.488622
0.48319
0.477688
0.472292
0.466852
0.461521
0.456102
0.450656
0.445206
0.439634
0.434117
0.428463
0.422685
0.416746
0.410748
0.4046
0.398286
0.391776
0.385121
0.378372
0.371507
0.364571
0.35754
0.350435
0.343245
0.335915
0.328482
0.320957
0.313352
0.305656
0.297909
0.290221
0.282448
0.274742
0.267031
0.259432
0.251941
0.244624
0.237443
0.230435
0.223636
0.216907
0.210176
0.203423
0.196629
0.189639
0.182496
0.175178
0.167637
0.159748
0.151522
0.142768
0.133681
0.124251
0.114433
0.104414
0.094164
0.0837414
0.0731747
0.0623604
0.0514772
0.0407416
0.0302
0.0198618
0.00971736
-0.000350711
-0.0102757
-0.0201749
-0.0301998
-0.0403148
-0.0505773
-0.0608156
-0.0710339
-0.0811601
-0.0911842
-0.101068
-0.110827
-0.120384
-0.130041
-0.139638
-0.149306
-0.159165
-0.169206
-0.179504
-0.190057
-0.200742
-0.211539
-0.222383
-0.233111
-0.243673
-0.254075
-0.264319
-0.274232
-0.283652
-0.292529
-0.300986
-0.30911
-0.317107
-0.324908
-0.332504
-0.339889
-0.347078
-0.354142
-0.361176
-0.368154
-0.375144
-0.382024
-0.388837
-0.395664
-0.402493
-0.409337
-0.416285
-0.42338
-0.430739
-0.438324
-0.446042
-0.453785
-0.461495
-0.468939
-0.476053
-0.482882
-0.489419
-0.495606
-0.501366
-0.506513
-0.511035
-0.515054
-0.518679
-0.521954
-0.524965
-0.527848
-0.530643
-0.533486
-0.536427
-0.539428
-0.542301
-0.545114
-0.547907
-0.55079
-0.553747
-0.556765
-0.559823
-0.562819
-0.565711
-0.568544
-0.571303
-0.574112
-0.576853
-0.579516
-0.58201
-0.584312
-0.586375
-0.588189
-0.589852
-0.591418
-0.592921
-0.594403
-0.595955
-0.597569
-0.599297
-0.601153
-0.603146
-0.605164
-0.60718
-0.609202
-0.611325
-0.613582
-0.615904
-0.618231
-0.620504
-0.622717
-0.624834
-0.626809
-0.628649
-0.630342
-0.631885
-0.63327
-0.634596
-0.635886
-0.637234
-0.638668
-0.640151
-0.641754
-0.643474
-0.645267
-0.647023
-0.648717
-0.650302
-0.651774
-0.653134
-0.654426
-0.655723
-0.657155
-0.658756
-0.660541
-0.662495
-0.664521
-0.666515
-0.66846
-0.670339
-0.672125
-0.673805
-0.67537
-0.676763
-0.677978
-0.679025
-0.679988
-0.680936
-0.68193
-0.682976
-0.684123
-0.685431
-0.686895
-0.688479
-0.690112
-0.691753
-0.693393
-0.695025
-0.696637
-0.698223
-0.699799
-0.70138
-0.703031
-0.704746
-0.706516
-0.708243
-0.70986
-0.71135
-0.712699
-0.713923
-0.715055
-0.71615
-0.717278
-0.718532
-0.719867
-0.721256
-0.722683
-0.724058
-0.725292
-0.726393
-0.72736
-0.728219
-0.728956
-0.72958
-0.730077
-0.730502
-0.730884
-0.731237
-0.731568
-0.731903
-0.732272
-0.73267
-0.733125
-0.73358
-0.734059
-0.734519
-0.734961
-0.735424
-0.735947
-0.736589
-0.737324
-0.738163
-0.739021
-0.739828
-0.74058
-0.741267
-0.741861
-0.742321
-0.742694
-0.743008
-0.743282
-0.743491
-0.743643
-0.743728
-0.743757
-0.743753
-0.743732
-0.743683
-0.74366
-0.743668
-0.7437
-0.743738
-0.743722
-0.74366
-0.743516
-0.743365
-0.743194
-0.74306
-0.743018
-0.743032
-0.743089
-0.743121
-0.743136
-0.743093
-0.742967
-0.742755
-0.742462
-0.742087
-0.741673
-0.741209
-0.740731
-0.74027
-0.739838
-0.739487
-0.739224
-0.739095
-0.739064
-0.739052
-0.739044
-0.739028
-0.739011
-0.739013
-0.73902
-0.739053
-0.739096
-0.739163
-0.739249
-0.739339
-0.739378
-0.739383
-0.739313
-0.739212
-0.739077
-0.738931
-0.738753
-0.738533
-0.738233
-0.737922
-0.737611
-0.737293
-0.736967
-0.73662
-0.736275
-0.735938
-0.73558
-0.735213
-0.734886
-0.734669
-0.734553
-0.734458
-0.734351
-0.73421
-0.734044
-0.733858
-0.733682
-0.733502
-0.733297
-0.73311
-0.732923
-0.732748
-0.732577
-0.732401
-0.732206
-0.731969
-0.731724
-0.731532
-0.731376
-0.731265
-0.731142
-0.731018
-0.730885
-0.730724
-0.730543
-0.730351
-0.730118
-0.729828
-0.729497
-0.729139
-0.728803
-0.728512
-0.728263
-0.728039
-0.727845
-0.727674
-0.727501
-0.727325
-0.727133
-0.726931
-0.72672
-0.726504
-0.726306
-0.726106
-0.725913
-0.725722
-0.725553
-0.725402
-0.725242
-0.725076
-0.724932
-0.724823
-0.724749
-0.724706
-0.724686
-0.724635
-0.724551
-0.724443
-0.724335
-0.724224
-0.724142
-0.724091
-0.724053
-0.724002
-0.723945
-0.723871
-0.72377
-0.723633
-0.723479
-0.72333
-0.723197
-0.723065
-0.722909
-0.722781
-0.722712
-0.722714
-0.722747
-0.722793
-0.722808
-0.722805
-0.722713
-0.722557
-0.722371
-0.722173
-0.72196
-0.721722
-0.721433
-0.721144
-0.720901
-0.720689
-0.720528
-0.720401
-0.720303
-0.720214
-0.720134
-0.720039
-0.719933
-0.719804
-0.719686
-0.719572
-0.719479
-0.719385
-0.719311
-0.71926
-0.719214
-0.719162
-0.719106
-0.719038
-0.718945
-0.718827
-0.718681
-0.718509
-0.718304
-0.718059
-0.717814
-0.717567
-0.717374
-0.717253
-0.717179
-0.717101
-0.716989
-0.716835
-0.716662
-0.716495
-0.716358
-0.716219
-0.716085
-0.715975
-0.715885
-0.71582
-0.715755
-0.715705
-0.715644
-0.715618
-0.7156
-0.715571
-0.715515
-0.715456
-0.715393
-0.715305
-0.71521
-0.715064
-0.714899
-0.714683
-0.714465
-0.714275
-0.714073
-0.713872
-0.713663
-0.713455
-0.713296
-0.713145
-0.712999
-0.712839
-0.712676
-0.712517
-0.712409
-0.712339
-0.712271
-0.712186
-0.712064
-0.71195
-0.711825
-0.711698
-0.711567
-0.711441
-0.711321
-0.711196
-0.711058
-0.710888
-0.710659
-0.710388
-0.710088
-0.709796
-0.709523
-0.709304
-0.709112
-0.708947
-0.708782
-0.70865
-0.708544
-0.708415
-0.708224
-0.708009
-0.707751
-0.707493
-0.707294
-0.707139
-0.707018
-0.706906
-0.706801
-0.70667
-0.706528
-0.706361
-0.706203
-0.705992
-0.705747
-0.705492
-0.705227
-0.704982
-0.704781
-0.7046
-0.704445
-0.704296
-0.704144
-0.703983
-0.703805
-0.703626
-0.703441
-0.703252
-0.703056
-0.702834
-0.702593
-0.70235
-0.702118
-0.701928
-0.701728
-0.701551
-0.701364
-0.701172
-0.701013
-0.70092
-0.700908
-0.700924
-0.70091
-0.700885
-0.700808
-0.700749
-0.700686
-0.70069
-0.700735
-0.700782
-0.700807
-0.700807
-0.700779
-0.700737
-0.700682
-0.700667
-0.70068
-0.70069
-0.700733
-0.700817
-0.700916
-0.701003
-0.701073
-0.701106
-0.701112
-0.701085
-0.700997
-0.700865
-0.700684
-0.70044
-0.700163
-0.699873
-0.699556
-0.699221
-0.698874
-0.698523
-0.698146
-0.697791
-0.69744
-0.697092
-0.696744
-0.696378
-0.695998
-0.695638
-0.695291
-0.694973
-0.694652
-0.694305
-0.693931
-0.693462
-0.692934
-0.692387
-0.69188
-0.691395
-0.69092
-0.69042
-0.689852
-0.689228
-0.688538
-0.687781
-0.686984
-0.686115
-0.685195
-0.68423
-0.683258
-0.682312
-0.6814
-0.680511
-0.679626
-0.678685
-0.677657
-0.676491
-0.675223
-0.673878
-0.672467
-0.671043
-0.669612
-0.668238
-0.666957
-0.665785
-0.664641
-0.663494
-0.662323
-0.661115
-0.659869
-0.658603
-0.657321
-0.656061
-0.654819
-0.653598
-0.652374
-0.651146
-0.649917
-0.648643
-0.647329
-0.646039
-0.644739
-0.643436
-0.642126
-0.640788
-0.639391
-0.637922
-0.636368
-0.6347
-0.632899
-0.63096
-0.628886
-0.626643
-0.624518
-0.62254
-0.62049
-0.618294
-0.615977
-0.613565
-0.611075
-0.608523
-0.605934
-0.603337
-0.600687
-0.597993
-0.595259
-0.592462
-0.589671
-0.586937
-0.584181
-0.58134
-0.578329
-0.575215
-0.572071
-0.568913
-0.565761
-0.562644
-0.559499
-0.556296
-0.552975
-0.549482
-0.545776
-0.541858
-0.537664
-0.533262
-0.528734
-0.524101
-0.519337
-0.514379
-0.509288
-0.504131
-0.498917
-0.493641
-0.488201
-0.482598
-0.476914
-0.471149
-0.465273
-0.459241
-0.453029
-0.446687
-0.440197
-0.433541
-0.426796
-0.420014
-0.413218
-0.406413
-0.399612
-0.392851
-0.386249
-0.379918
-0.37392
-0.368205
-0.362682
-0.357234
-0.351797
-0.346368
-0.340958
-0.335801
-0.330937
-0.326472
-0.322439
-0.318825
-0.315506
-0.312397
-0.309355
-0.306323
-0.303277
-0.300124
-0.296882
-0.293505
-0.290018
-0.286515
-0.28306
-0.279641
-0.27624
-0.272792
-0.269245
-0.265595
-0.261804
-0.257932
-0.254101
-0.250352
-0.246783
-0.243506
-0.240484
-0.237478
-0.23445
-0.23143
-0.228425
-0.225498
-0.222459
-0.219234
-0.216001
-0.212888
-0.20992
-0.20706
-0.204099
-0.201326
-0.198676
-0.196045
-0.193358
-0.190722
-0.188035
-0.185321
-0.182567
-0.179818
-0.176944
-0.174002
-0.170907
-0.167627
-0.164148
-0.16047
-0.156738
-0.152951
-0.149311
-0.145837
-0.142665
-0.139683
-0.136833
-0.134019
-0.131324
-0.128731
-0.126337
-0.124063
-0.121947
-0.119926
-0.118017
-0.115976
-0.113845
-0.1116
-0.109282
-0.106806
-0.104163
-0.101408
-0.0985892
-0.0956917
-0.0927255
-0.0897266
-0.0868113
-0.0839713
-0.0813259
-0.078816
-0.0764789
-0.0744143
-0.0725328
-0.0708385
-0.0693287
-0.0679639
-0.0667683
-0.0656798
-0.0648072
-0.0641638
-0.0636533
-0.0632658
-0.0629589
-0.0626838
-0.0624319
-0.0621657
-0.0618591
-0.0614797
-0.0610259
-0.0605426
-0.0599857
-0.059397
-0.0587804
-0.0581736
-0.0575357
-0.0569141
-0.0563408
-0.0558375
-0.0553397
-0.0548603
-0.0544029
-0.0540012
-0.0535705
-0.0531252
-0.0526424
-0.0521226
-0.0517029
-0.051365
-0.0510977
-0.0509265
-0.0508266
-0.0507641
-0.0507437
-0.0507305
-0.0508049
-0.050963
-0.051159
-0.05135
-0.0515578
-0.0517492
-0.0518579
-0.0518837
-0.0518479
-0.0518317
-0.0518298
-0.0518283
-0.0518759
-0.0519154
-0.0519528
-0.0519956
-0.05205
-0.0521609
-0.0522987
-0.0524279
-0.0525376
-0.0526702
-0.0527555
-0.052845
-0.0528753
-0.0529125
-0.0529577
-0.0530497
-0.0531306
-0.0532718
-0.0534243
-0.0536169
-0.0538348
-0.0541397
-0.0544012
-0.0546664
-0.0548974
-0.0551008
-0.0553066
-0.0555197
-0.0556919
-0.0558663
-0.0560194
-0.0561211
-0.0562852
-0.0563479
-0.0564236
-0.0564217
-0.0563635
-0.0562605
-0.0561521
-0.0561087
-0.0561171
-0.0560649
-0.0560353
-0.0559651
-0.0559364
-0.055967
-0.056009
-0.0560811
-0.0561478
-0.0561861
-0.0562035
-0.0562466
-0.0563268
-0.0564102
-0.0564736
-0.0565847
-0.0567022
-0.0568257
-0.0569037
-0.0570182
-0.0570446
-0.0571087
-0.0571035
-0.0571538
-0.0571912
-0.0572809
-0.0574333
-0.0574681
-0.0575145
-0.0574818
-0.057415
-0.057384
-0.0573659
-0.057344
-0.0573645
-0.0574858
-0.0575782
-0.0576889
-0.0578313
-0.0579049
-0.0580239
-0.0581724
-0.0583267
-0.058538
-0.0587626
-0.0589818
-0.0592151
-0.0594894
-0.0597365
-0.0600221
-0.0603231
-0.0606097
-0.0608713
-0.0611218
-0.0614068
-0.0617534
-0.0620869
-0.062397
-0.062689
-0.0629063
-0.0631031
-0.0632543
-0.0634043
-0.0635554
-0.0637229
-0.0638502
-0.064028
-0.0642163
-0.0643479
-0.0645336
-0.0647537
-0.0649486
-0.0651215
-0.0652822
-0.0654195
-0.065568
-0.0657067
-0.0658334
-0.0659705
-0.0661445
-0.0663168
-0.0665273
-0.0667124
-0.0669557
-0.0671446
-0.0673711
-0.0675667
-0.0677323
-0.0678646
-0.0680125
-0.068109
-0.0682118
-0.0683379
-0.0683931
-0.0685138
-0.0686262
-0.0687425
-0.0688188
-0.0688525
-0.0688751
-0.0688969
-0.0688918
-0.0689062
-0.0689117
-0.06891
-0.0689887
-0.0690323
-0.0691038
-0.0691116
-0.0691347
-0.0691824
-0.069199
-0.0692616
-0.0692894
-0.0693124
-0.0693214
-0.0692906
-0.0692392
-0.0691986
-0.0691421
-0.0690597
-0.0689457
-0.06883
-0.0687379
-0.068629
-0.0685287
-0.0684888
-0.0685159
-0.068532
-0.0685831
-0.0687115
-0.0688007
-0.0688566
-0.0688978
-0.068895
-0.0688642
-0.0688562
-0.0688661
-0.0688638
-0.0688543
-0.0688289
-0.0687988
-0.0687336
-0.0686986
-0.0687245
-0.0687526
-0.0687576
-0.0687215
-0.0687168
-0.068705
-0.0686781
-0.068637
-0.0686341
-0.0686282
-0.0686178
-0.0685903
-0.0685863
-0.0685377
-0.0684995
-0.0684654
-0.0684306
-0.0684298
-0.0684303
-0.0683906
-0.0683639
-0.0683804
-0.0683893
-0.0684616
-0.0684884
-0.0685132
-0.0684686
-0.0684539
-0.0684096
-0.0683299
-0.0682865
-0.0681978
-0.0680795
-0.0679508
-0.0678549
-0.0677915
-0.06777
-0.0677513
-0.0677276
-0.0676656
-0.0675901
-0.0674809
-0.0673603
-0.0672829
-0.0672554
-0.0672484
-0.0672435
-0.0673314
-0.0673693
-0.0674339
-0.0675068
-0.0675843
-0.0676448
-0.0677029
-0.0677564
-0.0677786
-0.0677603
-0.0677403
-0.0677401
-0.0676549
-0.0675866
-0.0675145
-0.0673755
-0.0672755
-0.0671662
-0.0671049
-0.0670001
-0.0669057
-0.0668646
-0.0667184
-0.0665468
-0.0663847
-0.0662466
-0.0661561
-0.0660564
-0.0659408
-0.0658261
-0.0656746
-0.0655353
-0.065391
-0.0652594
-0.0651612
-0.0650675
-0.0649858
-0.0648861
-0.0648071
-0.0647141
-0.064617
-0.0645257
-0.0644401
-0.0643019
-0.0641406
-0.0639569
-0.0637346
-0.0635182
-0.0632853
-0.0630549
-0.0628025
-0.0625787
-0.0623567
-0.0621763
-0.0620044
-0.0618324
-0.0616784
-0.0615533
-0.0614999
-0.0614079
-0.0614085
-0.0614503
-0.0615115
-0.0615739
-0.0616509
-0.0617585
-0.0618778
-0.0619848
-0.062118
-0.0622693
-0.0624117
-0.0625336
-0.0627245
-0.0628561
-0.0629995
-0.0631882
-0.0634106
-0.0636244
-0.0638855
-0.0642146
-0.0646156
-0.0650387
-0.0653666
-0.0656879
-0.065959
-0.0662495
-0.066529
-0.066805
-0.0671445
-0.0674716
-0.067893
-0.0683823
-0.06882
-0.0692708
-0.0696403
-0.0699768
-0.0701935
-0.0704259
-0.0706116
-0.070774
-0.0709571
-0.0711237
-0.0712263
-0.071262
-0.071352
-0.0713987
-0.0714322
-0.0715191
-0.0715428
-0.071586
-0.0716683
-0.0717713
-0.0718775
-0.0720268
-0.0721469
-0.072256
-0.0723014
-0.0721576
-0.0719313
-0.071611
-0.07131
-0.07095
-0.0705998
-0.0703555
-0.0702071
-0.0700954
-0.0701063
-0.0701972
-0.0702902
-0.0704238
-0.0706879
-0.0710442
-0.0715054
-0.0719532
-0.0723292
-0.0726275
-0.0730767
-0.0728908
-0.0727777
-0.0727054
-0.0728021
-0.0727878
-0.0725363
-0.0723042
-0.0720209
-0.0717709
-0.0715082
-0.071258
-0.0710711
-0.0708437
-0.0704846
-0.0700579
-0.0695526
-0.0689112
-0.0680938
-0.067135
-0.0659168
-0.0647375
-0.0634825
-0.0621319
-0.060758
-0.0593404
-0.0578857
-0.0563492
-0.0548736
-0.0533928
-0.0519015
-0.0503701
-0.0486517
-0.0468569
-0.0450724
-0.0432398
-0.0415354
-0.0399017
-0.0382542
-0.036665
-0.0352276
-0.0338798
-0.0326602
-0.0314588
-0.0303496
-0.0290784
-0.0277567
-0.0264716
-0.0251579
-0.0238901
-0.0225404
-0.021175
-0.0195993
-0.0183575
-0.0171887
-0.0160021
-0.0146937
-0.0135113
-0.0123711
-0.0111254
-0.00978948
-0.00839362
-0.00697095
-0.00553155
-0.00418341
-0.00286999
-0.00164359
-0.000524399
0.000409281
0.00127047
0.00209326
0.00284702
0.00342793
0.00400267
0.00441037
0.00478953
0.00512784
0.00546457
0.00575577
0.00603252
0.00628867
0.00652287
0.00668531
0.00680757
0.00686662
0.00691127
0.00696945
0.00703235
0.00714899
0.00722796
0.0073294
0.00743124
0.00752316
0.00751416
0.00732644
0.00699762
0.00655509
0.00604313
0.00546927
0.0047319
0.00390775
0.00308923
0.00227148
0.00160376
0.00112987
0.000650466
0.000212624
-0.000155015
-0.000445668
-0.000822348
-0.00116986
-0.00148587
-0.00180366
-0.00213992
-0.00249259
-0.00278741
-0.00321328
-0.00373677
-0.00430241
-0.00501026
-0.00563308
-0.00622453
-0.00678807
-0.0072194
-0.00753671
-0.00779847
-0.00801918
-0.00817566
-0.00830041
-0.00839296
-0.00844868
-0.00860605
-0.00885583
-0.00911298
-0.00961626
-0.0103259
-0.0110089
-0.0118571
-0.0126542
-0.013498
-0.014292
-0.0150366
-0.0158484
-0.0165588
-0.0174778
-0.0183976
-0.0191465
-0.0197684
-0.02024
-0.0206779
-0.0210837
-0.0215646
-0.0222843
-0.0230447
-0.0236964
-0.0241613
-0.0243412
-0.0243705
-0.024382
-0.0244326
-0.0245102
-0.0245422
-0.0245368
-0.0246029
-0.0246433
-0.0247141
-0.0247134
-0.0246891
-0.0246361
-0.0245166
-0.0243916
-0.0241268
-0.0237133
-0.0233116
-0.0230298
-0.0228247
-0.0226808
-0.0225636
-0.0224568
-0.0224232
-0.022493
-0.0226753
-0.0229373
-0.0232243
-0.0234969
-0.0237781
-0.0240812
-0.0243831
-0.0247036
-0.0250087
-0.0252654
-0.0255366
-0.0257952
-0.0260677
-0.0263636
-0.0267145
-0.0271118
-0.0275621
-0.0280305
-0.0284802
-0.0289139
-0.029331
-0.0297424
-0.0301565
-0.0305925
-0.0310675
-0.0315386
-0.0320117
-0.0325052
-0.0329975
-0.0334407
-0.0338421
-0.0341895
-0.0344955
-0.0347322
-0.0348894
-0.0349762
-0.0349726
-0.0348955
-0.0347457
-0.034505
-0.0341598
-0.0337559
-0.0333263
-0.0328789
-0.0324629
-0.0320796
-0.0317088
-0.0313471
-0.0309947
-0.0306867
-0.0304342
-0.0302503
-0.0301168
-0.030014
-0.0299549
-0.0299415
-0.0299665
-0.0300441
-0.0301683
-0.0302981
-0.0304372
-0.0305817
-0.0307485
-0.0309067
-0.0310658
-0.0312038
-0.0313297
-0.0314132
-0.0314971
-0.0315413
-0.0315263
-0.0314705
-0.0313688
-0.0312261
-0.031074
-0.0309209
-0.0307403
-0.0305482
-0.0303877
-0.0302561
-0.0301585
-0.0300929
-0.0300358
-0.0299808
-0.0299152
-0.0298412
-0.0297747
-0.0297317
-0.0297298
-0.0297925
-0.0299039
-0.0300637
-0.0302677
-0.0305307
-0.0307916
-0.0310542
-0.0312987
-0.0315322
-0.0317335
-0.0319017
-0.0320224
-0.0321036
-0.0321423
-0.0321636
-0.032179
-0.0321882
-0.0322042
-0.0322331
-0.0322507
-0.0322609
-0.0322972
-0.0323446
-0.0324188
-0.0325388
-0.0326617
-0.0328321
-0.0330144
-0.0332098
-0.0333945
-0.0335782
-0.0337539
-0.0338888
-0.0339606
-0.033999
-0.0340114
-0.0340003
-0.0339687
-0.0339389
-0.033931
-0.0339315
-0.0339611
-0.0339889
-0.034039
-0.034078
-0.0341164
-0.0341793
-0.0342819
-0.0344466
-0.0346639
-0.0349113
-0.0351651
-0.0354016
-0.0356567
-0.035929
-0.0362925
-0.036691
-0.0373031
-0.0378704
-0.0383693
-0.0388408
-0.0393791
-0.039784
-0.0401778
-0.0405626
-0.0409497
-0.0413424
-0.0417236
-0.042051
-0.0423403
-0.0425987
-0.0428105
-0.0429862
-0.0431045
-0.0431885
-0.0432541
-0.0433201
-0.0434238
-0.0435498
-0.0437244
-0.04389
-0.0440455
-0.0441721
-0.0442593
-0.0443341
-0.0444028
-0.0444622
-0.0444765
-0.0444504
-0.0443807
-0.0442685
-0.0441351
-0.0439744
-0.0437964
-0.0436115
-0.0434226
-0.0432205
-0.0430061
-0.0427837
-0.0425587
-0.0423387
-0.0421242
-0.0419429
-0.0417649
-0.0415925
-0.0413921
-0.0411925
-0.0409881
-0.0407869
-0.0405693
-0.0403734
-0.0401798
-0.0399997
-0.039801
-0.0395973
-0.0394124
-0.0392332
-0.0390385
-0.0388513
-0.0386515
-0.0384747
-0.0383197
-0.0381676
-0.0380275
-0.0379074
-0.0377672
-0.0376514
-0.0375
-0.0373208
-0.0371459
-0.0370257
-0.0369697
-0.0369445
-0.0369411
-0.0369519
-0.0369633
-0.0369732
-0.0369445
-0.0368914
-0.0368136
-0.0367089
-0.0365966
-0.0364869
-0.0363522
-0.036237
-0.0361181
-0.0360096
-0.0359549
-0.0359353
-0.0359314
-0.0359104
-0.0358838
-0.0358477
-0.035806
-0.0357498
-0.0357001
-0.0356463
-0.0356141
-0.0355656
-0.0355255
-0.0354894
-0.035458
-0.0354224
-0.0353577
-0.0352891
-0.0352059
-0.0350975
-0.034946
-0.0347491
-0.0344915
-0.0342112
-0.0339137
-0.0336326
-0.0333611
-0.0330715
-0.032775
-0.032489
-0.0321745
-0.0318553
-0.0315481
-0.0312434
-0.0309637
-0.0307268
-0.0305142
-0.0303473
-0.0302195
-0.0301118
-0.030035
-0.0299804
-0.0299717
-0.0299564
-0.0299516
-0.0299002
-0.029808
-0.0296946
-0.0295843
-0.0295022
-0.0294456
-0.0293806
-0.0293116
-0.0292232
-0.0291301
-0.0290231
-0.0289448
-0.0288604
-0.0287707
-0.0286606
-0.0285735
-0.0284942
-0.0284144
-0.0283471
-0.028278
-0.0282223
-0.0281773
-0.0281348
-0.0280848
-0.0280659
-0.0280829
-0.0281347
-0.0282338
-0.0283642
-0.0285325
-0.0287242
-0.0289396
-0.0291858
-0.0294991
-0.0298262
-0.0301518
-0.0304917
-0.030825
-0.0311191
-0.0313961
-0.0316464
-0.0318636
-0.03202
-0.0321253
-0.0322034
-0.032265
-0.0323415
-0.0324245
-0.0325406
-0.0326585
-0.0327692
-0.0328346
-0.0328637
-0.0328752
-0.0329096
-0.0329593
-0.0330608
-0.033199
-0.0333865
-0.0335959
-0.0338485
-0.0340854
-0.0343096
-0.034493
-0.0346493
-0.0347357
-0.0347917
-0.0348117
-0.0347819
-0.0347306
-0.0346794
-0.0346024
-0.0345106
-0.0344272
-0.0344211
-0.0344776
-0.0346
-0.0347373
-0.0348034
-0.0348439
-0.0348533
-0.0348586
-0.0348676
-0.0348854
-0.0349319
-0.0349972
-0.035102
-0.0352176
-0.0353677
-0.0355589
-0.0357098
-0.0358451
-0.0360223
-0.0362806
-0.0366546
-0.0370826
-0.0376097
-0.0382019
-0.0388934
-0.039593
-0.040281
-0.0409988
-0.041764
-0.0426174
-0.0437619
-0.0448112
-0.0457992
-0.0466507
-0.0472664
-0.0476676
-0.0478996
-0.0479419
-0.0477827
-0.0474258
-0.046816
-0.0459482
-0.0448173
-0.0434095
-0.0418656
-0.0405511
-0.0395437
-0.0387799
-0.0382533
-0.0380167
-0.0377862
-0.037522
-0.0372301
-0.0370245
-0.0370128
-0.0371006
-0.0372464
-0.0374626
-0.0375308
-0.0376128
-0.0377517
-0.0379507
-0.0381809
-0.0383544
-0.0385332
-0.0387672
-0.0389739
-0.0392122
-0.0394654
-0.039725
-0.0399163
-0.0401087
-0.0403067
-0.0404392
-0.0405378
-0.0407006
-0.0409407
-0.0412652
-0.0416402
-0.0420258
-0.0424649
-0.0428499
-0.0432223
-0.0435583
-0.0438831
-0.044244
-0.044701
-0.0452398
-0.0459457
-0.0468241
-0.0478019
-0.0487975
-0.0497814
-0.0507531
-0.0517067
-0.0525402
-0.0533818
-0.0541539
-0.0548611
-0.055539
-0.056307
-0.0569488
-0.0577597
-0.0585108
-0.0592811
-0.0602337
-0.0612866
-0.0623859
-0.0636192
-0.0649294
-0.0665485
-0.0679994
-0.0693996
-0.0706283
-0.071539
-0.0725088
-0.0732477
-0.0737277
-0.0740759
-0.0743251
-0.0743058
-0.0742934
-0.0742244
-0.0743032
-0.0742166
-0.0742556
-0.074287
-0.0743346
-0.0745961
-0.0748185
-0.0748189
-0.0749538
-0.0754522
-0.07603
-0.0764368
-0.0770294
-0.0776048
-0.0777657
-0.0774991
-0.0766561
-0.0758054
-0.0749919
-0.074016
-0.0729952
-0.0721302
-0.0713351
-0.0703218
-0.0697967
-0.0692696
-0.0686086
-0.0677894
-0.0667303
-0.0653236
-0.0637111
-0.0618286
-0.0592615
-0.0573683
-0.0555441
-0.0537312
-0.0516328
-0.049845
-0.0483204
-0.0468337
-0.0452666
-0.0436515
-0.0419237
-0.0403204
-0.0383652
-0.0355588
-0.0330917
-0.0309886
-0.0284951
-0.0261241
-0.0237882
-0.0216504
-0.01991
-0.0179446
-0.0161114
-0.0143337
-0.0125622
-0.010787
-0.00862632
-0.0066657
-0.00479038
-0.00263981
0.000125561
0.00262924
0.00522106
0.00732276
0.00905791
0.0103662
0.0114432
0.0122663
0.013027
0.0139502
0.0149873
0.0158767
0.0168814
0.0178146
0.0188677
0.019721
0.0206084
0.0213266
0.021766
0.0223014
0.022877
0.0233392
0.0238089
0.0245009
0.0255284
0.0266658
0.0277054
0.0286465
0.029638
0.0305533
0.0315161
0.0327688
0.0339001
0.0350339
0.0360833
0.0370963
0.0380244
0.0383601
0.0387523
0.0388986
0.0389463
0.0387161
0.0384002
0.0379759
0.037443
0.0368877
0.0362334
0.0357037
0.0351872
0.0348293
0.0344784
0.0343676
0.0344054
0.03453
0.0347185
0.0350487
0.0355583
0.036191
0.036933
0.0375521
0.038057
0.0385219
0.038956
0.0393411
0.0397776
0.0402184
0.0406945
0.0411026
0.0414021
0.0415546
0.0414981
0.0412246
0.0408594
0.0403538
0.039769
0.0391425
0.038361
0.037462
0.0365374
0.0356248
0.0346986
0.0338807
0.0331136
0.0323073
0.031722
0.0312745
0.0309561
0.0307853
0.0308257
0.0311017
0.0314891
0.031944
0.0324712
0.0331081
0.0338058
0.034587
0.0355215
0.0365364
0.0376294
0.0386784
0.0396969
0.0406856
0.0416121
0.0424604
0.0432345
0.0439013
0.0445824
0.0452341
0.0458115
0.0464018
0.0470387
0.0477279
0.0484748
0.0492482
0.0499802
0.0506254
0.0512815
0.0519187
0.0525287
0.0530642
0.0535931
0.0539921
0.0542479
0.0544843
0.054738
0.0549704
0.055212
0.0554542
0.0556902
0.055915
0.0561251
0.0562988
0.0564009
0.0564155
0.0562816
0.0560331
0.0556822
0.0552558
0.0547807
0.0542842
0.0537788
0.0532782
0.0527758
0.0523183
0.0519566
0.0517211
0.0515991
0.0515849
0.0516515
0.0518064
0.0519969
0.0522439
0.0524994
0.052745
0.0529573
0.0531311
0.0532513
0.053338
0.0534025
0.053459
0.0535011
0.0535292
0.0535636
0.0535958
0.0536044
0.0535734
0.0535063
0.0534396
0.0533582
0.0532789
0.0531887
0.0530583
0.0529034
0.0527427
0.0525689
0.0523963
0.05225
0.0521329
0.0520609
0.0520043
0.0519613
0.051918
0.0518758
0.0518085
0.0517226
0.0515935
0.051444
0.0512728
0.0511147
0.0509665
0.0508033
0.0506481
0.0504962
0.0503987
0.0503318
0.0502798
0.0502525
0.0502357
0.0502558
0.0503154
0.0504026
0.0504929
0.0506322
0.0508377
0.0510623
0.0513008
0.0515591
0.0518375
0.0520982
0.0522826
0.0523654
0.0523331
0.0521961
0.0519595
0.0516634
0.0513197
0.0509531
0.0505745
0.050234
0.0499387
0.0496662
0.0494472
0.0492684
0.0491156
0.0489893
0.0488719
0.0487571
0.0486513
0.0485483
0.0484373
0.048305
0.048171
0.0480331
0.0478816
0.0477245
0.0475598
0.0473884
0.0472204
0.0470776
0.0469468
0.046836
0.046727
0.0466338
0.046555
0.0465262
0.0465031
0.0464956
0.0464784
0.0464601
0.0464055
0.0463224
0.04622
0.046129
0.04602
0.0459043
0.045783
0.0456763
0.0456213
0.0455992
0.0456233
0.0456408
0.0456755
0.0456784
0.0456405
0.0455763
0.0454994
0.0454205
0.0453739
0.0453617
0.0453876
0.0454438
0.0455245
0.0456046
0.045689
0.0457628
0.045849
0.0459227
0.0459936
0.0460862
0.0461818
0.046278
0.0463959
0.0465186
0.0466237
0.0467155
0.046788
0.0468326
0.0468502
0.0468499
0.0468024
0.04675
0.0466907
0.0466355
0.0466033
0.0465892
0.0466035
0.0466792
0.0468008
0.0469628
0.0471345
0.047322
0.0474644
0.0475581
0.0476085
0.0476228
0.0476279
0.0476274
0.0476312
0.0476987
0.0478031
0.0479408
0.0480953
0.0482632
0.0484599
0.0486501
0.0488636
0.0490873
0.0492796
0.0494638
0.0496197
0.0497828
0.0499619
0.0501303
0.0502796
0.0504103
0.0505415
0.0506726
0.0508099
0.0509699
0.0511424
0.0513121
0.0514755
0.0516363
0.0518063
0.0519775
0.0521344
0.052318
0.0524782
0.0526595
0.0528359
0.0530112
0.0531942
0.0534021
0.0536676
0.0539694
0.0543099
0.0546689
0.0550068
0.055324
0.0555875
0.0558041
0.0559649
0.0560823
0.0561518
0.0562125
0.0562592
0.0562887
0.0563172
0.0563276
0.0563053
0.0562694
0.056203
0.0561137
0.0559998
0.0558479
0.0556617
0.0554522
0.0552271
0.0550179
0.0548231
0.0546459
0.0544651
0.0542984
0.0541367
0.0539558
0.0537952
0.0536508
0.0535109
0.0534089
0.0533381
0.0532873
0.0532427
0.0532273
0.0531969
0.0531696
0.0531657
0.0531789
0.0532345
0.0533219
0.0534388
0.053583
0.0537366
0.0538898
0.0540403
0.0541789
0.054318
0.0544576
0.0546188
0.0547834
0.0549443
0.055137
0.0553235
0.0555265
0.0557281
0.0559024
0.0560778
0.0562545
0.0564346
0.0565996
0.0567865
0.0569785
0.0571495
0.0572985
0.0574486
0.057579
0.0576814
0.0577611
0.0578203
0.0578573
0.057859
0.0578589
0.0578619
0.0578486
0.0578129
0.057772
0.0577079
0.0576287
0.0575405
0.0574541
0.0573732
0.057296
0.057203
0.0570965
0.0569695
0.0568482
0.0567352
0.056624
0.0565248
0.0564164
0.0563392
0.0562813
0.0562329
0.0562056
0.0561848
0.056182
0.0562145
0.0562485
0.0562749
0.0563071
0.0563498
0.0563984
0.0564363
0.0564801
0.0565211
0.0565359
0.056541
0.0564945
0.0564176
0.0563079
0.0561847
0.0560316
0.0558771
0.055733
0.0556085
0.0554995
0.0553821
0.0553061
0.0552448
0.0552031
0.0551816
0.055179
0.0552107
0.0552471
0.0552919
0.0553234
0.0553356
0.0553371
0.0553345
0.0553079
0.0552809
0.0552526
0.0552287
0.0552041
0.0551985
0.0552073
0.0552254
0.0552927
0.0554221
0.0555991
0.0558167
0.0560597
0.0563216
0.0566118
0.0569323
0.0573064
0.0577006
0.0581243
0.0585419
0.0589463
0.0593528
0.0597488
0.0601301
0.0605073
0.060882
0.0612584
0.0615868
0.0618963
0.0621724
0.0624045
0.062608
0.0627475
0.0628472
0.0628895
0.0628906
0.0629007
0.0628726
0.0628398
0.0627899
0.0626986
0.0625858
0.0624142
0.0622197
0.0619897
0.0617129
0.0614179
0.0611354
0.060881
0.0606528
0.0604392
0.0602324
0.0600586
0.0598812
0.0596937
0.0595011
0.0592739
0.0590634
0.0588662
0.0586537
0.0584634
0.0582503
0.058057
0.0578414
0.0576535
0.0575449
0.0574111
0.0572032
0.0569255
0.0564965
0.0559488
0.0553
0.0544896
0.053548
0.0527952
0.0521471
0.051191
0.0504287
0.0496625
0.0488521
0.0480193
0.0474668
0.0466917
0.0462371
0.0455586
0.0450854
0.0442974
0.0437769
0.0431526
0.0426581
0.04211
0.0414898
0.0408677
0.040294
0.0396697
0.0387382
0.0376512
0.036537
0.0355651
0.0346562
0.0335854
0.0324906
0.0315852
0.0307149
0.0297294
0.028688
0.0276608
0.0266976
0.0257067
0.0248214
0.0239399
0.0230891
0.0223668
0.0217284
0.020996
0.0203607
0.0198687
0.019406
0.0189888
0.01846
0.0179593
0.0175409
0.0170932
0.0166398
0.0160508
0.0154839
0.0148848
0.014242
0.0135895
0.0128947
0.0122412
0.01172
0.0112543
0.0107539
0.0103426
0.00987506
0.00940366
0.00895822
0.00856802
0.00822561
0.00790284
0.00764437
0.00734852
0.00702382
0.00658725
0.00625859
0.00609383
0.00606811
0.00609376
0.00604271
0.00588935
0.00564064
0.00536007
0.00504083
0.00474718
0.00450534
0.00430158
0.00420311
0.00416138
0.00407252
0.00401669
0.00400279
0.00396564
0.00387152
0.00374797
0.00365431
0.00347286
0.00313834
0.00264815
0.00197618
0.00123994
0.000459122
-0.000314458
-0.00103585
-0.00164505
-0.00209241
-0.00251467
-0.00280256
-0.00310955
-0.00345389
-0.00378771
-0.00405794
-0.00432455
-0.00458861
-0.00488604
-0.00515088
-0.00534232
-0.00557396
-0.00574521
-0.00600693
-0.00623019
-0.00649679
-0.00686589
-0.0072345
-0.00756939
-0.00795549
-0.00839214
-0.00881559
-0.00923082
-0.0095796
-0.00987914
-0.0101287
-0.0103472
-0.0105566
-0.0107877
-0.0111379
-0.011521
-0.0120204
-0.0124702
-0.0128945
-0.0133106
-0.0136984
-0.0140611
-0.0143824
-0.0146031
-0.0147827
-0.0148389
-0.0147622
-0.0145766
-0.0142252
-0.0137779
-0.0132921
-0.0128043
-0.0124011
-0.0120754
-0.0118655
-0.0117119
-0.0117191
-0.0117903
-0.0118133
-0.0117906
-0.0117706
-0.0116631
-0.0114987
-0.0112709
-0.0109991
-0.0106923
-0.010409
-0.0102348
-0.0101314
-0.0101608
-0.0103149
-0.010529
-0.0108689
-0.011064
-0.0112594
-0.0113308
-0.0113424
-0.0112508
-0.0110702
-0.0108669
-0.0107
-0.0105152
-0.0103591
-0.0102436
-0.0101148
-0.00989592
-0.00967952
-0.00944611
-0.00921476
-0.00900256
-0.00882814
-0.00875583
-0.00873231
-0.00872777
-0.00875639
-0.00877584
-0.00881344
-0.0089242
-0.00908077
-0.00925225
-0.00945197
-0.00968418
-0.00988608
-0.0100312
-0.0101557
-0.010374
-0.0105934
-0.0108291
-0.0110384
-0.011207
-0.0113583
-0.0114876
-0.0115701
-0.0116107
-0.0116186
-0.0116013
-0.0116398
-0.0116984
-0.0117634
-0.0118073
-0.0118532
-0.0118454
-0.0118646
-0.011883
-0.0119042
-0.0118828
-0.0118648
-0.0118443
-0.0118606
-0.0119106
-0.0119514
-0.0119714
-0.0119973
-0.012099
-0.0122205
-0.0124284
-0.0127169
-0.0129892
-0.0131985
-0.0134277
-0.0136712
-0.0139285
-0.0142192
-0.0144882
-0.0147724
-0.0150315
-0.015346
-0.0156111
-0.015869
-0.0161204
-0.0163734
-0.0165686
-0.016771
-0.0168637
-0.0168938
-0.0168128
-0.0166848
-0.0164869
-0.0162489
-0.0160322
-0.0157912
-0.0155836
-0.0153937
-0.0151999
-0.0149965
-0.0147417
-0.0145259
-0.014358
-0.0141673
-0.0139854
-0.0138187
-0.0136705
-0.0135085
-0.013382
-0.0132335
-0.0131017
-0.0129501
-0.0128353
-0.012686
-0.0125575
-0.0124774
-0.0124366
-0.012466
-0.0125404
-0.012604
-0.0126664
-0.01268
-0.0126973
-0.0126778
-0.0126598
-0.0126006
-0.0124852
-0.0123153
-0.0121556
-0.0119177
-0.0115969
-0.011229
-0.0108578
-0.0104979
-0.010163
-0.00983172
-0.00950972
-0.009216
-0.00895427
-0.00877449
-0.00863968
-0.00856176
-0.00856315
-0.00861567
-0.00869824
-0.00886629
-0.0090192
-0.00923535
-0.00946824
-0.00970205
-0.0099764
-0.0102393
-0.0104874
-0.0107954
-0.011078
-0.0112814
-0.0114299
-0.0115241
-0.0115239
-0.0113974
-0.0113497
-0.0113762
-0.0114396
-0.01114
-0.0108673
-0.0106966
-0.0105623
-0.0104775
-0.0103598
-0.0102446
-0.0100702
-0.00989166
-0.00976588
-0.00966736
-0.0096031
-0.00958834
-0.00959694
-0.0095987
-0.00961757
-0.00962813
-0.00961234
-0.00957885
-0.00958483
-0.00962954
-0.0096451
-0.00964257
-0.00965006
-0.00966505
-0.00965828
-0.00966059
-0.00964031
-0.00961919
-0.00963493
-0.0095897
-0.00952498
-0.0094286
-0.00931339
-0.00923781
-0.00912128
-0.0089838
-0.0088417
-0.00868997
-0.00853867
-0.00839993
-0.00830976
-0.00826519
-0.00825671
-0.0082365
-0.00826632
-0.00834861
-0.00852674
-0.00864142
-0.00865731
-0.00863934
-0.00867369
-0.0087647
-0.00884461
-0.00893272
-0.00898488
-0.00912832
-0.00928312
-0.00947978
-0.00962103
-0.00976374
-0.00986759
-0.00998628
-0.0100587
-0.0101247
-0.0101949
-0.0102856
-0.0103172
-0.0103856
-0.0104397
-0.010445
-0.010464
-0.0104333
-0.010435
-0.0104794
-0.0105711
-0.0106573
-0.0107926
-0.0109133
-0.0110336
-0.0111714
-0.0112749
-0.0112872
-0.011286
-0.0112242
-0.0111103
-0.0110002
-0.0108428
-0.0106597
-0.0105031
-0.0103718
-0.0102542
-0.0101412
-0.0100044
-0.00983902
-0.00960905
-0.00930503
-0.00902934
-0.00875856
-0.00853682
-0.00839591
-0.00825346
-0.00813286
-0.00804421
-0.00795765
-0.00789558
-0.00784602
-0.00779941
-0.00773045
-0.00772672
-0.00764678
-0.00754808
-0.00746313
-0.00725177
-0.00707536
-0.00687984
-0.00665954
-0.00640006
-0.00611785
-0.00580352
-0.00548455
-0.00525726
-0.00508465
-0.00501136
-0.00493022
-0.00482585
-0.0046996
-0.00461654
-0.00456327
-0.0044873
-0.00443853
-0.00443667
-0.00440938
-0.00443991
-0.00445316
-0.00446243
-0.00451897
-0.00462993
-0.00470482
-0.00476521
-0.00483897
-0.00493364
-0.00499127
-0.00504887
-0.00512893
-0.00520694
-0.00527313
-0.00532702
-0.00536302
-0.00536217
-0.0054153
-0.00542755
-0.00544756
-0.00544314
-0.00551805
-0.00557241
-0.0055968
-0.00561643
-0.00564787
-0.0057179
-0.00572671
-0.00574106
-0.00572416
-0.00570409
-0.00561855
-0.00553178
-0.0054299
-0.00535052
-0.00529388
-0.00530141
-0.00532121
-0.00533654
-0.00535
-0.00536159
-0.0054064
-0.00546293
-0.00546786
-0.00552787
-0.00559
-0.00556855
-0.00553923
-0.00546471
-0.0054229
-0.00535885
-0.00532412
-0.00532114
-0.00531826
-0.00529455
-0.00525905
-0.00522532
-0.00518437
-0.0050748
-0.00493008
-0.00472419
-0.00452872
-0.00442774
-0.00429918
-0.00415427
-0.00405178
-0.00393443
-0.00383863
-0.00379546
-0.00379645
-0.00382018
-0.00380302
-0.00382463
-0.00386108
-0.00388363
-0.00393374
-0.00398116
-0.0040595
-0.00414372
-0.00422654
-0.00428086
-0.00427136
-0.00422711
-0.00420503
-0.00419278
-0.00424373
-0.00428507
-0.00434842
-0.004446
-0.00449727
-0.00454124
-0.00460802
-0.00468634
-0.00479778
-0.00493369
-0.00506484
-0.00521123
-0.00534006
-0.00541083
-0.00543815
-0.00546426
-0.00550135
-0.00553331
-0.00555083
-0.00553793
-0.00549866
-0.00542881
-0.00535385
-0.00528128
-0.00522697
-0.00524674
-0.00527802
-0.00534464
-0.00544835
-0.00551734
-0.00559029
-0.0056775
-0.00575269
-0.0058127
-0.00585797
-0.00589636
-0.00588804
-0.00585707
-0.00580514
-0.00574175
-0.00570535
-0.00571671
-0.00574478
-0.00578736
-0.00585623
-0.00594727
-0.00608445
-0.0062073
-0.00635387
-0.00654692
-0.00676214
-0.00695206
-0.00718303
-0.00758725
-0.00795512
-0.00815642
-0.00839427
-0.00869609
-0.00900422
-0.00933071
-0.00962768
-0.0099189
-0.0102182
-0.010433
-0.010648
-0.0108082
-0.0109378
-0.0110272
-0.0111053
-0.0111338
-0.0111347
-0.0110637
-0.010901
-0.0106132
-0.0101813
-0.00968168
-0.00914438
-0.00851256
-0.00785402
-0.00723039
-0.00655094
-0.0058795
-0.00525547
-0.00465053
-0.0040947
-0.00361165
-0.00321573
-0.00291319
-0.00270046
-0.00266251
-0.00281051
-0.00302464
-0.00342354
-0.00403517
-0.00475208
-0.00560309
-0.00646496
-0.00735866
-0.00814965
-0.00885542
-0.00956039
-0.0103543
-0.0111397
-0.011968
-0.0128
-0.0134936
-0.0138259
-0.0141981
-0.0145948
-0.0151146
-0.015662
-0.0160802
-0.0163333
-0.0165413
-0.0166927
-0.0167504
-0.01675
-0.0166577
-0.0165983
-0.016535
-0.016419
-0.0160947
-0.0156012
-0.0148831
-0.0140605
-0.0130311
-0.0118506
-0.0105634
-0.0092976
-0.00813754
-0.00715373
-0.00644092
-0.00588608
-0.00549676
-0.00523265
-0.00511601
-0.00512167
-0.00537126
-0.00577257
-0.00639828
-0.00722816
-0.0081597
-0.0092696
-0.0104832
-0.0116254
-0.0126193
-0.0133047
-0.0135563
-0.0132739
-0.0125611
-0.011335
-0.00971399
-0.00785885
-0.00584886
-0.00382966
-0.0017833
0.000194699
0.00215869
0.00406035
0.00570836
0.00699838
0.00782446
0.00827428
0.00842204
0.00832396
0.00805415
0.00754703
0.00691957
0.00608458
0.00517426
0.00436515
0.00357241
0.00275788
0.0020331
0.00145301
0.00109616
0.000826023
0.000745031
0.000859285
0.00109424
0.0015108
0.0016259
0.00147316
0.00120263
0.0008937
0.000495973
4.24209e-05
-0.000363243
-0.000787652
-0.00122259
-0.00177491
-0.00235582
-0.00297828
-0.00386059
-0.00479542
-0.00577825
-0.0068134
-0.00789972
-0.00896776
-0.0100013
-0.0109273
-0.0117341
-0.0125156
-0.0133089
-0.0142381
-0.0154289
-0.0167579
-0.0183821
-0.0205114
-0.0225348
-0.0244265
-0.0260941
-0.027648
-0.0291357
-0.0304489
-0.031624
-0.0324722
-0.03314
-0.0336828
-0.0342663
-0.0349041
-0.0355459
-0.0361371
-0.0366945
-0.0371696
-0.0374626
-0.0376
-0.0375569
-0.0374434
-0.0372502
-0.037027
-0.0368629
-0.0368694
-0.036975
-0.0371343
-0.0372958
-0.0375174
-0.0377104
-0.0379059
-0.0380339
-0.0380763
-0.0381049
-0.0380838
-0.0380528
-0.0379649
-0.0379302
-0.0379328
-0.0379288
-0.0379861
-0.0381264
-0.0382589
-0.0384068
-0.0385926
-0.038802
-0.0390174
-0.0392255
-0.0394456
-0.0396256
-0.0397785
-0.0399348
-0.0400607
-0.0400897
-0.0400552
-0.0399908
-0.039932
-0.0398387
-0.0397026
-0.0394706
-0.0391625
-0.0387535
-0.0382787
-0.037756
-0.0371475
-0.0365552
-0.0359657
-0.035372
-0.034754
-0.0341867
-0.0336637
-0.0331809
-0.0326717
-0.0322228
-0.0318397
-0.0315295
-0.0312796
-0.0310984
-0.0309863
-0.0309515
-0.0309844
-0.0310663
-0.031196
-0.0313321
-0.0315288
-0.0317529
-0.0319375
-0.0321548
-0.0323355
-0.0325055
-0.0325908
-0.032562
-0.0324463
-0.0322718
-0.0320895
-0.0319846
-0.0319197
-0.0319048
-0.0318746
-0.0318309
-0.0318273
-0.0318177
-0.0319129
-0.0320692
-0.0322876
-0.0325346
-0.0327354
-0.032987
-0.0332835
-0.0335515
-0.0337423
-0.0338677
-0.0338847
-0.0338409
-0.0337364
-0.0336364
-0.0335194
-0.0333773
-0.0332239
-0.0330796
-0.0329659
-0.0328468
-0.0326851
-0.0325861
-0.0324504
-0.0323641
-0.0322807
-0.0321792
-0.0321132
-0.0320167
-0.0319555
-0.0319289
-0.0318785
-0.0319034
-0.0319856
-0.0320462
-0.0321419
-0.0322336
-0.0323344
-0.0324757
-0.0326835
-0.0329449
-0.0332875
-0.0337075
-0.034183
-0.0347222
-0.035242
-0.0357661
-0.0363242
-0.0368289
-0.0373408
-0.0377946
-0.0381832
-0.038532
-0.0388861
-0.0391836
-0.0394342
-0.0397443
-0.0400166
-0.0402314
-0.0404312
-0.0406219
-0.040793
-0.0409707
-0.0410686
-0.0411494
-0.0412008
-0.0412432
-0.0413563
-0.041475
-0.04154
-0.0416179
-0.0417127
-0.0417851
-0.0418725
-0.0419554
-0.0420466
-0.0421368
-0.0422862
-0.0424509
-0.0426362
-0.0428081
-0.0430323
-0.0432105
-0.0434546
-0.0437565
-0.0440848
-0.0443624
-0.0445867
-0.0447269
-0.0448491
-0.0449708
-0.045068
-0.045151
-0.0452669
-0.0453538
-0.0454387
-0.0455539
-0.0456689
-0.0458115
-0.0459114
-0.0460635
-0.0462176
-0.0464276
-0.0466639
-0.0469591
-0.0472593
-0.047548
-0.0478168
-0.0480519
-0.0482985
-0.0484881
-0.0486292
-0.0487428
-0.0489136
-0.0490413
-0.0491631
-0.0492418
-0.0493655
-0.0494027
-0.0494043
-0.0493959
-0.0493599
-0.0493046
-0.0492646
-0.0492466
-0.0492529
-0.0492369
-0.0492745
-0.0493017
-0.0493043
-0.0493651
-0.0494032
-0.0494824
-0.0495459
-0.0496532
-0.0497963
-0.0498414
-0.0498882
-0.0499507
-0.0499744
-0.0500056
-0.0500003
-0.0499741
-0.0499424
-0.0499979
-0.0500491
-0.0501518
-0.0503244
-0.0505028
-0.0506765
-0.0508402
-0.0509683
-0.0510988
-0.051218
-0.0513772
-0.0515747
-0.0517586
-0.0519268
-0.0521065
-0.0522713
-0.0523853
-0.0524824
-0.0525678
-0.0526883
-0.0528206
-0.0529508
-0.0530709
-0.0531504
-0.0532345
-0.0532937
-0.0533286
-0.0533528
-0.0533377
-0.053376
-0.0533969
-0.0534389
-0.0534947
-0.0535206
-0.0535455
-0.053547
-0.0535164
-0.0534565
-0.0534639
-0.0534031
-0.0532984
-0.0531941
-0.053103
-0.0530202
-0.0529921
-0.0529123
-0.052797
-0.052674
-0.0525276
-0.0523058
-0.0521002
-0.0517981
-0.0514253
-0.0510337
-0.0505634
-0.0500012
-0.0494562
-0.0488918
-0.0483317
-0.0477125
-0.0471092
-0.0464599
-0.0457839
-0.0450991
-0.0443657
-0.0436358
-0.0428764
-0.0421145
-0.0413873
-0.0405881
-0.0398128
-0.0390503
-0.0382951
-0.0375374
-0.0367623
-0.0360281
-0.0354003
-0.0347071
-0.0339712
-0.033245
-0.0325541
-0.0318677
-0.0312072
-0.0305146
-0.0298234
-0.0292205
-0.0286485
-0.028086
-0.0275575
-0.026997
-0.0264583
-0.0259974
-0.0255711
-0.0251685
-0.0247745
-0.0244132
-0.0240764
-0.0237937
-0.0235883
-0.0233251
-0.0230897
-0.0228574
-0.0226326
-0.0223471
-0.0220908
-0.021832
-0.0215909
-0.0213773
-0.0211799
-0.0210304
-0.0209255
-0.0208658
-0.0208272
-0.0208294
-0.0207978
-0.0207665
-0.0207726
-0.0208083
-0.0208404
-0.0209402
-0.0210598
-0.0212436
-0.021463
-0.0217076
-0.0219839
-0.0222732
-0.0226252
-0.0229637
-0.023297
-0.0236468
-0.0239764
-0.0243044
-0.0246285
-0.0249264
-0.0252244
-0.0254964
-0.0256907
-0.025866
-0.0259718
-0.0261053
-0.0262401
-0.0263501
-0.0264948
-0.0266615
-0.0268641
-0.0270812
-0.0273545
-0.0276979
-0.0280483
-0.0284306
-0.0288129
-0.0292437
-0.0296263
-0.030001
-0.0303307
-0.0306159
-0.0308777
-0.0311508
-0.0313688
-0.0316097
-0.031882
-0.0321359
-0.0323769
-0.0325985
-0.0329001
-0.0331759
-0.0334772
-0.0338118
-0.034107
-0.0343636
-0.0346151
-0.0348775
-0.0351353
-0.0353846
-0.035653
-0.0358736
-0.0361045
-0.0362985
-0.0364703
-0.0366097
-0.0367873
-0.0369676
-0.0371665
-0.0373712
-0.0376099
-0.0378643
-0.0381245
-0.0384167
-0.0386754
-0.0389612
-0.039215
-0.0394272
-0.0395654
-0.0397034
-0.0399316
-0.0400646
-0.0401551
-0.0401685
-0.0402075
-0.0402484
-0.0402666
-0.0402686
-0.0402833
-0.0403468
-0.0404369
-0.0406996
-0.0409838
-0.0413548
-0.0418425
-0.042416
-0.0429122
-0.0433349
-0.0436796
-0.0438242
-0.0437978
-0.0435324
-0.043082
-0.0424217
-0.0415601
-0.0404527
-0.0391705
-0.0377038
-0.0365788
-0.0356307
-0.0346089
-0.0333272
-0.0321061
-0.0311406
-0.030342
-0.0296484
-0.0290398
-0.0284473
-0.0278262
-0.0271335
-0.0264169
-0.0255608
-0.0245858
-0.0236031
-0.0225799
-0.0215299
-0.020548
-0.0194546
-0.0181932
-0.016724
-0.015268
-0.0139281
-0.0126304
-0.0114642
-0.0102696
-0.00899201
-0.00758322
-0.00613375
-0.00487511
-0.00399064
-0.00327315
-0.00246718
-0.00156424
-0.00104198
-0.000983223
-0.0019501
-0.00395897
-0.00653613
-0.00934165
-0.0122004
-0.0151062
-0.0182544
-0.0213716
-0.0246067
-0.0279195
-0.0312006
-0.0344765
-0.0379876
-0.0418354
-0.0458409
-0.0499466
-0.0539209
-0.0575438
-0.0607722
-0.0638328
-0.0671489
-0.0706838
-0.0744402
-0.0780971
-0.0816053
-0.0848903
-0.0879166
-0.0907949
-0.0934331
-0.0961031
-0.0988142
-0.101517
-0.10426
-0.107054
-0.109757
-0.112508
-0.115254
-0.117838
-0.120149
-0.12205
-0.123525
-0.124554
-0.125368
-0.126006
-0.126636
-0.127349
-0.128418
-0.129823
-0.131302
-0.132671
-0.133911
-0.135023
-0.136075
-0.137204
-0.138573
-0.140081
-0.141596
-0.143077
-0.144306
-0.145207
-0.145835
-0.146315
-0.146784
-0.147259
-0.147946
-0.148829
-0.14989
-0.151029
-0.152324
-0.153712
-0.155096
-0.156272
-0.157109
-0.157796
-0.158242
-0.158576
-0.158795
-0.158882
-0.158791
-0.158535
-0.158294
-0.158161
-0.158163
-0.158344
-0.158656
-0.159193
-0.159953
-0.160789
-0.161686
-0.162559
-0.163417
-0.164176
-0.164794
-0.165343
-0.16586
-0.166321
-0.166563
-0.166539
-0.166164
-0.165295
-0.164614
-0.163933
-0.162964
-0.16157
-0.159753
-0.157542
-0.155201
-0.152682
-0.150042
-0.147267
-0.144408
-0.141546
-0.138659
-0.13573
-0.132676
-0.129448
-0.126156
-0.122809
-0.119439
-0.116159
-0.113011
-0.110139
-0.107462
-0.104889
-0.102529
-0.100352
-0.0983935
-0.0966495
-0.0948986
-0.0930974
-0.0911441
-0.0891248
-0.0870619
-0.085002
-0.08289
-0.0808392
-0.0787778
-0.0765692
-0.0744433
-0.0723441
-0.0703252
-0.068401
-0.0664616
-0.0647558
-0.0631796
-0.0617487
-0.0605683
-0.059682
-0.0590795
-0.0586228
-0.0583247
-0.0581645
-0.0581215
-0.0582426
-0.0584706
-0.0588621
-0.059347
-0.0598392
-0.0604043
-0.0610101
-0.0617102
-0.0624011
-0.0629365
-0.0635192
-0.0641444
-0.0648226
-0.0655043
-0.0660804
-0.0663658
-0.0665447
-0.0666318
-0.0665998
-0.0665671
-0.0665512
-0.0666044
-0.0666876
-0.0668109
-0.0668601
-0.0669263
-0.0668904
-0.0668631
-0.0668923
-0.0669656
-0.0671176
-0.0672885
-0.0674694
-0.0676615
-0.0677788
-0.067838
-0.0678502
-0.0677407
-0.0677118
-0.0675484
-0.0672852
-0.0669376
-0.066471
-0.0659667
-0.0654034
-0.0649141
-0.0644574
-0.0641629
-0.0639523
-0.0637858
-0.0636103
-0.0633752
-0.0631248
-0.0628977
-0.0626745
-0.0625516
-0.0624243
-0.0623282
-0.0622968
-0.06232
-0.0623574
-0.0623839
-0.0624509
-0.0626162
-0.0628649
-0.0631809
-0.0635436
-0.0638753
-0.0642102
-0.0646624
-0.0651355
-0.0655829
-0.0660495
-0.0664888
-0.0669426
-0.067429
-0.0678725
-0.0683099
-0.0687913
-0.0690799
-0.0693934
-0.0697094
-0.0699254
-0.0700329
-0.0700383
-0.0699684
-0.06991
-0.0698139
-0.0696262
-0.0693687
-0.0690428
-0.0687512
-0.0685259
-0.0682546
-0.0680787
-0.0679351
-0.067727
-0.0674665
-0.0672072
-0.0669369
-0.0666608
-0.066355
-0.0660323
-0.065749
-0.0654471
-0.0651121
-0.0648308
-0.0645578
-0.0642198
-0.0638139
-0.06337
-0.0628664
-0.0623352
-0.0618643
-0.0613679
-0.0610478
-0.0605398
-0.0599159
-0.0593899
-0.058975
-0.0585763
-0.0581862
-0.0577836
-0.0573581
-0.0569345
-0.0565263
-0.0560843
-0.0556809
-0.0553389
-0.0550389
-0.0547453
-0.0543662
-0.0539856
-0.0535842
-0.0532623
-0.052997
-0.0527903
-0.0528873
-0.052835
-0.0528081
-0.0526782
-0.0526363
-0.0526666
-0.0527857
-0.0528367
-0.0529274
-0.053114
-0.0533742
-0.0536121
-0.0538496
-0.0541418
-0.054386
-0.0547266
-0.0550491
-0.0553755
-0.0557306
-0.0560704
-0.0564453
-0.0568087
-0.0572325
-0.0577631
-0.0583194
-0.0588473
-0.059311
-0.0597321
-0.0599656
-0.0602193
-0.0604812
-0.0607309
-0.0610017
-0.0612485
-0.0614459
-0.0616306
-0.0617775
-0.0619188
-0.0619958
-0.0620467
-0.0620522
-0.0620789
-0.0621187
-0.0622433
-0.062291
-0.0624173
-0.0626638
-0.0626541
-0.0625349
-0.062586
-0.0626905
-0.0627537
-0.0627869
-0.062806
-0.0628375
-0.0628329
-0.0627998
-0.0627792
-0.0627174
-0.0626694
-0.0626138
-0.0625119
-0.0624167
-0.0623356
-0.0622207
-0.0621157
-0.0620079
-0.0618988
-0.0617504
-0.061597
-0.0614051
-0.0612012
-0.0609786
-0.0607468
-0.0605273
-0.0602793
-0.0600378
-0.059799
-0.0596184
-0.059426
-0.0592615
-0.0591651
-0.0590879
-0.0590398
-0.0590523
-0.0590035
-0.0589832
-0.0589597
-0.0589715
-0.0589966
-0.0590013
-0.0590734
-0.0591466
-0.0592141
-0.0592493
-0.0593037
-0.0593592
-0.0594676
-0.0595357
-0.0595337
-0.0595494
-0.0595388
-0.0595206
-0.0594595
-0.0594416
-0.0594039
-0.0594058
-0.0594253
-0.0594487
-0.0594982
-0.0595226
-0.0596415
-0.0597905
-0.0600198
-0.0602167
-0.0604075
-0.0605508
-0.0607779
-0.0609785
-0.0611539
-0.0613239
-0.0614774
-0.0616791
-0.0618881
-0.0620647
-0.0622951
-0.0625459
-0.0627976
-0.0629984
-0.0632051
-0.0633489
-0.0635029
-0.0636811
-0.0638606
-0.0640385
-0.0642619
-0.0645092
-0.0648933
-0.0653352
-0.0656363
-0.0658367
-0.0660444
-0.0663128
-0.0665363
-0.0667627
-0.0669558
-0.067161
-0.0673354
-0.0674756
-0.0675023
-0.0675953
-0.0675729
-0.0675594
-0.0674303
-0.0673453
-0.0672145
-0.0670855
-0.0669757
-0.0669194
-0.0668201
-0.0667239
-0.0665903
-0.0664297
-0.0663021
-0.0662321
-0.0661764
-0.0661638
-0.0662154
-0.0662647
-0.0663563
-0.0664476
-0.0665048
-0.0665516
-0.0665294
-0.0666026
-0.0665765
-0.0665447
-0.0665763
-0.0665708
-0.066573
-0.0665827
-0.0665129
-0.0664426
-0.0663148
-0.0661222
-0.0659533
-0.0657802
-0.0655798
-0.0653292
-0.0651247
-0.0649039
-0.0646412
-0.064373
-0.0641241
-0.0638897
-0.0637394
-0.0636296
-0.0635101
-0.0634283
-0.0632781
-0.063183
-0.0630653
-0.0629826
-0.0629176
-0.0628869
-0.0628961
-0.062936
-0.0630227
-0.0632263
-0.0633389
-0.0633123
-0.0632808
-0.0634589
-0.0636429
-0.0637773
-0.0638465
-0.0638883
-0.064026
-0.0641253
-0.064165
-0.0642218
-0.0643698
-0.0643883
-0.0645257
-0.0645726
-0.0647932
-0.0649505
-0.0651564
-0.0653773
-0.0655748
-0.0657415
-0.0658278
-0.0658552
-0.0657952
-0.0656592
-0.0654969
-0.065415
-0.0653865
-0.0654349
-0.065475
-0.0652744
-0.0651813
-0.0650275
-0.0649136
-0.0648949
-0.064966
-0.0651514
-0.0653947
-0.0656271
-0.0658459
-0.0662081
-0.066577
-0.0670299
-0.0675495
-0.0680982
-0.0686558
-0.0692268
-0.0697976
-0.0703892
-0.0710907
-0.0718485
-0.0727481
-0.0737597
-0.0748318
-0.0760172
-0.0773014
-0.0786929
-0.0801172
-0.0816454
-0.0833216
-0.0852156
-0.0872886
-0.0895581
-0.091942
-0.0945189
-0.0971493
-0.099707
-0.102083
-0.104262
-0.106298
-0.108387
-0.11049
-0.11266
-0.1149
-0.117217
-0.119617
-0.122146
-0.124832
-0.127679
-0.130714
-0.133916
-0.137328
-0.1409
-0.14452
-0.148113
-0.151578
-0.154961
-0.158087
-0.160982
-0.163713
-0.166199
-0.16837
-0.170151
-0.171476
-0.172477
-0.173161
-0.173584
-0.173845
-0.173934
-0.17399
-0.174113
-0.174449
-0.174915
-0.175494
-0.176149
-0.176773
-0.177471
-0.178138
-0.178831
-0.179419
-0.179935
-0.180399
-0.180776
-0.181097
-0.181363
-0.1815
-0.181443
-0.181215
-0.180859
-0.180347
-0.17967
-0.178883
-0.177915
-0.176782
-0.175466
-0.173901
-0.172104
-0.17009
-0.167855
-0.165408
-0.162907
-0.160359
-0.157883
-0.155501
-0.153197
-0.150985
-0.148779
-0.146521
-0.144201
-0.141739
-0.139151
-0.136344
-0.133416
-0.130397
-0.127349
-0.124374
-0.12147
-0.118518
-0.115556
-0.112658
-0.10985
-0.107195
-0.104564
-0.101934
-0.099243
-0.0964473
-0.0936843
-0.0909413
-0.0882559
-0.0856125
-0.0830251
-0.0805536
-0.0781582
-0.0758402
-0.0735734
-0.0713617
-0.0692223
-0.0671947
-0.0652631
-0.0634669
-0.0617619
-0.0601176
-0.0585363
-0.0570042
-0.0555209
-0.05413
-0.05286
-0.0516928
-0.0506626
-0.0496811
-0.0487267
-0.0477726
-0.0468001
-0.0458835
-0.0450622
-0.0442883
-0.043518
-0.0428127
-0.0421086
-0.0415311
-0.040947
-0.0403679
-0.0396927
-0.0390426
-0.0384043
-0.0377703
-0.0370769
-0.0363993
-0.0357421
-0.0349931
-0.0342688
-0.0336349
-0.0330952
-0.0326626
-0.0323221
-0.0320439
-0.0317408
-0.0315274
-0.0313239
-0.0312115
-0.0313573
-0.0313325
-0.0312115
-0.0310909
-0.030956
-0.0308457
-0.030746
-0.0306681
-0.0305591
-0.0304802
-0.0303902
-0.0302905
-0.0302677
-0.0303224
-0.0303776
-0.0304094
-0.0305148
-0.0306254
-0.0307995
-0.0309893
-0.0310768
-0.0310814
-0.0309937
-0.0308466
-0.0306231
-0.0303371
-0.0299766
-0.0295943
-0.0291736
-0.028777
-0.028394
-0.0279612
-0.0275
-0.0270732
-0.0266352
-0.0263101
-0.0260401
-0.0257935
-0.0256104
-0.0254681
-0.0254033
-0.0253898
-0.025427
-0.0255167
-0.0257024
-0.0258752
-0.0260923
-0.0262964
-0.0264898
-0.0266471
-0.0268376
-0.0269598
-0.0270496
-0.0270106
-0.0268734
-0.0267188
-0.0265327
-0.0263192
-0.0260966
-0.0258909
-0.0256761
-0.0254753
-0.0252488
-0.0249971
-0.0247843
-0.0245494
-0.0243324
-0.0240882
-0.0238692
-0.0236597
-0.0235172
-0.0233436
-0.0231763
-0.0230393
-0.022914
-0.0228057
-0.0226726
-0.0225093
-0.0223675
-0.0221984
-0.0219844
-0.0217502
-0.0215234
-0.0213065
-0.0210057
-0.0207567
-0.0205932
-0.0204636
-0.0204363
-0.0205103
-0.0206321
-0.0207806
-0.0209009
-0.0210451
-0.0211918
-0.0213679
-0.0213996
-0.0214373
-0.0214671
-0.0214858
-0.0215583
-0.0216615
-0.0217565
-0.0218488
-0.0219835
-0.0220933
-0.0222101
-0.0223542
-0.0224233
-0.0225305
-0.0226374
-0.0227668
-0.0229208
-0.0230656
-0.0234855
-0.023741
-0.02385
-0.0239604
-0.0241381
-0.0243731
-0.0246073
-0.0247602
-0.02504
-0.0253664
-0.0256893
-0.0259658
-0.0262917
-0.0265561
-0.0267726
-0.0270107
-0.027237
-0.0274773
-0.0276679
-0.0278284
-0.0279123
-0.0279374
-0.0279289
-0.0279477
-0.0279056
-0.0278829
-0.0278773
-0.0278805
-0.02795
-0.0280936
-0.0282501
-0.0284121
-0.0285987
-0.0288025
-0.0289874
-0.0292059
-0.0293718
-0.0295543
-0.0298159
-0.0300456
-0.0302639
-0.0304425
-0.030599
-0.0307412
-0.0308955
-0.0310061
-0.0310376
-0.0310294
-0.0309689
-0.0308948
-0.03085
-0.030778
-0.0306824
-0.030617
-0.0306022
-0.030637
-0.0306339
-0.0306185
-0.0306426
-0.0306776
-0.0307228
-0.0307317
-0.0306398
-0.0304896
-0.0302828
-0.0300505
-0.0298636
-0.0297004
-0.0295745
-0.0294435
-0.0293053
-0.0291283
-0.028975
-0.0288679
-0.0287074
-0.0285452
-0.0283659
-0.0281984
-0.0280727
-0.0280156
-0.027916
-0.0278681
-0.0278213
-0.027752
-0.0276842
-0.0275853
-0.0275151
-0.0274367
-0.0273478
-0.0272678
-0.0271345
-0.0270215
-0.0269622
-0.0269321
-0.0268847
-0.0268388
-0.0267917
-0.0266754
-0.0265629
-0.0264402
-0.0263121
-0.0262033
-0.0261111
-0.0260004
-0.0258672
-0.0257297
-0.0256148
-0.0255173
-0.0254211
-0.0253192
-0.0252237
-0.0251186
-0.0250016
-0.0248258
-0.0246601
-0.0245409
-0.0244604
-0.0243935
-0.0243446
-0.0242803
-0.0242512
-0.0242464
-0.0242267
-0.0242589
-0.0243047
-0.0243523
-0.0244183
-0.0244844
-0.0244974
-0.024577
-0.0246302
-0.0246419
-0.0246053
-0.0246001
-0.0245453
-0.0245766
-0.0246292
-0.0247054
-0.024798
-0.0249312
-0.0250606
-0.0251734
-0.0252773
-0.025405
-0.0255451
-0.0256604
-0.0257864
-0.0259064
-0.0260254
-0.0261555
-0.0262858
-0.0264596
-0.0266396
-0.0268214
-0.0269686
-0.0271457
-0.0273132
-0.0274776
-0.0276572
-0.027868
-0.0281091
-0.0283451
-0.0286455
-0.0289254
-0.0291655
-0.0294097
-0.0296274
-0.0298668
-0.0300969
-0.0303028
-0.0304844
-0.0306486
-0.0308446
-0.0310676
-0.031346
-0.0315927
-0.0317919
-0.0319258
-0.0320317
-0.032133
-0.0322461
-0.0323237
-0.0323862
-0.0324764
-0.0325537
-0.0326504
-0.0327167
-0.0327354
-0.0327058
-0.0326587
-0.0326696
-0.032682
-0.0326898
-0.0326107
-0.0325561
-0.0324954
-0.0324799
-0.0325084
-0.0325172
-0.0325099
-0.0324363
-0.0323635
-0.0323283
-0.0322244
-0.0321232
-0.0319413
-0.0317925
-0.0317566
-0.0316708
-0.0315683
-0.0315403
-0.031548
-0.031635
-0.0316657
-0.0316213
-0.0315942
-0.0315126
-0.0314813
-0.0314217
-0.0314107
-0.0314289
-0.0314462
-0.0314228
-0.0313878
-0.0313681
-0.0314117
-0.0314737
-0.0315279
-0.0315311
-0.0315182
-0.0315409
-0.0316211
-0.0316651
-0.0317615
-0.0319561
-0.0321497
-0.0322417
-0.0323364
-0.0325747
-0.0326963
-0.0327415
-0.0327943
-0.0328574
-0.0329743
-0.0330599
-0.0331776
-0.033246
-0.0333156
-0.0333919
-0.033494
-0.0336492
-0.0337286
-0.0338984
-0.034093
-0.0342848
-0.0345015
-0.0347192
-0.0349058
-0.0351234
-0.0353057
-0.0354874
-0.0357159
-0.0358996
-0.0360601
-0.036224
-0.036357
-0.0364964
-0.0366393
-0.0368129
-0.0369572
-0.037075
-0.0372161
-0.0372798
-0.0373236
-0.037335
-0.0372779
-0.0372274
-0.0371731
-0.0371717
-0.0370866
-0.0369861
-0.0368934
-0.0368479
-0.0367835
-0.036783
-0.0367882
-0.0367903
-0.0368006
-0.0368763
-0.0369285
-0.0370228
-0.0371637
-0.0372744
-0.0373412
-0.0373882
-0.0373664
-0.0373345
-0.0373233
-0.0373025
-0.0372164
-0.0370748
-0.0369124
-0.0367456
-0.0365741
-0.036474
-0.0363718
-0.0362947
-0.0362085
-0.0361682
-0.036057
-0.0360143
-0.035999
-0.0359821
-0.035952
-0.0359309
-0.0359393
-0.03591
-0.0359089
-0.0359214
-0.0359047
-0.0358788
-0.0358383
-0.0358781
-0.0358821
-0.0357989
-0.0357187
-0.0356154
-0.0354999
-0.0354068
-0.035357
-0.0352756
-0.0352072
-0.0351158
-0.0349777
-0.034838
-0.0347831
-0.0348498
-0.0349593
-0.0350782
-0.0351835
-0.035248
-0.0352779
-0.0352924
-0.0353025
-0.0353234
-0.0353464
-0.0353801
-0.0354171
-0.0354497
-0.0354569
-0.0355524
-0.0356319
-0.0357172
-0.0357977
-0.0358801
-0.0359325
-0.0359572
-0.0360039
-0.0360412
-0.0360578
-0.0361074
-0.0361297
-0.0361734
-0.0362313
-0.0363499
-0.0364441
-0.0366284
-0.0368303
-0.0370747
-0.0373244
-0.0375591
-0.0377044
-0.0378145
-0.0378927
-0.0379562
-0.0379916
-0.0382899
-0.0382585
-0.0382927
-0.0382955
-0.0382613
-0.0381968
-0.0381011
-0.0379754
-0.0378175
-0.0376637
-0.0375936
-0.0375897
-0.0376594
-0.0377878
-0.0378893
-0.0380093
-0.0380909
-0.0381962
-0.0383387
-0.0384442
-0.0385525
-0.0386304
-0.0386874
-0.0387874
-0.0389311
-0.0391904
-0.0394209
-0.0397146
-0.0400438
-0.0403055
-0.040556
-0.0409029
-0.0412095
-0.0417255
-0.0421775
-0.042574
-0.0429427
-0.043321
-0.043788
-0.0442128
-0.0446384
-0.0450034
-0.0453419
-0.0456143
-0.0458851
-0.0461857
-0.0465026
-0.0468544
-0.047211
-0.0475285
-0.047827
-0.0480574
-0.0482422
-0.0484005
-0.048571
-0.0487846
-0.0489599
-0.0490664
-0.0491575
-0.0492264
-0.0492135
-0.0491843
-0.049105
-0.0490867
-0.048985
-0.0489046
-0.0488639
-0.048786
-0.0486953
-0.0486029
-0.0484877
-0.048375
-0.0482753
-0.0482107
-0.0481858
-0.0481854
-0.0481232
-0.0480436
-0.0479946
-0.0479192
-0.0478614
-0.0477892
-0.0476783
-0.0475556
-0.047423
-0.0472324
-0.0470743
-0.0469437
-0.0468433
-0.0467551
-0.0467022
-0.0466865
-0.0467099
-0.046641
-0.0465383
-0.0465796
-0.0465227
-0.0464939
-0.0465292
-0.0465414
-0.0465607
-0.0466011
-0.0465852
-0.0465904
-0.0466072
-0.0466351
-0.0466616
-0.0466117
-0.0465657
-0.0464409
-0.0463416
-0.0462149
-0.0461446
-0.0460565
-0.0459642
-0.045894
-0.045899
-0.0458292
-0.0457806
-0.0457611
-0.0457103
-0.0457217
-0.0457147
-0.0457467
-0.0457767
-0.0457285
-0.045664
-0.0456059
-0.0455881
-0.0455575
-0.0455767
-0.0455719
-0.045526
-0.0454501
-0.0453876
-0.0453222
-0.045264
-0.0451798
-0.0450464
-0.0449446
-0.0448108
-0.0447099
-0.0445922
-0.0444955
-0.0443791
-0.0442789
-0.044211
-0.0441466
-0.0440734
-0.0439722
-0.0438868
-0.0438189
-0.0437649
-0.0436629
-0.0435508
-0.0434681
-0.0433492
-0.04321
-0.0430682
-0.0429057
-0.0427492
-0.0425371
-0.0423061
-0.0420819
-0.0418462
-0.0415801
-0.0413571
-0.0411814
-0.0410335
-0.0409527
-0.040873
-0.0407797
-0.0406509
-0.0405294
-0.0404316
-0.0403861
-0.0403418
-0.0402852
-0.040219
-0.0401569
-0.0400763
-0.0399713
-0.0398713
-0.0397133
-0.0396158
-0.0395421
-0.0394743
-0.0393619
-0.0393115
-0.0392288
-0.0391703
-0.0391381
-0.0391342
-0.0391217
-0.0391141
-0.03912
-0.0391617
-0.0392201
-0.0392336
-0.039321
-0.0394035
-0.039508
-0.0395547
-0.0396518
-0.0396943
-0.0396533
-0.0396406
-0.0396065
-0.0395541
-0.0395334
-0.0394539
-0.0393537
-0.0392363
-0.0391462
-0.0390274
-0.0389822
-0.0389838
-0.0389767
-0.0389877
-0.0389983
-0.0389985
-0.0390663
-0.039122
-0.039252
-0.039414
-0.039546
-0.0396584
-0.0397519
-0.0398193
-0.0398901
-0.0399802
-0.0399988
-0.039976
-0.0399608
-0.0399513
-0.0398637
-0.0397748
-0.0395934
-0.0394003
-0.0392659
-0.0391788
-0.0391542
-0.0391894
-0.0392444
-0.0393165
-0.0394039
-0.0394358
-0.0395158
-0.0395765
-0.0397036
-0.039823
-0.0399707
-0.0400391
-0.0401087
-0.0402401
-0.0403724
-0.040496
-0.040612
-0.0406657
-0.0407048
-0.0407532
-0.0407405
-0.0407174
-0.0407116
-0.0407112
-0.0407245
-0.0407236
-0.0407384
-0.0407283
-0.0407378
-0.0406953
-0.0405965
-0.0405599
-0.0405012
-0.0403791
-0.040289
-0.0401424
-0.0400232
-0.039869
-0.0397879
-0.0397304
-0.0396984
-0.039699
-0.0396683
-0.0396313
-0.039578
-0.0394845
-0.0393582
-0.039245
-0.0390556
-0.038907
-0.038762
-0.0386083
-0.0384028
-0.038186
-0.0380082
-0.0378489
-0.037771
-0.0376651
-0.0375297
-0.0374426
-0.0373124
-0.0372291
-0.037113
-0.0370021
-0.036882
-0.036796
-0.0366959
-0.0366596
-0.0366525
-0.0367001
-0.0367596
-0.036898
-0.036964
-0.0370862
-0.0372268
-0.0373681
-0.0375266
-0.0375706
-0.037586
-0.037595
-0.0375017
-0.0374341
-0.037339
-0.0372164
-0.0371502
-0.0370941
-0.0370623
-0.0370111
-0.0369691
-0.0369208
-0.0369166
-0.0369142
-0.0368797
-0.0368341
-0.0367981
-0.0367516
-0.0367403
-0.0368425
-0.0368767
-0.0368942
-0.0368949
-0.0368412
-0.0368001
-0.0367445
-0.0367217
-0.0366865
-0.036646
-0.0366167
-0.0365681
-0.0365505
-0.0365557
-0.0365816
-0.0366078
-0.0365988
-0.0365991
-0.036645
-0.036664
-0.0366788
-0.0366635
-0.036614
-0.0364666
-0.0363589
-0.0362056
-0.0361131
-0.0359789
-0.0358509
-0.0356979
-0.0355846
-0.0355629
-0.0355669
-0.0354863
-0.0354503
-0.035493
-0.0355609
-0.0356405
-0.0357282
-0.0358708
-0.0359994
-0.0361613
-0.0363294
-0.0365236
-0.0366674
-0.0368461
-0.0370188
-0.03733
-0.037706
-0.0381404
-0.0385396
-0.0389323
-0.0393426
-0.0397211
-0.0401599
-0.0404971
-0.040753
-0.0409143
-0.0410862
-0.0412293
-0.0414377
-0.0416393
-0.0419574
-0.0422861
-0.0428107
-0.0434029
-0.044101
-0.0448272
-0.0455032
-0.0461094
-0.0466981
-0.0473181
-0.0479498
-0.0486505
-0.0493076
-0.0499885
-0.0507429
-0.051533
-0.0523503
-0.053189
-0.0539302
-0.0546238
-0.0552493
-0.0558747
-0.0563815
-0.056789
-0.0571343
-0.0573994
-0.0576442
-0.0578716
-0.0581112
-0.0582186
-0.0581497
-0.0579486
-0.057644
-0.0572626
-0.0568614
-0.0564178
-0.0560075
-0.0557526
-0.0556527
-0.0556207
-0.0556654
-0.0558038
-0.0559224
-0.0561344
-0.056418
-0.0566978
-0.0569839
-0.0572772
-0.0575303
-0.0577995
-0.0580538
-0.0583411
-0.0587441
-0.0592319
-0.0596869
-0.0601068
-0.0603483
-0.0604239
-0.0604
-0.060267
-0.0600652
-0.0598722
-0.0597463
-0.0596077
-0.0594982
-0.0593922
-0.0593578
-0.0593004
-0.0592935
-0.0593517
-0.0593995
