-8.03779e-05
-0.000160473
-0.000260918
-0.000381069
-0.000459323
-0.000537136
-0.000603114
-0.000689629
-0.000730712
-0.00080327
-0.000852321
-0.000878517
-0.000890591
-0.000956325
-0.000990605
-0.00108268
-0.0011476
-0.00122249
-0.00130883
-0.00136723
-0.00148221
-0.00163
-0.0017655
-0.00189004
-0.00198085
-0.00210624
-0.00218736
-0.00228794
-0.0023583
-0.00240516
-0.00245192
-0.00250323
-0.00249614
-0.00249382
-0.00250251
-0.00249377
-0.00246996
-0.00244399
-0.00239344
-0.00237672
-0.00236187
-0.00239259
-0.00243108
-0.00247162
-0.00257324
-0.0026381
-0.00273185
-0.00284406
-0.00295288
-0.00303049
-0.00311845
-0.0032096
-0.00326327
-0.00332788
-0.0033814
-0.00339835
-0.00343692
-0.00345194
-0.00348404
-0.00351115
-0.00353735
-0.00358228
-0.00363077
-0.00365271
-0.00362871
-0.00368354
-0.00371117
-0.00375001
-0.003793
-0.00382236
-0.00383942
-0.00382409
-0.00383233
-0.00379144
-0.00377553
-0.0037243
-0.00370181
-0.00368345
-0.00366465
-0.00367073
-0.00370656
-0.00370211
-0.00373338
-0.00374759
-0.00377673
-0.00382595
-0.00381802
-0.00385972
-0.00390963
-0.00395544
-0.00400923
-0.00404896
-0.00409473
-0.00413306
-0.00416194
-0.00418904
-0.00420782
-0.00422413
-0.00422417
-0.00416402
-0.00410629
-0.00408523
-0.0040223
-0.00394009
-0.00385416
-0.0037932
-0.00367746
-0.00359235
-0.00349102
-0.00337457
-0.00328688
-0.00319982
-0.00313095
-0.00304081
-0.00297864
-0.00290992
-0.00283479
-0.00275875
-0.00265921
-0.00257754
-0.00247557
-0.00232539
-0.00219296
-0.00206336
-0.00196445
-0.00184334
-0.00172265
-0.00164577
-0.00159678
-0.00153148
-0.00143722
-0.00135836
-0.00129487
-0.00122886
-0.00115287
-0.00104795
-0.000849895
-0.000697427
-0.000566686
-0.000444027
-0.000311477
-0.000213858
-8.60108e-05
1.40647e-05
0.000138616
0.00026215
0.000352146
0.000418237
0.000476759
0.000540934
0.000625745
0.000716718
0.000779225
0.000883617
0.000960634
0.00103571
0.00110476
0.00122131
0.00131393
0.00140626
0.00150448
0.00163668
0.00174778
0.00184777
0.00199629
0.00213289
0.00226163
0.00240051
0.0026159
0.00280592
0.00303389
0.0032294
0.00344655
0.00365423
0.00387193
0.00415407
0.00440325
0.00468744
0.00492628
0.00511842
0.00531476
0.00546354
0.00565026
0.00582616
0.00596881
0.00611502
0.00626341
0.00641323
0.0065822
0.00676261
0.00691021
0.00705771
0.00720659
0.0073049
0.00738361
0.00748401
0.00756458
0.00757055
0.0075815
0.00760062
0.00762716
0.00765094
0.00764117
0.00760956
0.00755387
0.00749824
0.00752557
0.00749767
0.00751295
0.00754844
0.00752651
0.00752898
0.0075051
0.00748261
0.00748667
0.00744179
0.00740866
0.00738354
0.00739441
0.00741006
0.00739411
0.0073884
0.00740545
0.0073395
0.00732863
0.00732218
0.00730276
0.00727576
0.00724079
0.00718717
0.00711759
0.00705008
0.00699594
0.00695831
0.00691232
0.00683984
0.00680233
0.0068053
0.0067789
0.00673164
0.00676401
0.00682398
0.00683671
0.00684388
0.00690933
0.00695281
0.00705904
0.00717512
0.00725229
0.00727504
0.0072993
0.0073218
0.00734829
0.00733765
0.00726506
0.00722213
0.00717832
0.00715526
0.00709772
0.0070854
0.00706528
0.00703894
0.00696706
0.00690619
0.00687122
0.00687033
0.00689416
0.0069059
0.00690307
0.00694634
0.00696182
0.00700913
0.00699793
0.00702197
0.0069923
0.00694544
0.00690011
0.00684771
0.00679196
0.00671065
0.00666386
0.00659876
0.00655793
0.00654766
0.00654207
0.00651259
0.00647029
0.00648522
0.00648216
0.00646514
0.00643412
0.0063901
0.00635709
0.0063592
0.00634783
0.00628726
0.00627036
0.00620111
0.00615634
0.00612629
0.00606858
0.00603455
0.00596279
0.0059062
0.00588752
0.00584809
0.00582393
0.00579078
0.00581752
0.00583356
0.00586332
0.00585546
0.00586079
0.00589514
0.00588535
0.00589518
0.00585424
0.0058019
0.00579928
0.00577332
0.00571201
0.00568627
0.00566092
0.00560583
0.00553275
0.00550459
0.00547527
0.00543324
0.00542185
0.00536946
0.00533456
0.00532418
0.00528703
0.00530022
0.00529017
0.00529007
0.00525963
0.00525819
0.00524239
0.00522865
0.00520335
0.00520314
0.00522094
0.00528097
0.005271
0.00534426
0.00536814
0.00540131
0.00541908
0.00545836
0.00550129
0.00553441
0.00557193
0.00560968
0.00562517
0.00563849
0.0056659
0.00562813
0.00562813
0.0056251
0.0056167
0.00559724
0.00554858
0.00556405
0.00555339
0.00557087
0.00560047
0.00564295
0.00569423
0.00575872
0.00582338
0.00588164
0.00591527
0.00591821
0.0059116
0.00590708
0.00594457
0.006007
0.00605883
0.00612619
0.00619119
0.00618932
0.00622925
0.00623161
0.00627332
0.00630832
0.00630998
0.00632468
0.00635772
0.00637998
0.00638008
0.00638807
0.00636048
0.00634875
0.00631381
0.00630649
0.00627642
0.00622608
0.00616524
0.00609263
0.005972
0.00582977
0.00573201
0.00565533
0.00553211
0.00548462
0.00543595
0.00541182
0.00534347
0.00536135
0.00533726
0.00535445
0.00538114
0.00537413
0.0053272
0.00529144
0.00522775
0.00517889
0.00513663
0.00508408
0.00504178
0.004996
0.00493166
0.00485217
0.00483558
0.00480623
0.00472824
0.00467235
0.00464925
0.00457152
0.00454897
0.00448386
0.00446427
0.00444972
0.0044189
0.00443136
0.00442836
0.00446624
0.00447731
0.00451886
0.00453463
0.00453894
0.00453482
0.00456165
0.00459633
0.00459528
0.00464386
0.00460792
0.00463928
0.00463617
0.00460099
0.00455053
0.00452079
0.00448454
0.00443645
0.00442253
0.00435379
0.0043404
0.0042907
0.00424147
0.00420577
0.00418749
0.00412153
0.0040959
0.00408321
0.00409605
0.0041079
0.00414452
0.00420002
0.00425968
0.00427187
0.00430557
0.00436511
0.0043859
0.00440887
0.00443056
0.00448588
0.0045521
0.0046009
0.00463051
0.00464785
0.00463874
0.00470589
0.00474481
0.00475877
0.00478684
0.00479835
0.00484967
0.00492592
0.00500433
0.00506433
0.00510712
0.00516333
0.00520375
0.00522165
0.00517958
0.0051473
0.00513923
0.00513626
0.00512114
0.00510391
0.00507939
0.00507013
0.00510226
0.00509098
0.00508993
0.00510728
0.00515009
0.0051516
0.00516499
0.00520915
0.00526976
0.00532986
0.00544677
0.0055508
0.00563067
0.00570296
0.00578434
0.00585056
0.00588441
0.00592306
0.00597658
0.00600113
0.00601248
0.00595897
0.00591145
0.00588152
0.00582704
0.00582829
0.00584626
0.00583784
0.00585162
0.00585742
0.00585991
0.00589245
0.00591067
0.00588138
0.00590713
0.00592818
0.0060019
0.0060564
0.00614504
0.0062283
0.00628376
0.00636975
0.00645156
0.00652203
0.0065866
0.00659472
0.00658984
0.0065261
0.00645931
0.00641053
0.00633992
0.00629012
0.00623248
0.00620261
0.00612293
0.00605948
0.00601112
0.00595837
0.00591864
0.00587777
0.00585518
0.00582966
0.00580748
0.00577349
0.00573234
0.00572581
0.0056924
0.00565468
0.00563314
0.00563928
0.00561474
0.0056126
0.00559658
0.00557071
0.00557508
0.0055704
0.00556554
0.00555081
0.005553
0.00553545
0.00550946
0.00551295
0.00547059
0.00541905
0.00538893
0.00539014
0.00541769
0.00544462
0.00550987
0.00559015
0.00567659
0.00576872
0.00587066
0.00603004
0.0061536
0.00633992
0.00653066
0.00666347
0.00677662
0.00688378
0.00703155
0.00713085
0.00722938
0.00731884
0.0073801
0.00742644
0.00745109
0.00747193
0.00750868
0.00755987
0.00761395
0.00764732
0.00771627
0.00774158
0.00778112
0.00779183
0.0078003
0.00781781
0.00778197
0.0077694
0.00773598
0.00771308
0.00767052
0.00758685
0.00752609
0.00740942
0.0072954
0.00718214
0.00707529
0.00695416
0.00683388
0.0067515
0.00666888
0.00661826
0.0065897
0.00654604
0.0065397
0.006508
0.00642569
0.00634345
0.00629722
0.0062501
0.0061861
0.00614695
0.00614351
0.00614696
0.00614223
0.00617086
0.00618695
0.00617077
0.00609199
0.00598523
0.00584638
0.00564697
0.00543386
0.00523682
0.00504647
0.00486079
0.00472646
0.0045575
0.00442222
0.00426641
0.0041969
0.00408336
0.00400037
0.00391846
0.00380888
0.00374508
0.00372974
0.00370386
0.00374855
0.00383615
0.00391947
0.00399695
0.00404854
0.00411087
0.00413097
0.00408265
0.00409337
0.00408548
0.00409473
0.00404055
0.00398981
0.00394949
0.00394781
0.00396312
0.00397441
0.00397508
0.00395004
0.00392281
0.00391506
0.00386039
0.00383601
0.00384086
0.00385712
0.00390047
0.00389111
0.00388468
0.00388903
0.00389084
0.00390371
0.00399266
0.00398975
0.00402903
0.00406571
0.00411891
0.00416307
0.0042413
0.00434743
0.00447599
0.00454842
0.00461698
0.00474942
0.00487575
0.00495891
0.00504156
0.00498708
0.00495347
0.00484738
0.00434142
0.00404126
0.00386308
0.00367119
0.00353014
0.00342692
0.00352434
0.00355938
0.00358297
0.00357911
0.00349935
0.00335675
0.00317982
0.00298019
0.00282217
0.00267719
0.00260845
0.00265387
0.00281577
0.00311938
0.00340544
0.00364437
0.0038537
0.00409028
0.0043509
0.00465576
0.00501493
0.00538295
0.00574747
0.00613608
0.00653164
0.00702652
0.00771867
0.00852809
0.00896379
0.00932836
0.00952264
0.00972415
0.0100827
0.0105366
0.0113591
0.0120777
0.0125706
0.0127857
0.012976
0.0131307
0.0133233
0.0135852
0.0138607
0.0142132
0.0144916
0.0146961
0.0149302
0.0152234
0.0156049
0.0160159
0.0164279
0.0168084
0.0171893
0.0175668
0.0179229
0.0183264
0.0188042
0.0193022
0.0198112
0.0203003
0.0208488
0.0214324
0.0220045
0.0226088
0.0232017
0.0238413
0.0244845
0.0251335
0.0257895
0.0263748
0.0268805
0.027387
0.0277439
0.0280621
0.028263
0.0284171
0.0285802
0.0286905
0.0287988
0.0288871
0.0289211
0.028872
0.0288187
0.0286909
0.0284321
0.0280104
0.0274791
0.026886
0.0263451
0.0257672
0.0252212
0.0246434
0.0240967
0.0235401
0.0229393
0.0222302
0.0215655
0.0209019
0.0201687
0.0193686
0.018494
0.0175843
0.0166002
0.015527
0.0144314
0.0132734
0.012046
0.0107676
0.00947822
0.00810568
0.0066624
0.00528801
0.00395901
0.00259094
0.00151041
0.000461597
-0.000433035
-0.00123923
-0.00198816
-0.00274133
-0.00348
-0.0042346
-0.00502034
-0.00579624
-0.00670871
-0.00751523
-0.00847278
-0.00952758
-0.010631
-0.0117701
-0.0129351
-0.0140775
-0.0152962
-0.0165201
-0.0178049
-0.0190981
-0.02039
-0.021667
-0.0229649
-0.0242264
-0.0254676
-0.0266731
-0.0278478
-0.0289868
-0.0300976
-0.0311194
-0.0320278
-0.0328314
-0.0334807
-0.0340088
-0.0343939
-0.0347696
-0.0352344
-0.0356466
-0.0360554
-0.0363824
-0.0365344
-0.0364924
-0.0362578
-0.0358959
-0.0354327
-0.0348527
-0.0341448
-0.0335287
-0.0329991
-0.0326
-0.0323467
-0.0321457
-0.0319402
-0.0317494
-0.0315497
-0.0313407
-0.0310971
-0.0307646
-0.0302959
-0.029684
-0.0289985
-0.0283099
-0.027611
-0.0269383
-0.0262761
-0.0256289
-0.0249829
-0.0243559
-0.0237582
-0.0231714
-0.0227226
-0.022397
-0.0222046
-0.0220533
-0.0219016
-0.0217063
-0.0214341
-0.0210441
-0.0205456
-0.0199904
-0.0193835
-0.0187511
-0.0181771
-0.017675
-0.0172416
-0.0168579
-0.0165291
-0.0162474
-0.0160279
-0.0158536
-0.0156988
-0.0156024
-0.0155992
-0.0155273
-0.0156693
-0.0159361
-0.0162785
-0.0167293
-0.0172345
-0.0177544
-0.0182555
-0.0187088
-0.019064
-0.019292
-0.0193771
-0.01936
-0.0193149
-0.0192454
-0.0191932
-0.0192314
-0.0193636
-0.0196164
-0.0199822
-0.0204327
-0.0210275
-0.0216936
-0.0223676
-0.0229721
-0.0234911
-0.0239379
-0.0243334
-0.0246746
-0.0248691
-0.0249457
-0.0250981
-0.0251584
-0.0252948
-0.0254687
-0.0257265
-0.0260634
-0.0264957
-0.0269638
-0.0274581
-0.0279138
-0.0282745
-0.0285088
-0.028651
-0.0286507
-0.0285165
-0.0282744
-0.0279441
-0.0275202
-0.027025
-0.0264468
-0.0257632
-0.0250479
-0.0242993
-0.0235372
-0.0228137
-0.0221154
-0.0214652
-0.0208044
-0.0200708
-0.0192743
-0.0184459
-0.0176513
-0.0168933
-0.0161991
-0.015591
-0.0150357
-0.0145453
-0.0140627
-0.0135856
-0.0130791
-0.0124879
-0.0118048
-0.0110286
-0.0101778
-0.00921614
-0.0082131
-0.00712407
-0.00596267
-0.00474971
-0.00343442
-0.00204127
-0.000601097
0.000825244
0.00219833
0.0035233
0.00474837
0.00593734
0.00707964
0.00807535
0.00896921
0.00984243
0.0106373
0.0113938
0.0120907
0.0127268
0.013277
0.0137387
0.0141199
0.0144235
0.0146718
0.0148785
0.0150773
0.0152534
0.0154138
0.0155443
0.0156254
0.0156576
0.0156686
0.0156626
0.015632
0.0155929
0.0155464
0.0155139
0.01551
0.0155472
0.0155993
0.0156831
0.0158058
0.0159454
0.0161214
0.0162896
0.0164522
0.0165933
0.016729
0.0167799
0.0167987
0.0167834
0.0167619
0.0167872
0.0168647
0.0169134
0.0169667
0.017016
0.0170798
0.0171723
0.0173252
0.0175488
0.0178286
0.0181579
0.0185286
0.0189082
0.0192921
0.0196833
0.0200764
0.0204466
0.0208166
0.0211533
0.0214689
0.0217458
0.0219684
0.0221446
0.0222735
0.0223703
0.0224546
0.0225112
0.0225089
0.0224906
0.0224611
0.0224186
0.0223814
0.0223451
0.0223263
0.022336
0.0223875
0.0224557
0.0225341
0.0226436
0.0227486
0.0228766
0.0230101
0.0231865
0.0233759
0.0235673
0.0237242
0.023849
0.023965
0.0240923
0.0242064
0.0243078
0.0244004
0.0244843
0.0245629
0.0246691
0.0247996
0.024937
0.0250859
0.0252196
0.0253509
0.0254578
0.0255485
0.0256164
0.0256413
0.0256348
0.025594
0.0255122
0.0254161
0.0253128
0.0252261
0.0251521
0.0250716
0.0249794
0.0249086
0.0248475
0.0248309
0.0248201
0.0248409
0.0248753
0.0249166
0.02494
0.0249517
0.0249464
0.0249063
0.0248444
0.0247597
0.0246513
0.0245237
0.0243881
0.0242427
0.024087
0.0239344
0.0238089
0.0236987
0.0236212
0.0235955
0.0235932
0.023606
0.023625
0.023617
0.0236105
0.0236048
0.0235906
0.0235909
0.023614
0.023654
0.0237191
0.0237905
0.02389
0.0240119
0.0241365
0.0242996
0.0244792
0.0246783
0.0249036
0.0251342
0.0253986
0.0256645
0.0259175
0.026139
0.0263144
0.0264655
0.0265898
0.0266657
0.0267177
0.0267384
0.0267338
0.0267331
0.0267758
0.0267881
0.0267895
0.0267888
0.0267951
0.0267871
0.0267468
0.0267097
0.0266381
0.0265385
0.0264491
0.0263621
0.0262826
0.0262445
0.02624
0.0262714
0.0263175
0.0264081
0.0265225
0.0266446
0.026781
0.02692
0.0270784
0.0272499
0.0274288
0.0276183
0.0278446
0.0280867
0.0283322
0.0285856
0.0288326
0.0290768
0.0292899
0.0295188
0.0297653
0.0300383
0.0303093
0.0305895
0.0308466
0.0310749
0.0312792
0.0314397
0.0315581
0.0316232
0.0316122
0.0315724
0.0315228
0.0314593
0.0313923
0.0313324
0.0312808
0.031232
0.0311869
0.0311653
0.0311123
0.0310671
0.0309973
0.0309231
0.0308634
0.0308239
0.0307735
0.0307323
0.0306878
0.0306305
0.0305746
0.0305154
0.0304504
0.0304081
0.0303446
0.0302996
0.0302552
0.0302225
0.0301959
0.0301633
0.0301285
0.0300628
0.0299935
0.0299068
0.0298111
0.0297276
0.0296533
0.0295851
0.0295202
0.0294589
0.0294058
0.0293405
0.0292762
0.0292226
0.0291779
0.0291406
0.029115
0.0290956
0.0290914
0.0291104
0.0291634
0.029235
0.0293382
0.0294529
0.0295491
0.0296645
0.0297814
0.0298854
0.0299671
0.0300338
0.0300784
0.0300917
0.0300755
0.0300731
0.030017
0.0299729
0.0299116
0.0298112
0.0297058
0.0296096
0.0295035
0.0293996
0.0292842
0.0291749
0.0290498
0.0289221
0.0288021
0.0286716
0.0285497
0.0284335
0.028339
0.0282639
0.0282437
0.0282593
0.0283088
0.0283857
0.0284551
0.0285352
0.0285971
0.0286353
0.0286557
0.028638
0.0285876
0.0285379
0.0284773
0.0283881
0.028312
0.0282396
0.028171
0.0280917
0.0280263
0.0279713
0.0279009
0.0278156
0.0277051
0.027588
0.0274773
0.02735
0.0272112
0.027065
0.0269029
0.0267378
0.026582
0.0264517
0.0263225
0.0262028
0.0260887
0.0259754
0.0258831
0.025803
0.0257063
0.0256145
0.0255069
0.0253809
0.0252563
0.0251285
0.0249989
0.0248844
0.0247647
0.0246592
0.0245636
0.0244898
0.0243987
0.0243094
0.024243
0.024195
0.0241796
0.0242046
0.024227
0.0242872
0.0243444
0.0244143
0.0245081
0.0246064
0.0247098
0.024806
0.0248752
0.0249103
0.0249121
0.0248736
0.0248262
0.0247855
0.0247641
0.0247513
0.0247685
0.0247723
0.0247993
0.0247779
0.0247411
0.0246842
0.024636
0.0245639
0.024522
0.0245202
0.0245478
0.0245716
0.024615
0.0246741
0.0247266
0.0247659
0.0247992
0.024791
0.0247697
0.0247134
0.0246412
0.0245591
0.0244445
0.0243177
0.0242115
0.0240964
0.0239979
0.0239122
0.0238675
0.0238564
0.0238885
0.0239678
0.0240673
0.0241958
0.0243521
0.0245345
0.0247314
0.0249487
0.0251699
0.025418
0.0256982
0.0259621
0.0262433
0.0265491
0.0268565
0.0271893
0.0275496
0.0279287
0.0283508
0.0288047
0.0293072
0.0298519
0.0303621
0.0308513
0.0312452
0.0315625
0.0317984
0.0319534
0.0320251
0.0321122
0.0323579
0.0327865
0.0330343
0.0330898
0.0330973
0.0330332
0.0330536
0.0330071
0.0327983
0.0324516
0.0320064
0.0316657
0.0311556
0.0307888
0.0304933
0.0300897
0.0296796
0.0294105
0.0291234
0.0286983
0.0282757
0.0279127
0.0276443
0.0273962
0.0271579
0.0269487
0.026803
0.0266673
0.0265547
0.026414
0.0261958
0.0259138
0.0255254
0.0250574
0.0245361
0.0239331
0.023302
0.0226126
0.0219066
0.0212281
0.0205747
0.0199332
0.0193047
0.0186528
0.0180751
0.0175241
0.0171128
0.0167073
0.01637
0.0160692
0.0158293
0.0155929
0.0153598
0.01512
0.0148726
0.0146588
0.014476
0.0143355
0.0142763
0.0142342
0.014165
0.0141683
0.014173
0.0142237
0.0143156
0.0144524
0.0145785
0.0147499
0.0149507
0.0151539
0.0154166
0.0156688
0.0160397
0.0163445
0.01661
0.0168864
0.0172201
0.0177195
0.018202
0.0187267
0.0193563
0.0201008
0.0209295
0.0218433
0.0228609
0.0238452
0.0248262
0.0257888
0.0267117
0.0276039
0.0284575
0.0293372
0.0302087
0.0309899
0.031692
0.0323443
0.0329457
0.0334784
0.0340655
0.0346579
0.0352408
0.0356756
0.0360642
0.0363571
0.0366237
0.0368145
0.0369129
0.0368401
0.036617
0.0363388
0.0361219
0.0359599
0.0359803
0.0361173
0.0363212
0.0366276
0.0369504
0.0373163
0.0377375
0.0381708
0.0386861
0.0392176
0.0397626
0.0402727
0.0406944
0.0410342
0.0412702
0.0414345
0.0415784
0.0415545
0.0413081
0.0407449
0.0400323
0.0392394
0.038201
0.0370759
0.0359583
0.0348877
0.0338346
0.0327152
0.0315232
0.0302751
0.0289515
0.0276437
0.026427
0.0252157
0.0240119
0.0227736
0.0215443
0.020391
0.019358
0.0184379
0.0176638
0.0169126
0.0161962
0.0154891
0.0147282
0.013978
0.0131686
0.0123029
0.0112983
0.0101017
0.00881581
0.00748965
0.0062134
0.00488158
0.00343562
0.00192478
0.000382688
-0.00119963
-0.00274531
-0.00425307
-0.00574055
-0.00717495
-0.00858848
-0.00988372
-0.0110008
-0.0119624
-0.0128111
-0.013568
-0.0143645
-0.0152578
-0.0162343
-0.0172919
-0.0184091
-0.0197436
-0.0212032
-0.0227946
-0.0244862
-0.0262031
-0.0279198
-0.0296969
-0.0314389
-0.0331277
-0.0346827
-0.0361049
-0.0373298
-0.0383964
-0.0392102
-0.0397754
-0.04007
-0.0401594
-0.0400095
-0.0397043
-0.0392549
-0.0387357
-0.0381664
-0.0376757
-0.0372553
-0.0369135
-0.0365799
-0.0362118
-0.0358237
-0.0353986
-0.0349434
-0.034524
-0.0341398
-0.0338047
-0.0334433
-0.0330589
-0.0326434
-0.0321795
-0.031686
-0.031152
-0.0305299
-0.0298706
-0.0290824
-0.0282355
-0.0272865
-0.0262004
-0.0250013
-0.0237019
-0.0222997
-0.0209149
-0.0194838
-0.0180953
-0.0166628
-0.0152466
-0.0138437
-0.0124488
-0.0110402
-0.00969948
-0.00848351
-0.00739895
-0.00641742
-0.00557836
-0.0049227
-0.00441679
-0.0041062
-0.00397597
-0.00398722
-0.00416182
-0.00445953
-0.00476249
-0.00498316
-0.00505609
-0.00490751
-0.00457686
-0.00406743
-0.00341684
-0.00266754
-0.00185534
-0.00106666
-0.000346412
0.000302167
0.000872781
0.00140144
0.00195898
0.00253998
0.00311785
0.00375642
0.00444746
0.00514451
0.00582889
0.00651332
0.00720541
0.00785357
0.00846757
0.00907008
0.00964993
0.0102219
0.010778
0.0113679
0.0119854
0.0126798
0.0134039
0.0141703
0.0149687
0.0157402
0.0163705
0.0169459
0.0175644
0.0181699
0.0188058
0.0195146
0.0203021
0.0211329
0.0220065
0.02292
0.0238109
0.024639
0.0253963
0.0261181
0.0267688
0.027403
0.0280994
0.0288955
0.0298165
0.0308174
0.031893
0.0330367
0.0342406
0.035421
0.0365685
0.0376629
0.038706
0.03963
0.0404547
0.0411819
0.0418167
0.0423692
0.0428422
0.0432838
0.0436629
0.0440483
0.0444615
0.0448732
0.045303
0.0457072
0.0461068
0.0465292
0.0470025
0.04755
0.048121
0.0486736
0.0492141
0.0497228
0.050183
0.0506079
0.0509788
0.0513517
0.0517102
0.0520609
0.0523715
0.0526311
0.0528685
0.0530821
0.053274
0.0534348
0.0535796
0.0537101
0.0538431
0.0539591
0.0540726
0.0541702
0.0542429
0.0542479
0.0541999
0.0541207
0.0540385
0.0539621
0.0538757
0.0537656
0.0536596
0.0535538
0.0534309
0.0533122
0.0531869
0.0530232
0.052822
0.0525906
0.0523285
0.0520661
0.0517776
0.051506
0.0512562
0.0510363
0.0508362
0.0506662
0.0504986
0.0503252
0.050144
0.0499422
0.0497105
0.0494653
0.0492448
0.0490361
0.0488703
0.0487475
0.0486318
0.0485365
0.048403
0.0482677
0.0481223
0.0480168
0.0479534
0.0479513
0.0479986
0.0481013
0.0482252
0.048339
0.0484101
0.0484569
0.0484576
0.0483872
0.0482706
0.048106
0.0479374
0.0477989
0.047658
0.0475242
0.0473595
0.0471851
0.0470002
0.0468158
0.0466259
0.046477
0.0463432
0.0462222
0.0461486
0.0461016
0.0461052
0.0461404
0.0461814
0.046208
0.0462083
0.0462031
0.0461949
0.0461995
0.0462149
0.0462491
0.0462873
0.0463333
0.0463936
0.0464572
0.0465367
0.0465923
0.0466154
0.0465951
0.0465311
0.0464288
0.0462796
0.046085
0.0458995
0.0457191
0.0455529
0.0454273
0.0453302
0.0452803
0.045238
0.0452027
0.0451498
0.0450558
0.0449314
0.044811
0.0446933
0.0445628
0.0444065
0.0442556
0.0440828
0.0439163
0.0437365
0.0436021
0.0434661
0.0433494
0.043224
0.0430985
0.0429808
0.0428915
0.0427972
0.0427129
0.0426364
0.0425748
0.0425261
0.0424692
0.0424192
0.0423884
0.0423734
0.0423669
0.0423652
0.0423434
0.0423009
0.0422607
0.0422072
0.0421716
0.042138
0.0421326
0.0421528
0.0421865
0.0422248
0.0422799
0.0423597
0.0424523
0.0425335
0.0425933
0.0426162
0.0426127
0.0425877
0.0425273
0.0424753
0.0424125
0.0423491
0.0422843
0.0422285
0.042152
0.0420793
0.0420019
0.0419408
0.0418737
0.0417988
0.0417286
0.0416413
0.0415858
0.0415339
0.0414904
0.0414465
0.041411
0.0413692
0.0413178
0.0412707
0.0412349
0.0411701
0.0410855
0.0409581
0.040781
0.0405947
0.0404286
0.0403052
0.0402308
0.0401838
0.0401557
0.0401815
0.0402508
0.0403195
0.0403963
0.0404665
0.0405216
0.0405603
0.0406086
0.0406469
0.0407035
0.0407822
0.0408808
0.0409938
0.0411173
0.0412484
0.0413841
0.0414763
0.0415709
0.041632
0.0416756
0.0417029
0.0416674
0.0416263
0.0415879
0.0415264
0.0414754
0.0414479
0.041437
0.0414161
0.0414186
0.0414435
0.041496
0.0415656
0.0416507
0.0417451
0.0418627
0.0419911
0.0421418
0.0422572
0.0423586
0.042433
0.0425074
0.0425407
0.0425828
0.0426027
0.0426165
0.0426252
0.042611
0.0425888
0.0425747
0.0425496
0.0425174
0.0424784
0.0424379
0.0423877
0.042349
0.0422986
0.0422494
0.0422002
0.0421579
0.0421375
0.0421293
0.0421161
0.0420931
0.0420677
0.0420468
0.0420184
0.0419827
0.0419337
0.0418883
0.0418445
0.0418057
0.0417744
0.0417465
0.0417003
0.0416379
0.0415783
0.0415066
0.0414502
0.0413843
0.041314
0.0412282
0.0411514
0.0411057
0.0410777
0.0410601
0.0410668
0.0410577
0.0410073
0.0408941
0.0407366
0.0405522
0.0403815
0.0401951
0.0400271
0.0398441
0.0396517
0.039432
0.0392112
0.0390258
0.038868
0.03876
0.0386715
0.0385826
0.0385326
0.0384887
0.0384647
0.0384507
0.0384405
0.0384036
0.0383486
0.0382527
0.0381593
0.0380311
0.0378642
0.0376833
0.037485
0.0372895
0.0371233
0.0370121
0.0369307
0.0368837
0.0368685
0.0368733
0.0368965
0.036945
0.0370187
0.0371235
0.0372515
0.0373999
0.0375559
0.0377046
0.0378408
0.0379774
0.0381023
0.0382105
0.03829
0.0383869
0.0384633
0.0385599
0.0386367
0.038708
0.0387597
0.0387943
0.0387905
0.0387781
0.0387489
0.0387224
0.038707
0.0386739
0.0386328
0.0385838
0.038524
0.0384526
0.0383897
0.0383169
0.0382281
0.0380972
0.0379516
0.0378039
0.0376387
0.0374964
0.037372
0.0372185
0.0370507
0.0368514
0.0366198
0.0363786
0.0361208
0.035893
0.0356787
0.0354583
0.0351807
0.0348664
0.0345361
0.0341855
0.0338293
0.0334856
0.0331876
0.032926
0.0326724
0.0324201
0.0321745
0.0318943
0.0316067
0.0312976
0.0309632
0.0306026
0.0302258
0.0298171
0.0293934
0.0289433
0.028519
0.0281464
0.0278342
0.0275954
0.0273916
0.0272281
0.0270805
0.0269438
0.0267837
0.0266162
0.0264346
0.0261297
0.0261456
0.0260703
0.0257495
0.0252824
0.0247184
0.0241102
0.0234996
0.0228931
0.0222498
0.021602
0.0209123
0.0201869
0.0194402
0.0187063
0.0179462
0.0171976
0.0164733
0.0158084
0.0151345
0.0144194
0.0136227
0.0127613
0.0118596
0.0108439
0.00982019
0.00878585
0.00776742
0.00678412
0.00579919
0.00482425
0.00386266
0.00297341
0.00213989
0.00132594
0.000513969
-0.000310687
-0.00113905
-0.00193467
-0.00266404
-0.00331756
-0.00384966
-0.00425486
-0.00449762
-0.00458663
-0.00453828
-0.00428611
-0.00389961
-0.00347736
-0.00307573
-0.00269348
-0.00236004
-0.00214752
-0.00200461
-0.00183017
-0.0016757
-0.00158571
-0.00150527
-0.00151413
-0.00139525
-0.00106177
-0.000691642
-0.000306392
8.57509e-05
0.000463698
0.000909653
0.00142173
0.00200454
0.00264521
0.00331278
0.00397505
0.00462042
0.00521572
0.00573845
0.00625893
0.00682194
0.00746486
0.00819056
0.00900382
0.00978145
0.0105071
0.0111588
0.011784
0.0123768
0.0129661
0.0134139
0.0139674
0.0145034
0.0150004
0.0153667
0.0155501
0.0156449
0.0157015
0.0157345
0.0157362
0.0156643
0.0155612
0.0153964
0.0151455
0.0148549
0.0144805
0.0140045
0.0134183
0.0127569
0.0121436
0.0116447
0.0111368
0.0106757
0.010233
0.00975668
0.00927626
0.00889763
0.00861899
0.00845394
0.00835075
0.00839556
0.00854653
0.00877733
0.00914871
0.00963045
0.0102325
0.0108499
0.0114898
0.0121654
0.0128646
0.0135743
0.0142499
0.0149545
0.0157563
0.016484
0.0170799
0.0177079
0.0182415
0.0186663
0.0189497
0.0191347
0.0192357
0.0193584
0.0194248
0.0194968
0.0196043
0.0197194
0.0199047
0.0201138
0.0203057
0.0205039
0.0207227
0.0209764
0.0212616
0.0215615
0.0218981
0.0222186
0.0224999
0.0227465
0.0229743
0.0232179
0.0233893
0.0235491
0.023682
0.0237888
0.0238996
0.0239738
0.0240434
0.0240238
0.0240229
0.0239716
0.0239087
0.0237471
0.0236376
0.0234764
0.0233615
0.0232714
0.0232271
0.0231861
0.023141
0.023016
0.0228814
0.0227519
0.0225961
0.0223856
0.0221274
0.0218695
0.0215975
0.0212878
0.0209087
0.020477
0.0200299
0.0195042
0.0189885
0.018486
0.0180033
0.0175608
0.0171502
0.0167772
0.0164549
0.0162042
0.0160114
0.0158391
0.015755
0.0156636
0.0156525
0.0156303
0.0155922
0.0155685
0.0155229
0.0154224
0.0153737
0.0153277
0.015261
0.0152398
0.0152141
0.0151852
0.015143
0.0151767
0.0151445
0.0151089
0.0151351
0.015183
0.0153275
0.0154814
0.0156395
0.0158306
0.0160778
0.0162558
0.0164911
0.016709
0.0169153
0.0170798
0.0172068
0.0172872
0.0173359
0.017354
0.017362
0.0173353
0.0172714
0.0171737
0.0170531
0.0169321
0.0168563
0.0167505
0.0167026
0.0166833
0.0166911
0.0167172
0.0167649
0.0168701
0.0169941
0.0171336
0.0172783
0.0174431
0.0175396
0.0177003
0.017885
0.0180367
0.0181569
0.0182685
0.0183633
0.0184563
0.0185362
0.0186318
0.0187193
0.0187837
0.0188351
0.0188577
0.0188363
0.0188155
0.0187699
0.0187363
0.0186965
0.0186643
0.0186295
0.0185678
0.0185436
0.0185424
0.0185395
0.0185679
0.0185799
0.0186365
0.0186215
0.0186342
0.0186471
0.0186341
0.018675
0.0187144
0.0187594
0.0188104
0.018931
0.0190495
0.0192043
0.0193492
0.0194689
0.0196269
0.0197336
0.0197929
0.0198599
0.0198961
0.0199078
0.0198977
0.0198755
0.0198412
0.0197944
0.0197095
0.0196213
0.019475
0.0193461
0.0192546
0.019173
0.0191027
0.0189582
0.0188841
0.0188118
0.0187506
0.0186768
0.0185794
0.0184556
0.0183496
0.0182955
0.0181966
0.0181386
0.0180912
0.0180706
0.0181229
0.0181572
0.0181366
0.0181042
0.0180929
0.0181317
0.0181274
0.0181497
0.0181882
0.0182513
0.0183056
0.0183687
0.0183908
0.0184191
0.0184177
0.0184388
0.0184652
0.0184844
0.0184815
0.0184312
0.0183726
0.0182848
0.0182002
0.0180604
0.0179529
0.0178569
0.0177896
0.0177288
0.0176539
0.0176248
0.0176329
0.0176932
0.0177841
0.0178727
0.0179788
0.0180642
0.0181956
0.0183682
0.0184715
0.0186447
0.0187869
0.0189833
0.019134
0.0193061
0.0194365
0.0195917
0.0197081
0.019792
0.019869
0.0199297
0.0199615
0.0200259
0.020037
0.0200235
0.0199681
0.0199475
0.0198776
0.0198052
0.0196843
0.0195656
0.0193553
0.0191748
0.0189456
0.0187024
0.0184107
0.0181498
0.0178904
0.0176102
0.0173792
0.0171293
0.016916
0.0167269
0.0165161
0.0163253
0.0162038
0.0160956
0.0159743
0.0159013
0.0157762
0.0157295
0.0156202
0.0155048
0.015425
0.0153314
0.0152456
0.0151368
0.0150023
0.0148667
0.014772
0.0146366
0.0145077
0.0144204
0.014311
0.014208
0.0141139
0.0140678
0.013971
0.0138536
0.0137478
0.0136681
0.0135976
0.013553
0.0134836
0.0134384
0.0133681
0.0133371
0.0133352
0.0133359
0.0133391
0.0133678
0.0133609
0.0133391
0.0133177
0.0133095
0.0133134
0.0132522
0.0131995
0.013175
0.0131226
0.0130647
0.0130555
0.0130396
0.0130112
0.0130007
0.0129758
0.0129826
0.0129793
0.0129687
0.012964
0.0129698
0.0129226
0.0129167
0.012913
0.0128666
0.0128353
0.0128071
0.0127544
0.0127435
0.0126817
0.01264
0.01258
0.0125118
0.0124258
0.0123291
0.0122651
0.0121725
0.0120885
0.0119461
0.0118495
0.0117579
0.0117022
0.0116269
0.0115131
0.0114591
0.0114228
0.0113387
0.0112717
0.0111825
0.0111581
0.0111585
0.0111919
0.011229
0.011271
0.0112892
0.011355
0.0113393
0.0113494
0.0113282
0.0113032
0.011292
0.0113036
0.0113087
0.0112963
0.0112673
0.0112687
0.011265
0.0113233
0.0114103
0.0115033
0.011592
0.0116869
0.0118466
0.0119384
0.0120391
0.0121428
0.0121137
0.0120965
0.0120282
0.0118758
0.0117154
0.0115113
0.0112344
0.0109591
0.0106625
0.0103384
0.0100436
0.00975927
0.00952341
0.00927463
0.00904357
0.00883021
0.00864077
0.00847501
0.00830606
0.00821954
0.00803476
0.00795379
0.00792527
0.00792555
0.00796391
0.00799483
0.00800697
0.00802454
0.00809649
0.00821727
0.00833129
0.00848896
0.00869615
0.00894552
0.00926336
0.00968822
0.0102148
0.0108069
0.0114587
0.012213
0.0130545
0.0139386
0.0148922
0.0159903
0.0171428
0.0183977
0.0197427
0.0211493
0.0225864
0.0240907
0.0256127
0.0271812
0.0286773
0.0302143
0.0317244
0.0332598
0.0348851
0.0365952
0.0383749
0.0402873
0.0423
0.0443999
0.046635
0.048951
0.0513458
0.0538609
0.0564817
0.0591172
0.0616797
0.0642942
0.0669805
0.0696733
0.0724842
0.0752667
0.0780576
0.0808218
0.0837621
0.086793
0.0899002
0.0931533
0.0965252
0.100021
0.103908
0.107898
0.111936
0.115946
0.119889
0.123888
0.127946
0.132056
0.136183
0.140163
0.144066
0.147838
0.151503
0.155109
0.158644
0.162183
0.165831
0.169511
0.173117
0.176827
0.180494
0.184112
0.187832
0.191587
0.195404
0.199343
0.203461
0.207689
0.21194
0.216301
0.220712
0.225075
0.229353
0.233626
0.237804
0.241988
0.246082
0.2501
0.253962
0.257927
0.261954
0.266038
0.270118
0.27435
0.278419
0.282345
0.286196
0.290132
0.293924
0.297685
0.301506
0.30523
0.308891
0.312598
0.316318
0.320039
0.323676
0.3273
0.3308
0.334177
0.337569
0.340913
0.344261
0.347548
0.350856
0.354197
0.357548
0.360957
0.364427
0.367877
0.371363
0.374896
0.378469
0.382133
0.385905
0.389708
0.393643
0.39763
0.401594
0.405782
0.409866
0.413974
0.41818
0.422423
0.426726
0.431077
0.435418
0.439829
0.44435
0.44899
0.453711
0.458335
0.462945
0.46754
0.472192
0.476816
0.481443
0.486042
0.490642
0.495273
0.499955
0.50462
0.50934
0.513875
0.518282
0.522541
0.526635
0.530633
0.534558
0.538367
0.542133
0.545857
0.54953
0.553216
0.556852
0.560443
0.56398
0.567529
0.571013
0.574565
0.578201
0.581939
0.585682
0.589523
0.593416
0.597342
0.601145
0.605041
0.608833
0.612632
0.616338
0.620116
0.623944
0.627888
0.631756
0.635563
0.639403
0.643233
0.646983
0.650815
0.654578
0.658071
0.66141
0.664605
0.667671
0.670621
0.673541
0.676476
0.679249
0.681986
0.684622
0.687143
0.689611
0.691948
0.694191
0.696231
0.698107
0.69982
0.701244
0.702633
0.704082
0.705507
0.706851
0.708084
0.709266
0.710415
0.711541
0.71267
0.713852
0.715082
0.716329
0.717575
0.718792
0.720022
0.721246
0.722504
0.72383
0.725156
0.726465
0.727731
0.728973
0.730179
0.731328
0.732442
0.733582
0.734737
0.735908
0.737102
0.738304
0.739521
0.740712
0.741845
0.742916
0.74389
0.744763
0.745513
0.746155
0.746688
0.747061
0.747299
0.747419
0.747444
0.747404
0.747294
0.747123
0.746884
0.74661
0.746299
0.745958
0.745577
0.745171
0.744729
0.744252
0.743746
0.743228
0.742713
0.742217
0.741746
0.741301
0.74089
0.740508
0.74016
0.739857
0.739564
0.739287
0.739041
0.738815
0.738614
0.738416
0.73821
0.737999
0.737813
0.737631
0.737447
0.737236
0.736987
0.736714
0.736421
0.736107
0.735765
0.735393
0.734994
0.734582
0.734146
0.73369
0.733206
0.732715
0.732211
0.731684
0.731141
0.730612
0.73008
0.729556
0.729056
0.728602
0.728152
0.727744
0.727391
0.727096
0.726875
0.726695
0.726565
0.726454
0.726364
0.726295
0.726207
0.726111
0.725966
0.725763
0.725508
0.725202
0.72486
0.724477
0.724073
0.723663
0.723238
0.722791
0.722354
0.721931
0.72154
0.721194
0.720875
0.720616
0.720391
0.720181
0.720009
0.719834
0.719669
0.719504
0.719326
0.719147
0.718933
0.718684
0.718429
0.718136
0.717833
0.71753
0.717221
0.716923
0.716603
0.716297
0.715987
0.715659
0.715346
0.71507
0.714819
0.714602
0.714426
0.714277
0.714159
0.714052
0.713965
0.713893
0.713778
0.713696
0.713571
0.713421
0.713247
0.713057
0.712894
0.712689
0.712491
0.712307
0.712125
0.711954
0.711807
0.711658
0.711507
0.711352
0.711175
0.711011
0.710826
0.710651
0.710487
0.710347
0.710221
0.710097
0.709983
0.70986
0.709735
0.709588
0.709449
0.709302
0.709143
0.708979
0.708826
0.708678
0.708541
0.708422
0.708305
0.708209
0.708107
0.708017
0.70794
0.707856
0.707777
0.707706
0.707641
0.707595
0.707572
0.707554
0.707553
0.707559
0.707572
0.707581
0.707577
0.707554
0.70751
0.707449
0.707349
0.707239
0.707117
0.707008
0.706904
0.706795
0.7067
0.706614
0.706512
0.706408
0.706302
0.706191
0.706076
0.70595
0.705869
0.705799
0.70571
0.70563
0.70557
0.705531
0.705487
0.70544
0.705414
0.705391
0.705378
0.70537
0.705344
0.705344
0.705343
0.705361
0.705364
0.70538
0.705394
0.705395
0.70539
0.705381
0.705372
0.705376
0.705373
0.705381
0.705388
0.705394
0.705413
0.705462
0.705523
0.705598
0.705659
0.705702
0.705746
0.705768
0.705787
0.705782
0.705755
0.705667
0.705556
0.705397
0.705202
0.704976
0.704728
0.70449
0.704232
0.703996
0.703787
0.703609
0.703468
0.703367
0.703291
0.703234
0.703178
0.70313
0.70307
0.703014
0.702949
0.702898
0.702866
0.702838
0.702814
0.702797
0.702731
0.702617
0.70249
0.702369
0.702261
0.702185
0.702124
0.702047
0.701947
0.701836
0.70169
0.701549
0.701402
0.701234
0.701052
0.700867
0.700682
0.700523
0.700379
0.700234
0.700092
0.699972
0.699859
0.699749
0.699658
0.699603
0.699544
0.699479
0.699427
0.699378
0.699314
0.699273
0.699226
0.699179
0.699127
0.699061
0.698983
0.698858
0.698702
0.698508
0.698283
0.698022
0.697761
0.697469
0.697181
0.696884
0.696583
0.696311
0.696047
0.695798
0.695544
0.69529
0.695056
0.694825
0.694619
0.694427
0.694249
0.694068
0.693899
0.693754
0.693614
0.693489
0.693386
0.693304
0.693208
0.693122
0.693032
0.69294
0.692842
0.692754
0.69266
0.692562
0.692481
0.692384
0.692276
0.692161
0.69203
0.691864
0.691695
0.691546
0.691421
0.691267
0.691127
0.690972
0.690791
0.690593
0.690359
0.690081
0.689758
0.689402
0.689032
0.688655
0.688231
0.687769
0.687275
0.686722
0.686086
0.685371
0.684586
0.68379
0.682961
0.682094
0.681159
0.680121
0.678922
0.67759
0.675939
0.67402
0.671836
0.669394
0.666759
0.664034
0.661141
0.658132
0.65507
0.651784
0.64834
0.644674
0.640831
0.636964
0.633232
0.629577
0.626167
0.623168
0.620413
0.617844
0.615408
0.613046
0.610655
0.608256
0.605773
0.60315
0.60037
0.597551
0.594705
0.591917
0.58912
0.586288
0.583584
0.580955
0.578332
0.575689
0.573045
0.570404
0.567825
0.56523
0.56261
0.560001
0.557379
0.554801
0.552226
0.549631
0.547056
0.544502
0.541944
0.539418
0.536898
0.534353
0.531741
0.529055
0.526312
0.523507
0.520592
0.517621
0.514609
0.511454
0.508186
0.504815
0.50138
0.497873
0.49439
0.490915
0.487514
0.484138
0.480833
0.47749
0.473907
0.470104
0.466205
0.462239
0.458102
0.453726
0.449003
0.444099
0.438882
0.433224
0.427274
0.421044
0.414434
0.40779
0.400459
0.393311
0.385981
0.378655
0.371005
0.363667
0.356401
0.349138
0.341419
0.333858
0.326242
0.318566
0.310909
0.302913
0.294925
0.287245
0.279663
0.272011
0.264186
0.256158
0.248138
0.23978
0.23137
0.223507
0.215589
0.207571
0.199747
0.192018
0.184376
0.176804
0.169383
0.16191
0.154137
0.146525
0.138986
0.131599
0.124277
0.117007
0.109595
0.102241
0.0952329
0.0880335
0.0804327
0.0724381
0.0642811
0.0563439
0.0488265
0.0413828
0.0341616
0.0271966
0.0201097
0.0131787
0.0069679
0.000832532
-0.00502547
-0.0111463
-0.0173339
-0.0237277
-0.0302284
-0.0372143
-0.0443934
-0.0514722
-0.0588259
-0.0660838
-0.0734772
-0.0808602
-0.08815
-0.0954153
-0.102849
-0.109924
-0.116844
-0.12394
-0.131113
-0.138293
-0.145363
-0.152472
-0.159643
-0.166913
-0.174221
-0.181518
-0.188983
-0.196795
-0.20447
-0.212318
-0.220298
-0.228563
-0.236846
-0.245416
-0.253847
-0.262289
-0.270643
-0.278972
-0.287137
-0.295143
-0.303079
-0.310688
-0.318492
-0.326153
-0.33378
-0.341201
-0.348567
-0.355794
-0.362863
-0.369714
-0.376411
-0.383116
-0.389753
-0.396632
-0.403443
-0.41017
-0.416911
-0.423549
-0.43024
-0.437026
-0.443838
-0.450579
-0.457224
-0.463791
-0.470304
-0.476728
-0.482968
-0.489184
-0.495203
-0.501018
-0.506698
-0.51217
-0.517502
-0.52266
-0.527627
-0.532374
-0.53715
-0.541639
-0.546047
-0.550325
-0.554496
-0.558546
-0.562518
-0.566386
-0.57019
-0.573994
-0.577807
-0.581575
-0.585385
-0.589165
-0.592991
-0.596804
-0.600668
-0.604538
-0.6084
-0.612216
-0.615932
-0.619596
-0.62319
-0.626637
-0.629879
-0.632955
-0.63594
-0.638814
-0.64161
-0.644355
-0.647008
-0.649588
-0.652135
-0.654574
-0.656959
-0.659301
-0.661594
-0.663803
-0.666018
-0.668207
-0.670362
-0.672523
-0.674684
-0.676862
-0.679045
-0.681214
-0.68341
-0.685604
-0.687792
-0.689985
-0.692114
-0.694177
-0.696194
-0.698154
-0.700075
-0.701951
-0.703835
-0.705647
-0.707411
-0.709122
-0.710836
-0.712537
-0.714159
-0.715723
-0.717192
-0.718563
-0.719841
-0.721074
-0.722166
-0.723178
-0.724102
-0.72491
-0.725665
-0.726369
-0.727029
-0.727675
-0.72828
-0.728928
-0.729586
-0.730251
-0.730841
-0.731385
-0.731909
-0.732405
-0.732878
-0.733334
-0.733776
-0.734181
-0.734557
-0.734872
-0.735158
-0.7354
-0.735582
-0.735737
-0.73584
-0.73592
-0.735985
-0.736004
-0.736027
-0.736014
-0.735971
-0.7359
-0.735813
-0.73571
-0.735608
-0.735501
-0.735388
-0.735303
-0.735206
-0.735121
-0.735026
-0.734936
-0.734838
-0.734738
-0.734646
-0.734548
-0.73445
-0.734349
-0.734253
-0.734183
-0.734128
-0.734089
-0.734078
-0.734072
-0.734067
-0.734078
-0.734065
-0.734043
-0.734018
-0.733968
-0.733906
-0.73383
-0.733736
-0.73364
-0.733523
-0.73338
-0.733226
-0.733043
-0.732858
-0.732659
-0.73245
-0.732226
-0.731997
-0.73175
-0.731488
-0.731216
-0.730956
-0.730684
-0.730443
-0.730243
-0.730097
-0.729965
-0.729864
-0.72978
-0.729699
-0.729621
-0.72956
-0.729471
-0.729365
-0.729227
-0.729078
-0.7289
-0.728703
-0.728477
-0.728225
-0.727971
-0.727717
-0.727457
-0.727195
-0.726916
-0.726656
-0.726386
-0.726109
-0.725832
-0.725544
-0.725247
-0.724947
-0.724624
-0.724299
-0.723962
-0.723616
-0.723253
-0.722889
-0.722476
-0.722035
-0.721585
-0.721098
-0.720574
-0.720061
-0.719547
-0.719031
-0.718514
-0.717987
-0.717462
-0.71694
-0.716423
-0.7159
-0.715407
-0.714954
-0.714502
-0.714088
-0.713682
-0.713316
-0.712997
-0.712691
-0.712412
-0.71216
-0.711948
-0.71176
-0.711585
-0.711447
-0.711343
-0.711264
-0.711253
-0.711268
-0.711309
-0.711379
-0.711459
-0.711565
-0.711658
-0.71176
-0.711839
-0.711927
-0.712029
-0.71211
-0.712193
-0.712287
-0.712354
-0.712426
-0.712465
-0.712504
-0.712518
-0.712514
-0.712497
-0.712491
-0.712467
-0.712426
-0.71237
-0.712296
-0.712235
-0.712177
-0.712131
-0.712116
-0.712125
-0.712151
-0.712194
-0.712241
-0.712303
-0.71237
-0.712391
-0.712413
-0.712432
-0.712443
-0.712433
-0.712419
-0.712384
-0.712362
-0.712312
-0.712269
-0.71221
-0.712132
-0.712061
-0.71199
-0.711934
-0.711866
-0.711819
-0.711781
-0.711761
-0.711747
-0.711732
-0.711735
-0.711746
-0.711758
-0.71181
-0.711866
-0.711943
-0.712016
-0.712098
-0.712164
-0.712202
-0.712226
-0.712214
-0.712177
-0.712093
-0.711955
-0.711784
-0.711561
-0.711322
-0.711057
-0.710761
-0.710464
-0.710157
-0.709854
-0.709548
-0.709244
-0.708934
-0.708641
-0.70836
-0.70807
-0.707777
-0.7075
-0.707222
-0.706966
-0.706739
-0.706548
-0.706371
-0.706213
-0.70608
-0.705978
-0.705896
-0.705848
-0.705794
-0.70576
-0.705727
-0.705706
-0.705698
-0.70568
-0.705641
-0.705587
-0.70553
-0.705474
-0.705419
-0.705343
-0.70528
-0.705217
-0.705152
-0.7051
-0.705049
-0.705019
-0.704983
-0.70497
-0.704961
-0.704948
-0.704971
-0.705006
-0.705037
-0.70508
-0.705143
-0.705225
-0.705336
-0.705456
-0.705586
-0.705712
-0.705865
-0.706036
-0.706208
-0.706395
-0.706591
-0.706778
-0.70696
-0.707109
-0.707235
-0.707342
-0.707434
-0.707509
-0.707562
-0.707601
-0.707607
-0.707601
-0.70757
-0.707542
-0.707476
-0.707401
-0.707312
-0.707222
-0.707129
-0.707035
-0.706941
-0.70686
-0.706772
-0.70669
-0.706624
-0.706569
-0.706535
-0.706517
-0.706507
-0.706531
-0.706553
-0.706583
-0.706625
-0.706688
-0.706756
-0.706822
-0.706899
-0.706972
-0.707061
-0.707151
-0.707236
-0.707328
-0.707401
-0.707454
-0.707498
-0.707538
-0.707573
-0.707595
-0.707609
-0.707623
-0.707633
-0.70765
-0.707655
-0.707656
-0.707628
-0.70758
-0.707524
-0.707428
-0.707314
-0.707163
-0.706983
-0.706782
-0.706569
-0.706302
-0.706033
-0.705753
-0.705449
-0.705151
-0.704842
-0.70452
-0.704199
-0.703896
-0.703597
-0.7033
-0.703012
-0.702755
-0.702497
-0.702252
-0.702025
-0.701802
-0.701594
-0.701394
-0.70121
-0.701053
-0.700935
-0.700849
-0.700789
-0.700754
-0.70074
-0.700735
-0.700775
-0.700825
-0.700872
-0.700921
-0.700946
-0.700951
-0.700925
-0.700882
-0.70081
-0.700711
-0.70059
-0.70046
-0.70029
-0.700093
-0.699886
-0.699626
-0.699315
-0.698998
-0.69863
-0.698233
-0.697812
-0.697342
-0.696855
-0.696336
-0.695783
-0.695196
-0.694583
-0.693949
-0.693267
-0.692584
-0.691791
-0.691039
-0.690167
-0.689222
-0.68821
-0.687111
-0.685924
-0.68461
-0.68317
-0.681571
-0.679805
-0.677837
-0.675657
-0.673229
-0.670544
-0.667565
-0.66424
-0.660818
-0.657201
-0.653442
-0.649554
-0.645576
-0.641759
-0.637847
-0.633747
-0.629523
-0.625356
-0.620919
-0.616645
-0.612127
-0.60754
-0.602881
-0.598146
-0.593268
-0.58847
-0.583473
-0.578493
-0.573383
-0.568362
-0.563316
-0.558376
-0.553546
-0.548748
-0.544117
-0.539553
-0.535279
-0.531007
-0.526952
-0.523066
-0.519464
-0.516016
-0.512617
-0.509252
-0.506107
-0.502988
-0.499956
-0.497025
-0.494135
-0.491341
-0.488558
-0.485842
-0.483083
-0.480309
-0.477601
-0.47479
-0.471857
-0.468961
-0.466011
-0.463046
-0.460039
-0.456986
-0.453939
-0.450984
-0.44802
-0.44515
-0.44226
-0.439447
-0.43666
-0.433916
-0.431227
-0.428524
-0.425834
-0.423134
-0.420354
-0.417568
-0.41478
-0.411928
-0.409038
-0.406048
-0.403084
-0.400111
-0.397154
-0.394151
-0.391149
-0.388191
-0.385384
-0.382261
-0.379082
-0.375926
-0.372685
-0.369343
-0.365921
-0.362359
-0.358777
-0.355154
-0.351505
-0.347789
-0.344034
-0.340226
-0.336422
-0.332584
-0.328844
-0.325141
-0.321574
-0.318079
-0.314727
-0.311497
-0.308341
-0.305274
-0.302194
-0.299199
-0.296207
-0.293312
-0.29044
-0.287563
-0.284693
-0.281811
-0.278903
-0.27595
-0.273029
-0.270134
-0.267344
-0.264676
-0.262107
-0.25956
-0.257068
-0.254686
-0.252323
-0.249933
-0.247571
-0.245217
-0.242837
-0.240591
-0.238229
-0.235851
-0.233449
-0.231169
-0.228835
-0.22649
-0.224147
-0.221796
-0.219454
-0.217166
-0.214838
-0.212516
-0.210239
-0.20807
-0.20595
-0.203988
-0.202245
-0.200749
-0.199377
-0.198154
-0.197017
-0.195984
-0.194941
-0.193893
-0.192851
-0.191798
-0.19066
-0.189496
-0.188209
-0.186827
-0.185349
-0.183796
-0.182121
-0.180268
-0.178301
-0.17627
-0.174147
-0.171922
-0.169635
-0.167277
-0.16489
-0.162481
-0.159992
-0.157449
-0.154877
-0.152333
-0.149764
-0.147215
-0.144723
-0.142229
-0.139776
-0.137424
-0.135108
-0.132808
-0.130532
-0.128278
-0.126053
-0.123901
-0.121727
-0.119582
-0.117421
-0.115257
-0.113082
-0.110915
-0.108766
-0.106647
-0.10455
-0.102523
-0.10057
-0.0986232
-0.0967221
-0.0948155
-0.0929892
-0.0911952
-0.0894859
-0.0878205
-0.0862256
-0.0846566
-0.0831109
-0.0816456
-0.0802608
-0.0789226
-0.0776596
-0.0765116
-0.0754444
-0.0744701
-0.0735557
-0.0726893
-0.0719327
-0.0712361
-0.0706229
-0.0700636
-0.069567
-0.0691402
-0.068789
-0.0685216
-0.0683284
-0.0681872
-0.068123
-0.0680925
-0.0680429
-0.0680328
-0.0680207
-0.0679383
-0.0678364
-0.0676952
-0.0675209
-0.067328
-0.0671082
-0.0668896
-0.0666874
-0.0665073
-0.0663607
-0.0662669
-0.066161
-0.0662186
-0.0662016
-0.0661414
-0.0660463
-0.0659063
-0.0657417
-0.0655238
-0.0652872
-0.0650264
-0.0647215
-0.0644264
-0.0641483
-0.0638943
-0.0636284
-0.0634506
-0.0633441
-0.0632741
-0.0632085
-0.063194
-0.0632048
-0.0632738
-0.0633769
-0.0634826
-0.0636156
-0.0637378
-0.0638569
-0.063971
-0.0641003
-0.0641382
-0.0641898
-0.0641702
-0.0641686
-0.0641342
-0.0640547
-0.0639713
-0.0638359
-0.0637039
-0.0635347
-0.0633366
-0.0631336
-0.0629338
-0.0627134
-0.0625475
-0.0623661
-0.0621467
-0.0619373
-0.0617581
-0.0615976
-0.061468
-0.0613921
-0.0613156
-0.0612761
-0.0612775
-0.061244
-0.0612384
-0.0612467
-0.0612622
-0.0612984
-0.0613357
-0.0613682
-0.0613804
-0.0613907
-0.0613569
-0.0612614
-0.0610888
-0.0608435
-0.0605208
-0.0601261
-0.0596966
-0.0592054
-0.0586592
-0.0580698
-0.0574808
-0.0568783
-0.0562834
-0.0557359
-0.0551729
-0.0545992
-0.0540511
-0.0535181
-0.0530373
-0.0525884
-0.0521459
-0.051693
-0.0512856
-0.0508902
-0.0505753
-0.0503155
-0.0501729
-0.0500095
-0.0497622
-0.049581
-0.0495498
-0.0495486
-0.0495045
-0.0494063
-0.0493282
-0.0492836
-0.0492347
-0.0491579
-0.0490562
-0.0489563
-0.0488406
-0.0486953
-0.0485221
-0.0483686
-0.048174
-0.0479941
-0.0478496
-0.0477306
-0.0476087
-0.0475317
-0.0474793
-0.047472
-0.047492
-0.0475489
-0.0476263
-0.0477242
-0.0478681
-0.0480393
-0.0482651
-0.0484831
-0.0486966
-0.0489345
-0.0491897
-0.0493807
-0.0495856
-0.049741
-0.0498838
-0.0499999
-0.0500689
-0.0501611
-0.0502147
-0.0502424
-0.050316
-0.0504007
-0.0504908
-0.050618
-0.0506913
-0.050741
-0.0508757
-0.0510654
-0.0512534
-0.0514037
-0.0515329
-0.0516492
-0.0516897
-0.0516752
-0.0516702
-0.0515961
-0.0514916
-0.0513644
-0.0512315
-0.0510382
-0.0509119
-0.0507226
-0.0505714
-0.0504206
-0.0503023
-0.0501947
-0.0500549
-0.0498895
-0.0497021
-0.0495074
-0.0493056
-0.0490934
-0.048941
-0.0487859
-0.0486703
-0.0485643
-0.0484882
-0.0484446
-0.048437
-0.0484547
-0.0485008
-0.0485336
-0.0485548
-0.0485734
-0.048576
-0.0485307
-0.0484541
-0.0483966
-0.0483396
-0.0483139
-0.0482677
-0.0482338
-0.0482142
-0.0481859
-0.0482025
-0.0482042
-0.0482598
-0.0483002
-0.0483625
-0.0484622
-0.0485899
-0.0486782
-0.0487701
-0.0488982
-0.0489743
-0.0490289
-0.0491034
-0.0491628
-0.0491832
-0.0492017
-0.0492137
-0.0492477
-0.04923
-0.0491899
-0.0491731
-0.0491309
-0.0491173
-0.0491227
-0.0491124
-0.0491074
-0.0490961
-0.0490516
-0.0490347
-0.0489843
-0.0489653
-0.0490308
-0.0490661
-0.0491819
-0.0492692
-0.0493375
-0.0494119
-0.049428
-0.0494502
-0.0494837
-0.0495155
-0.0495004
-0.0495096
-0.0495293
-0.0495278
-0.049534
-0.0495326
-0.0494928
-0.0494508
-0.049399
-0.0493619
-0.0492855
-0.0492178
-0.0491416
-0.049101
-0.049047
-0.0489766
-0.0488367
-0.0486407
-0.0483725
-0.0481157
-0.047836
-0.0475338
-0.0472693
-0.0470046
-0.0467501
-0.0464827
-0.0462044
-0.0459337
-0.0456972
-0.0454563
-0.0451883
-0.0449309
-0.0446237
-0.0443351
-0.0440267
-0.043691
-0.0433735
-0.043045
-0.0427704
-0.0424499
-0.0421765
-0.041943
-0.0417432
-0.041636
-0.0415614
-0.0415092
-0.041479
-0.0413979
-0.0413266
-0.0412782
-0.0412542
-0.0412349
-0.0412449
-0.0412319
-0.0412377
-0.0412703
-0.041308
-0.0413188
-0.0413311
-0.0412712
-0.0412528
-0.041248
-0.0412646
-0.0412322
-0.0412012
-0.0411314
-0.0410637
-0.0409303
-0.0408388
-0.0406945
-0.0405701
-0.0404693
-0.0403819
-0.0403014
-0.0402993
-0.0403026
-0.0403071
-0.0402643
-0.0402597
-0.0402666
-0.0402405
-0.0401499
-0.040059
-0.039942
-0.0398436
-0.039749
-0.0396522
-0.0395881
-0.0395442
-0.0395001
-0.0394152
-0.0393359
-0.0392919
-0.0392256
-0.0391334
-0.0390571
-0.0389605
-0.0388759
-0.0388066
-0.0387351
-0.0386217
-0.0385589
-0.0384662
-0.0384421
-0.0383475
-0.0382232
-0.0380633
-0.0378289
-0.0375676
-0.0372908
-0.0369833
-0.0366577
-0.0363499
-0.0360527
-0.0357896
-0.035521
-0.0352894
-0.0350931
-0.0349251
-0.0347673
-0.0347048
-0.0346902
-0.034745
-0.0348181
-0.0349799
-0.0351448
-0.0352921
-0.0354529
-0.0355581
-0.035657
-0.0356928
-0.0356595
-0.0356306
-0.0355184
-0.0352881
-0.0351304
-0.035037
-0.0348808
-0.0347529
-0.0346007
-0.034444
-0.0342257
-0.0339718
-0.0337112
-0.0333599
-0.0328845
-0.0323763
-0.0318317
-0.0312266
-0.0306052
-0.0299334
-0.0292679
-0.0286092
-0.0279279
-0.0272547
-0.0265948
-0.0259017
-0.0251852
-0.0244494
-0.0237196
-0.0229746
-0.0222896
-0.021593
-0.0209165
-0.0202653
-0.0195992
-0.0189529
-0.0183345
-0.0177746
-0.0172844
-0.0168246
-0.0164472
-0.0161266
-0.0157713
-0.0154631
-0.0151748
-0.0149361
-0.0146513
-0.0144259
-0.0142023
-0.0140186
-0.0138863
-0.0137171
-0.0136058
-0.0135138
-0.0134702
-0.0133225
-0.0125045
-0.0122782
-0.0122319
-0.012373
-0.0125192
-0.012711
-0.0130202
-0.0134537
-0.0139975
-0.0146215
-0.0152554
-0.0159052
-0.0165391
-0.0171821
-0.0176264
-0.0180293
-0.0183467
-0.0186863
-0.0189052
-0.0191373
-0.0193092
-0.0193722
-0.0194014
-0.0193634
-0.0192755
-0.0192066
-0.0190759
-0.0188846
-0.0185488
-0.0180946
-0.0175843
-0.0169763
-0.0162938
-0.0156363
-0.0149712
-0.0144921
-0.0142136
-0.0141689
-0.014252
-0.0144097
-0.0146271
-0.0149241
-0.0152002
-0.0155988
-0.0161526
-0.0168227
-0.0175448
-0.0182179
-0.0188652
-0.0194154
-0.0197441
-0.0197588
-0.0194688
-0.0190607
-0.018545
-0.0179183
-0.0171933
-0.0161802
-0.0148792
-0.0133246
-0.0116579
-0.00995922
-0.00820443
-0.00647777
-0.00477807
-0.00315252
-0.00169214
-0.000414176
0.000656279
0.0015255
0.00228498
0.00304347
0.00396633
0.0050638
0.00611938
0.0071749
0.00806119
0.00874113
0.00929294
0.00978436
0.0102465
0.0107382
0.0113906
0.012151
0.0129657
0.0137826
0.0145692
0.0153897
0.0161595
0.0167131
0.0171345
0.0175791
0.018135
0.0185245
0.0189744
0.0195042
0.0200284
0.020489
0.0208393
0.0212213
0.0213695
0.0214295
0.021478
0.0217584
0.0221928
0.0227972
0.0235872
0.0247049
0.0259406
0.0272566
0.0286471
0.0299547
0.031096
0.0320897
0.0327969
0.0332915
0.0336216
0.0337975
0.0338834
0.0338641
0.0337801
0.0336361
0.0333911
0.0330349
0.032576
0.0321096
0.0317781
0.0314533
0.0311774
0.0309863
0.0309524
0.031054
0.0313689
0.0318879
0.0326212
0.0335268
0.0346042
0.0359009
0.0373735
0.0389106
0.0403699
0.0418169
0.0431527
0.0444997
0.0458034
0.0470301
0.0481334
0.0490424
0.0497046
0.0501848
0.0503149
0.0501495
0.0496656
0.0489522
0.0480955
0.047227
0.0464164
0.0457349
0.045202
0.0447691
0.0444197
0.0441025
0.0438149
0.0437137
0.043787
0.0438885
0.0439588
0.0439197
0.0438116
0.0436116
0.0433985
0.0431972
0.0428691
0.0424841
0.0420015
0.0414326
0.0406308
0.0396526
0.0384575
0.0372244
0.0359643
0.034818
0.0336881
0.0326326
0.0315802
0.0305195
0.0294676
0.0283424
0.0272334
0.0261698
0.0252048
0.0243456
0.0236293
0.0231084
0.0228196
0.0226994
0.0227519
0.0228356
0.0229448
0.0230318
0.0231579
0.0233005
0.0233526
0.0233486
0.0232457
0.0229914
0.0226506
0.0222271
0.0217181
0.0211177
0.0203907
0.019485
0.0185181
0.0175779
0.0166182
0.0156247
0.0146074
0.0136196
0.0127235
0.0118578
0.0109805
0.0102412
0.00942993
0.00865704
0.00788187
0.00708637
0.00639363
0.00573297
0.00511878
0.0045428
0.00399345
0.00344429
0.00285944
0.00219417
0.00154606
0.000901042
0.000275443
-0.000284878
-0.000863263
-0.00132991
-0.00161602
-0.00186
-0.00207528
-0.00230035
-0.00258456
-0.00289185
-0.00323834
-0.00364255
-0.00404047
-0.0044076
-0.00477899
-0.00518117
-0.00559064
-0.00601919
-0.00648084
-0.00691187
-0.00734521
-0.00767985
-0.00794988
-0.00819774
-0.00839056
-0.00848259
-0.00849314
-0.00842539
-0.00826267
-0.00809216
-0.00790966
-0.00767081
-0.00738947
-0.00701858
-0.00655553
-0.00602449
-0.00545637
-0.0048912
-0.00440081
-0.00392681
-0.00346219
-0.0030549
-0.00263714
-0.0022502
-0.0018585
-0.00156926
-0.00131294
-0.00109834
-0.000979569
-0.000878999
-0.000858776
-0.000837272
-0.000881009
-0.00100118
-0.00114401
-0.00128126
-0.00137088
-0.00139352
-0.00138013
-0.00134277
-0.00128965
-0.00120583
-0.001097
-0.000986837
-0.000863822
-0.0006732
-0.000517889
-0.000393477
-0.000239161
-0.000100112
0.000123294
0.000330777
0.000499621
0.000653224
0.000745293
0.000902664
0.00114528
0.00142669
0.00168911
0.00187148
0.00203572
0.00222493
0.00234986
0.00245455
0.00254527
0.0026884
0.00278748
0.00284404
0.00292311
0.00300656
0.00309908
0.00314766
0.0031923
0.00315904
0.00320953
0.00326199
0.00334987
0.00345069
0.00351427
0.00354228
0.00351558
0.00346473
0.00340102
0.00338331
0.00340885
0.00348816
0.00360274
0.003763
0.0039656
0.00418328
0.00447757
0.00476458
0.00506397
0.00535819
0.00561031
0.00588835
0.00612068
0.00640241
0.00666646
0.00689658
0.00710372
0.00720814
0.00726259
0.00728027
0.00734151
0.00734576
0.00733658
0.00735544
0.00739964
0.00742975
0.00748732
0.00749496
0.00752011
0.00763673
0.00772855
0.00774118
0.00771055
0.00761748
0.00749388
0.00736376
0.00722381
0.00708487
0.00694409
0.00683434
0.00674629
0.00664225
0.00650231
0.00638522
0.00622011
0.00609931
0.00595898
0.00583327
0.00571951
0.00557601
0.00537602
0.00518408
0.004976
0.00483367
0.0047165
0.00457877
0.00442905
0.00420016
0.00388042
0.0035457
0.0031416
0.0026928
0.00227265
0.0018804
0.00144596
0.00104581
0.00065397
0.000310557
-7.15354e-06
-0.000326418
-0.000671365
-0.000989706
-0.00132134
-0.00165457
-0.00198911
-0.00234416
-0.00264497
-0.00297991
-0.00335148
-0.00373016
-0.00414922
-0.00464857
-0.00516358
-0.00566936
-0.00614579
-0.00653847
-0.00696238
-0.00736551
-0.00769333
-0.00792834
-0.00812979
-0.00833075
-0.0085256
-0.00871832
-0.00889757
-0.00911464
-0.00926298
-0.00941095
-0.00956519
-0.00969825
-0.00982519
-0.00996608
-0.0101152
-0.0103066
-0.0104316
-0.0106367
-0.0107938
-0.0108812
-0.010993
-0.0110871
-0.011168
-0.0112026
-0.0111978
-0.0111389
-0.0110859
-0.011059
-0.0110326
-0.0110062
-0.010996
-0.0110081
-0.0109945
-0.0109968
-0.0109895
-0.0109782
-0.0109663
-0.0109109
-0.0108774
-0.0107867
-0.0106894
-0.0106453
-0.0105482
-0.0104214
-0.0103115
-0.0101674
-0.0100426
-0.00989422
-0.0097673
-0.00961663
-0.00947275
-0.00933341
-0.00922388
-0.00911312
-0.00902597
-0.00900014
-0.00897306
-0.00891751
-0.00891258
-0.00888729
-0.00885351
-0.00886467
-0.00883089
-0.00878519
-0.00871427
-0.00856781
-0.00838443
-0.00811252
-0.00785508
-0.00757985
-0.00728106
-0.00699283
-0.00673233
-0.00645765
-0.00619536
-0.00589423
-0.00566289
-0.00540288
-0.00518507
-0.00499383
-0.00482323
-0.00461336
-0.00446354
-0.00428018
-0.00418919
-0.00410429
-0.00412679
-0.00423063
-0.00431441
-0.00443379
-0.00461202
-0.00485626
-0.00516383
-0.00550708
-0.0059088
-0.00640562
-0.00686305
-0.00732553
-0.00778661
-0.00824079
-0.00871383
-0.00919586
-0.00967232
-0.0101595
-0.0106372
-0.0111042
-0.011573
-0.0120166
-0.0124396
-0.012887
-0.013379
-0.0138157
-0.0142509
-0.0148251
-0.0153791
-0.0159175
-0.0163935
-0.0168504
-0.0172362
-0.0175408
-0.0178807
-0.0181402
-0.0183336
-0.0185072
-0.0186054
-0.0186437
-0.0188207
-0.0190535
-0.0191389
-0.018979
-0.0185696
-0.0179594
-0.0171221
-0.016057
-0.0147798
-0.0132871
-0.0116668
-0.00984053
-0.00797118
-0.00624123
-0.00446355
-0.00210078
-0.000288734
0.000959034
0.00183685
0.00247979
0.00292275
0.00325625
0.00344177
0.00349469
0.00343388
0.00327269
0.00297461
0.00266741
0.00238751
0.00225505
0.00222486
0.00219452
0.00225742
0.00243446
0.00269957
0.00304939
0.0034227
0.0037915
0.00416775
0.00450175
0.00473944
0.00486216
0.00492973
0.00482047
0.00464512
0.00436269
0.0041761
0.00404833
0.0041095
0.00418574
0.0044764
0.00510612
0.00604605
0.00720847
0.00843433
0.0097747
0.0113724
0.0130311
0.0150947
0.0175453
0.0204717
0.0238003
0.0274503
0.0310639
0.0348582
0.0388489
0.0427161
0.0465427
0.0500003
0.0529798
0.0550027
0.0563304
0.0569654
0.0571725
0.0570507
0.0565053
0.055529
0.0542835
0.0527124
0.050846
0.0487681
0.0467411
0.0447588
0.0428501
0.0411247
0.039542
0.0381676
0.0370495
0.0362955
0.0358163
0.0355475
0.035481
0.0355511
0.0357194
0.0359997
0.0365135
0.0370782
0.0376674
0.0382473
0.0388281
0.0392549
0.0393864
0.0391169
0.0384754
0.037484
0.0362235
0.0347959
0.033286
0.0316631
0.0298607
0.027817
0.0255198
0.023092
0.0206723
0.018262
0.0157976
0.0133081
0.0109211
0.00867882
0.0066689
0.00498312
0.00354655
0.00236448
0.00125466
0.000230283
-0.000877558
-0.00202452
-0.00293477
-0.00390615
-0.00490731
-0.00608538
-0.00746911
-0.00894435
-0.0105903
-0.0123241
-0.0140069
-0.0156437
-0.0172376
-0.018655
-0.0197073
-0.0205011
-0.0211786
-0.0217444
-0.0222842
-0.022909
-0.0235031
-0.023902
-0.0242277
-0.0245554
-0.0248809
-0.0255675
-0.0267339
-0.0272863
-0.027344
-0.0273425
-0.0275763
-0.0280507
-0.0286772
-0.0293105
-0.0299552
-0.0307163
-0.0316021
-0.0325967
-0.0336624
-0.0348048
-0.0359087
-0.037043
-0.0382598
-0.0394652
-0.0407524
-0.0421039
-0.0435286
-0.0448757
-0.0460326
-0.0470684
-0.0479328
-0.0487253
-0.0494834
-0.0500771
-0.0503605
-0.0504928
-0.0505256
-0.0505913
-0.0505807
-0.050509
-0.0505387
-0.0507906
-0.0512814
-0.051933
-0.052647
-0.0533758
-0.0540638
-0.0548451
-0.0557368
-0.0566642
-0.0574698
-0.0581119
-0.0586981
-0.0592666
-0.0598656
-0.0605246
-0.0612467
-0.0621737
-0.0632839
-0.0645566
-0.0659315
-0.0673524
-0.0688032
-0.0701594
-0.0717645
-0.0727819
-0.0737625
-0.0746079
-0.0753727
-0.0761675
-0.0768235
-0.077304
-0.0776059
-0.0778457
-0.078282
-0.0788582
-0.0796019
-0.0804327
-0.0813647
-0.0824342
-0.0836099
-0.0849719
-0.0864542
-0.088
-0.0895155
-0.0910797
-0.0927084
-0.0944155
-0.0961072
-0.0976863
-0.099151
-0.100353
-0.101429
-0.102475
-0.103369
-0.104143
-0.104784
-0.105435
-0.105785
-0.105902
-0.106116
-0.106414
-0.106856
-0.10735
-0.107842
-0.108312
-0.108617
-0.108781
-0.108825
-0.108725
-0.108616
-0.108545
-0.108464
-0.108395
-0.108295
-0.10809
-0.107779
-0.107354
-0.106867
-0.106359
-0.105791
-0.105144
-0.104362
-0.103442
-0.102443
-0.101342
-0.100112
-0.0987819
-0.0974419
-0.0959401
-0.0942928
-0.092612
-0.0908593
-0.0890279
-0.08719
-0.0852495
-0.0832576
-0.0812323
-0.0792444
-0.0771484
-0.0749436
-0.0726824
-0.0704294
-0.0682493
-0.0662337
-0.0643456
-0.062448
-0.0605861
-0.0586571
-0.0569389
-0.0552988
-0.0537751
-0.0523619
-0.0509381
-0.0495338
-0.0481595
-0.0468696
-0.045604
-0.044365
-0.0431787
-0.0420941
-0.0410561
-0.0401576
-0.0392767
-0.0386001
-0.0378451
-0.0371196
-0.0363933
-0.0356455
-0.0348434
-0.0340352
-0.0332742
-0.0325358
-0.0317681
-0.0310361
-0.030465
-0.030023
-0.0297095
-0.0294916
-0.0293455
-0.029264
-0.0292663
-0.0294238
-0.0296448
-0.0299609
-0.0303105
-0.0306432
-0.0309685
-0.0312866
-0.0316199
-0.0319725
-0.0324519
-0.0330427
-0.033699
-0.0342819
-0.0348338
-0.0353196
-0.0357438
-0.0359491
-0.0360248
-0.0359191
-0.0357534
-0.0355512
-0.0354364
-0.0353598
-0.0351853
-0.0350024
-0.0349053
-0.0347073
-0.034443
-0.0341515
-0.0338461
-0.0334801
-0.0331255
-0.032826
-0.0326117
-0.032483
-0.0323509
-0.0322521
-0.0321765
-0.032039
-0.0320073
-0.032021
-0.0321352
-0.0323871
-0.0326594
-0.0329122
-0.0330634
-0.0331657
-0.0331692
-0.0331044
-0.0329666
-0.0328524
-0.0326901
-0.0325055
-0.0322683
-0.031931
-0.0315882
-0.0313107
-0.0310334
-0.0306993
-0.0303408
-0.0299649
-0.0297182
-0.0295843
-0.0293998
-0.0292569
-0.0290416
-0.0288025
-0.0285726
-0.0284304
-0.0283442
-0.0282786
-0.0282445
-0.0282199
-0.0282444
-0.0282591
-0.0282299
-0.0282178
-0.0281989
-0.0280838
-0.0279142
-0.0277194
-0.0274353
-0.0271165
-0.026772
-0.0264672
-0.0261269
-0.0258042
-0.0253725
-0.0249342
-0.0245476
-0.0241454
-0.0237815
-0.0234936
-0.02327
-0.0230456
-0.0228078
-0.022539
-0.0223084
-0.0220892
-0.0218567
-0.0216823
-0.0214947
-0.0213395
-0.0211855
-0.0210689
-0.0209859
-0.0209712
-0.0209499
-0.020904
-0.0208496
-0.0207729
-0.0206535
-0.0205326
-0.0203558
-0.0202301
-0.0200706
-0.0198901
-0.0196444
-0.0193891
-0.0190985
-0.0187813
-0.0184781
-0.0181685
-0.0178897
-0.0176836
-0.0175012
-0.0173346
-0.017206
-0.017113
-0.0170822
-0.0170245
-0.0169461
-0.0168218
-0.0166523
-0.0165013
-0.0163267
-0.0161235
-0.015904
-0.0157549
-0.0156626
-0.0155781
-0.0154648
-0.0153692
-0.0152858
-0.015196
-0.0150643
-0.0149123
-0.0147157
-0.0144778
-0.0141601
-0.0137526
-0.0132575
-0.0126147
-0.012109
-0.0114849
-0.0109736
-0.0103909
-0.00957559
-0.0087573
-0.00790968
-0.00706113
-0.00613331
-0.00525257
-0.00454346
-0.00402989
-0.00336827
-0.00274869
-0.00217312
-0.00164374
-0.00115344
-0.000605992
-0.000111692
0.000282454
0.000640911
0.00103739
0.00141253
0.00176821
0.0021281
0.00239195
0.00264423
0.00284913
0.00301606
0.00321672
0.00345181
0.0036998
0.00390737
0.0040697
0.00415983
0.00437126
0.00470751
0.0050286
0.00534879
0.00569882
0.006067
0.00642664
0.00673339
0.00697982
0.0071063
0.0071189
0.00706499
0.00685411
0.0065591
0.00623836
0.00583693
0.00540189
0.00497401
0.00446952
0.00390095
0.00331946
0.00278643
0.00232036
0.00194172
0.00160356
0.00132682
0.00109451
0.000887947
0.00070806
0.000580349
0.000456553
0.000261989
4.74932e-05
-0.000161507
-0.000424719
-0.000663997
-0.000921536
-0.00118645
-0.00143914
-0.00161511
-0.00166891
-0.00165925
-0.00161818
-0.00147852
-0.0012892
-0.00100517
-0.000687959
-0.00030359
0.000137176
0.000588774
0.00101298
0.00140677
0.00174696
0.00199417
0.00227383
0.00238407
0.00234992
0.0022605
0.00211716
0.00192806
0.00159684
0.00110388
0.000371356
-0.000530681
-0.00143404
-0.00228423
-0.00313274
-0.00397762
-0.00510063
-0.00630851
-0.00748509
-0.00866746
-0.0097397
-0.0106592
-0.0113643
-0.0120097
-0.0126075
-0.0131547
-0.013574
-0.0137878
-0.0138157
-0.0135727
-0.0130438
-0.0121634
-0.0110822
-0.00982046
-0.00837556
-0.0067897
-0.0051508
-0.00339024
-0.00157509
0.000386493
0.00249321
0.00468661
0.00691094
0.00919789
0.0115681
0.013951
0.0163221
0.0186194
0.0208704
0.022913
0.024712
0.0262304
0.0275873
0.028859
0.030196
0.0318481
0.0337218
0.0358426
0.038095
0.0403977
0.0427665
0.0452555
0.0477336
0.0502344
0.052667
0.0550572
0.0573666
0.0596439
0.0618045
0.0636842
0.0652265
0.0663331
0.0670982
0.0675663
0.067711
0.0675832
0.067219
0.0666743
0.0659166
0.0650406
0.0640071
0.0629356
0.0617429
0.0605476
0.0594184
0.0584416
0.0576423
0.0570898
0.0566963
0.0565174
0.0564308
0.056389
0.0563868
0.056411
0.0563789
0.0562167
0.0560047
0.0557068
0.0552823
0.0548033
0.0541883
0.0534497
0.052488
0.0513041
0.0498702
0.0481652
0.0462294
0.0441385
0.0419109
0.0396345
0.0373185
0.0350301
0.0328395
0.0306945
0.0286159
0.0266066
0.0247407
0.0230498
0.0215388
0.0201434
0.0188209
0.0175705
0.016356
0.0152465
0.014148
0.013088
0.0120668
0.0111597
0.0103849
0.00972431
0.00914565
0.00854002
0.00783799
0.00704013
0.00613238
0.00512945
0.00406902
0.0030258
0.00204696
0.00109334
0.000191123
-0.000598007
-0.00125542
-0.00176975
-0.0022037
-0.00256884
-0.00289133
-0.00315483
-0.00331044
-0.00341599
-0.0034732
-0.0034812
-0.00347994
-0.00341492
-0.00336095
-0.00331975
-0.00335923
-0.0035407
-0.00380182
-0.00421575
-0.00469344
-0.00523174
-0.00583906
-0.00648466
-0.00708321
-0.00773349
-0.00831374
-0.00888103
-0.00936227
-0.00980829
-0.0102729
-0.0107307
-0.0111764
-0.0114985
-0.0118055
-0.0120078
-0.0121879
-0.0123803
-0.0125152
-0.0126376
-0.0126301
-0.012593
-0.0124871
-0.0123771
-0.0122207
-0.0120522
-0.0118374
-0.011572
-0.0112097
-0.0107702
-0.0102467
-0.00963199
-0.0089215
-0.0081959
-0.00736924
-0.00652339
-0.00576605
-0.00514701
-0.00459427
-0.00408709
-0.00362174
-0.00320663
-0.00288182
-0.00258631
-0.00234337
-0.00214374
-0.00202656
-0.00196129
-0.00198756
-0.00203437
-0.00209726
-0.00214952
-0.00223252
-0.00228616
-0.00229162
-0.00219528
-0.0020653
-0.00184745
-0.00161445
-0.00132711
-0.00105425
-0.000789512
-0.000522263
-0.000266867
4.00979e-05
0.000363114
0.00073683
0.00123314
0.00170772
0.00219886
0.00267499
0.00312578
0.00351176
0.00387632
0.00414449
0.00436324
0.00455942
0.00469568
0.00476758
0.00480151
0.00481428
0.00475972
0.00477958
0.0047625
0.00477886
0.00485044
0.00495348
0.00508427
0.00526292
0.0054436
0.00568174
0.00592729
0.00617326
0.00643677
0.00663447
0.00681766
0.00698456
0.0071103
0.00717098
0.00713989
0.00709237
0.00697811
0.00676053
0.00649853
0.00624129
0.00589977
0.00556706
0.00521812
0.00490421
0.00458179
0.00433606
0.0040352
0.00376977
0.00345931
0.00315881
0.00285421
0.0026169
0.0023907
0.00221769
0.00210333
0.00204518
0.0020343
0.00208378
0.00226599
0.00254187
0.00284449
0.00323996
0.00366355
0.00410229
0.00454483
0.0050194
0.00546099
0.00586439
0.00625611
0.00660838
0.00695673
0.00727774
0.00758215
0.00788109
0.00809933
0.00832962
0.00853208
0.00869996
0.00883705
0.00896008
0.00905711
0.00909153
0.00916907
0.00918924
0.00937661
0.00931283
0.00924398
0.00919439
0.00914589
0.00917108
0.00917246
0.00924762
0.00935163
0.0094704
0.00963375
0.00980409
0.00996784
0.0101375
0.0102611
0.0103379
0.0104278
0.0104838
0.0104965
0.0105401
0.0105757
0.0106243
0.0106804
0.0107148
0.0107464
0.0108026
0.0108845
0.0108905
0.010913
0.010942
0.0109455
0.0109732
0.0110411
0.0111234
0.0112028
0.011247
0.0112991
0.0113667
0.0113756
0.0114339
0.0115101
0.0116003
0.0116962
0.0117376
0.0117878
0.0118403
0.011903
0.0119689
0.0120004
0.0120785
0.0121758
0.0123062
0.0124853
0.0126033
0.0127522
0.0129026
0.0130911
0.0133133
0.013512
0.013721
0.0139855
0.0142479
0.0144414
0.0146419
0.0148112
0.0150023
0.0152153
0.0154147
0.0156215
0.0158712
0.0161691
0.0165031
0.0168929
0.0173185
0.0177973
0.0182396
0.0188087
0.0194579
0.0200881
0.0207296
0.0213268
0.0219618
0.0224945
0.0230471
0.0235752
0.0240693
0.0244977
0.0248939
0.0252985
0.0256734
0.0259882
0.0263007
0.0265758
0.0268754
0.0271713
0.0274402
0.0277068
0.0279714
0.0282789
0.0286331
0.0289986
0.0293707
0.0297416
0.0300937
0.0304411
0.0306634
0.0308985
0.0310774
0.0312421
0.0312922
0.0313201
0.0312426
0.0310852
0.0308999
0.030679
0.0304962
0.0303283
0.0301233
0.0299049
0.0296573
0.0294639
0.0292738
0.0290672
0.0288509
0.0286744
0.0285162
0.0283614
0.0282224
0.0280862
0.027982
0.0278428
0.0277174
0.02759
0.0274594
0.0273947
0.0273605
0.0273681
0.0273869
0.027415
0.0274726
0.0275639
0.0276786
0.0277675
0.0278873
0.0279695
0.0280201
0.0280558
0.0281249
0.0281122
0.02809
0.0279812
0.0279126
0.0278105
0.0276853
0.0275608
0.0274405
0.0272981
0.0271938
0.0271015
0.0270609
0.0270185
0.0269544
0.0269082
0.0268705
0.0268538
0.0268442
0.0268034
0.0267738
0.0267494
0.0267544
0.0267171
0.0266479
0.0265516
0.0264573
0.0263327
0.0261668
0.0259826
0.0257694
0.0255941
0.025412
0.0252524
0.025109
0.0249721
0.0248623
0.0247391
0.0246513
0.0245748
0.0244651
0.024322
0.0242386
0.0241232
0.0239773
0.0237513
0.0234851
0.0232127
0.0229424
0.0226552
0.0223059
0.02197
0.0216357
0.0210874
0.0207297
0.0203888
0.0200802
0.0198195
0.0195881
0.0194861
0.0193767
0.019286
0.0192116
0.0191702
0.0191575
0.0191779
0.0192077
0.0192424
0.0192963
0.0194129
0.0194764
0.0195649
0.0196628
0.0197709
0.0198395
0.0199011
0.0198956
0.0198641
0.0198783
0.0198334
0.019712
0.019587
0.019486
0.0194319
0.0193678
0.0193215
0.0193295
0.0194043
0.0195126
0.0195764
0.0198436
0.0200645
0.0202692
0.0203926
0.0204953
0.020651
0.0208
0.0209783
0.0210593
0.0211188
0.0212185
0.0213081
0.0213947
0.0214779
0.0215319
0.0216801
0.0218385
0.0220411
0.0222615
0.0225274
0.0228092
0.0231157
0.0233698
0.0236371
0.0238298
0.0240672
0.0242979
0.0245344
0.0247302
0.0249283
0.0251069
0.025249
0.0254084
0.0255441
0.0256728
0.0257919
0.0259292
0.0260948
0.0262114
0.0263692
0.0265199
0.0266742
0.0268632
0.0270149
0.0271411
0.0272848
0.0274262
0.0275683
0.0277304
0.0278641
0.027964
0.0280595
0.0281372
0.0281805
0.028242
0.0282541
0.0282678
0.0282377
0.028137
0.0279718
0.0278252
0.0276555
0.0274433
0.0271993
0.0269057
0.0266476
0.0263817
0.0261224
0.0259567
0.0257612
0.0255754
0.0254096
0.0253061
0.0251701
0.0250531
0.0249807
0.0248766
0.0247518
0.0247084
0.0246312
0.0245583
0.0244269
0.0243155
0.0242389
0.024156
0.0240667
0.0240302
0.0239987
0.0239528
0.0238797
0.0238169
0.0238357
0.0238532
0.0239053
0.023971
0.0241659
0.0243636
0.0247383
0.0250413
0.0253868
0.0257203
0.026052
0.0264589
0.0268201
0.0271537
0.0274507
0.0277557
0.0280665
0.0284234
0.0287948
0.0291164
0.0293937
0.0296879
0.0300059
0.0302981
0.0305784
0.030804
0.0310114
0.0311915
0.0313517
0.0315182
0.0316086
0.0316723
0.0317297
0.0317891
0.0318583
0.031985
0.0322174
0.0324425
0.0326649
0.0328557
0.0330412
0.0332289
0.0334008
0.0335223
0.0336249
0.0337783
0.0338956
0.0339738
0.0342106
0.0340519
0.0340532
0.0340116
0.0339869
0.0338637
0.0336778
0.0334717
0.0332335
0.0330424
0.0328385
0.0326312
0.0324426
0.0323274
0.0321836
0.0321038
0.0320704
0.0320184
0.0319971
0.0320282
0.0320221
0.0320127
0.0320098
0.0320515
0.0320985
0.0321703
0.0322536
0.0323264
0.0325023
0.0326164
0.0327232
0.0328964
0.0331323
0.0334055
0.0335865
0.0339152
0.0342033
0.0344632
0.0346941
0.0348588
0.0350026
0.0350964
0.0351986
0.035281
0.0354095
0.0355315
0.0356126
0.0357113
0.0357141
0.0357594
0.0357587
0.0357256
0.0356924
0.035635
0.0355737
0.0354616
0.0353912
0.035323
0.0352947
0.0352958
0.035284
0.0352831
0.0352811
0.0352748
0.0353898
0.0356252
0.0359476
0.0363594
0.0367953
0.037269
0.0376835
0.0381476
0.0385807
0.0389688
0.039324
0.039617
0.0399009
0.040109
0.0402555
0.0403796
0.0405015
0.0406068
0.0405978
0.0405629
0.0405278
0.0404658
0.0403702
0.0402923
0.04024
0.0402111
0.0402149
0.0401955
0.040114
0.0399245
0.0397159
0.0395844
0.0393712
0.0391452
0.0389819
0.0387628
0.0385833
0.0384445
0.038317
0.0382163
0.0382035
0.0381353
0.0381416
0.038153
0.0382096
0.0382604
0.0383492
0.038466
0.0385865
0.0387045
0.0388621
0.0390183
0.0391748
0.0393139
0.0394577
0.039614
0.0397564
0.0398651
0.0399786
0.0400808
0.0401409
0.0401874
0.0402367
0.0402709
0.0403245
0.0403586
0.0403916
0.0404356
0.0404896
0.0405296
0.0405694
0.0405532
0.0405596
0.0405592
0.0405795
0.0405493
0.0405575
0.0405284
0.0404289
0.0402843
0.0401409
0.0399525
0.0397878
0.0395491
0.0392825
0.039039
0.0387485
0.0384797
0.0382592
0.0380561
0.0378707
0.0376819
0.037471
0.0372822
0.0370718
0.0368908
0.0367243
0.0365063
0.036331
0.0361777
0.0360436
0.0359212
0.0358314
0.0357642
0.0357385
0.0357124
0.0356665
0.0356305
0.0356141
0.0355801
0.0355791
0.0355756
0.0355953
0.0355929
0.0356091
0.0355843
0.0355689
0.0355454
0.0355519
0.0355466
0.0354833
0.0354404
0.0353939
0.0353627
0.0352963
0.0352701
0.0351946
0.0351312
0.0350114
0.0349292
0.0348431
0.034737
0.034624
0.0344867
0.0343319
0.0342055
0.0341093
0.0340426
0.0340004
0.033975
0.0339688
0.0340191
0.0340421
0.0340929
0.0341155
0.0341336
0.0341319
0.0341433
0.0341096
0.0340655
0.0340005
0.0339464
0.0338841
0.0338091
0.0337769
0.0337355
0.0336901
0.0336398
0.0336247
0.0335766
0.0335111
0.033425
0.0333247
0.0332384
0.0331492
0.0330105
0.0329034
0.03278
0.0326087
0.0324139
0.0322248
0.0320047
0.0317482
0.0315101
0.0312684
0.031001
0.0307774
0.0305445
0.0303151
0.0300832
0.029869
0.0296689
0.0295205
0.0294215
0.0293422
0.0293199
0.0293095
0.0293572
0.0294338
0.0295157
0.0295606
0.0296216
0.0296491
0.0296488
0.0295913
0.0295137
0.0293996
0.0292498
0.0291249
0.0289799
0.0288035
0.0286332
0.0284462
0.0282652
0.0280867
0.0279283
0.0277622
0.0276001
0.0274359
0.0273404
0.0272295
0.0271746
0.0270875
0.0270117
0.0269751
0.0269405
0.0269405
0.0269622
0.0269894
0.0270261
0.0271097
0.0271557
0.0272112
0.0272589
0.0272472
0.0272779
0.0272626
0.0272387
0.027227
0.0272231
0.0271991
0.0272154
0.0272147
0.0272115
0.0272311
0.0272395
0.0272981
0.0273601
0.0274421
0.0275321
0.0276254
0.0277259
0.0278629
0.0280299
0.0281727
0.0283525
0.0284664
0.0286163
0.0287504
0.0288998
0.0290626
0.0292069
0.0293003
0.0293546
0.0294164
0.0294655
0.0295349
0.0295551
0.0295483
0.0295709
0.0295556
0.0295593
0.0296289
0.0296579
0.0296874
0.0297751
0.0298605
0.0299558
0.0300627
0.0301783
0.03027
0.0304219
0.030538
0.0306375
0.0307218
0.030763
0.030824
0.0308049
0.0307678
0.0306681
0.0305936
0.0304949
0.0304045
0.0302571
0.0301364
0.0300484
0.0299994
0.0298958
0.0298086
0.029701
0.029593
0.0294754
0.0293756
0.0293089
0.0292495
0.0291191
0.0289529
0.0288192
0.0286523
0.028546
0.028407
0.0282445
0.0280653
0.0278457
0.0275894
0.0273809
0.0271758
0.0269327
0.0267331
0.0265376
0.0263377
0.0261402
0.0259518
0.0257539
0.0256389
0.0254299
0.0252215
0.0250488
0.0248944
0.0247067
0.0245276
0.0243398
0.0241398
0.023935
0.0238416
0.0237457
0.0236707
0.0235791
0.0235328
0.023527
0.0235283
0.0235823
0.0235981
0.0236585
0.0237086
0.023751
0.0238223
0.0237977
0.0237854
0.0236557
0.0234779
0.0232143
0.0229149
0.0226183
0.0223103
0.0219362
0.0216569
0.0213546
0.0211125
0.0209905
0.0209995
0.0211327
0.0214497
0.0218302
0.0223421
0.0228734
0.0234353
0.0240526
0.0246662
0.0252796
0.0258546
0.0264362
0.0269681
0.0274925
0.0280217
0.0285564
0.0291051
0.0296307
0.0301256
0.0305861
0.0310424
0.0314134
0.0318099
0.0322547
0.0326969
0.0331382
0.033504
0.0338807
0.0342423
0.0345957
0.0349575
0.0353525
0.0357089
0.0360301
0.0362837
0.0364858
0.0365964
0.0366153
0.0365616
0.0362897
0.0359425
0.0355133
0.0354818
0.0344809
0.0337513
0.0329965
0.03223
0.0315077
0.0308641
0.0302441
0.0296177
0.0290044
0.0284599
0.0279385
0.0274171
0.0269416
0.0265163
