2.97769e-05
5.95573e-05
6.80768e-05
7.23392e-05
7.23544e-05
6.5991e-05
6.38958e-05
6.17986e-05
6.39754e-05
6.4003e-05
7.6788e-05
9.16884e-05
0.00011299
0.000134252
0.000161937
0.000185324
0.000206598
0.00022785
0.000249112
0.000278872
0.00030443
0.000323619
0.000349234
0.000377057
0.000413428
0.000453961
0.000503035
0.000543532
0.000569102
0.000579857
0.000584096
0.000586192
0.000573491
0.000569221
0.000556406
0.000545701
0.000532857
0.000532735
0.000547427
0.000568501
0.000593842
0.000619159
0.000633969
0.000661561
0.000689256
0.000714905
0.000742765
0.000772704
0.000800533
0.000826238
0.00084561
0.000848002
0.000852567
0.000852703
0.000861365
0.000865718
0.000867837
0.00086555
0.000861029
0.000841591
0.000828577
0.000802786
0.000768478
0.000721599
0.000670703
0.000613336
0.000566806
0.000522306
0.000473355
0.000418054
0.000358488
0.000296791
0.000237021
0.00018362
0.000130122
9.14994e-05
6.77748e-05
6.1006e-05
6.50459e-05
7.56005e-05
8.83626e-05
0.000114129
0.00014813
0.000197073
0.000262948
0.000318074
0.000364843
0.000411609
0.000443555
0.000467173
0.000486557
0.000497388
0.000499477
0.00050792
0.000507793
0.000497062
0.000477804
0.000460599
0.000439053
0.000419651
0.000396009
0.000376478
0.000367497
0.000366851
0.000361832
0.000354409
0.000349241
0.000344062
0.000343099
0.000342251
0.000360469
0.00037439
0.000403058
0.000434065
0.000471353
0.000510793
0.000560791
0.000608618
0.000669039
0.000733683
0.000793871
0.000849995
0.000901707
0.000964049
0.00103046
0.00108845
0.00113188
0.001154
0.00115925
0.00115629
0.00114709
0.00113346
0.00111525
0.0011034
0.00109143
0.00107524
0.00106563
0.00105999
0.00104586
0.00103158
0.00103014
0.0010285
0.00103952
0.00106763
0.00110005
0.00113484
0.00118676
0.00123447
0.00128636
0.00133641
0.00137818
0.00141785
0.00144874
0.00148192
0.00150419
0.00150505
0.00150342
0.00148701
0.00146624
0.00144939
0.00142186
0.00139225
0.00134973
0.00130488
0.00125169
0.00120895
0.00117229
0.00112917
0.0010885
0.00105819
0.00102814
0.00100403
0.000977855
0.000968436
0.00095055
0.000917303
0.000916419
0.000921853
0.000918703
0.000921868
0.000919181
0.00091651
0.000914035
0.000902997
0.000883306
0.000870241
0.000865583
0.000863176
0.000852262
0.000848146
0.000841581
0.000845436
0.000864144
0.000882765
0.000895016
0.000911818
0.000936002
0.000955907
0.000965883
0.000973763
0.000973305
0.000968623
0.000963978
0.00094631
0.000917799
0.000895351
0.000873243
0.000855192
0.000837273
0.000819577
0.000812507
0.000807579
0.000811289
0.000813097
0.00082783
0.000840133
0.000846234
0.000848004
0.000856204
0.000861971
0.000867647
0.000877545
0.000881427
0.000887182
0.000882944
0.00087846
0.000876509
0.000865915
0.000866132
0.000855627
0.000842901
0.000819554
0.000790073
0.000760712
0.000724806
0.000684218
0.000643557
0.000594341
0.000548965
0.000503466
0.000468652
0.000429366
0.000394049
0.000360935
0.000325928
0.000298972
0.000267891
0.000241152
0.000218524
0.000200023
0.000169165
0.000130053
8.05239e-05
1.61857e-05
-5.25331e-05
-0.000112323
-0.000169777
-0.000230982
-0.000288408
-0.000330603
-0.000375046
-0.00042772
-0.000469921
-0.00050186
-0.000512377
-0.000516771
-0.000527637
-0.000534563
-0.000539561
-0.000535924
-0.000536618
-0.00054367
-0.000561466
-0.000587618
-0.000628751
-0.000676154
-0.000729565
-0.000791183
-0.000856914
-0.000918528
-0.000969431
-0.00102689
-0.00106954
-0.0011014
-0.00112079
-0.00113155
-0.00112975
-0.001115
-0.00109607
-0.00107098
-0.0010416
-0.00101009
-0.000980862
-0.000947212
-0.000911418
-0.000877832
-0.000841766
-0.00081421
-0.000803346
-0.000805108
-0.000817768
-0.000830433
-0.000843104
-0.000859937
-0.000878819
-0.00089795
-0.000914946
-0.00093857
-0.000962048
-0.0009857
-0.00100088
-0.00102253
-0.00103991
-0.00104871
-0.00107663
-0.00109156
-0.0011087
-0.00112757
-0.00114626
-0.00115224
-0.00115419
-0.00114533
-0.00113225
-0.00110873
-0.00109155
-0.00107415
-0.00106126
-0.00103579
-0.000997639
-0.000959559
-0.000914899
-0.000874195
-0.000831772
-0.000784812
-0.000733897
-0.000669991
-0.000602301
-0.000551433
-0.00050279
-0.000473269
-0.000450302
-0.000442003
-0.000442263
-0.00045517
-0.000475121
-0.000505385
-0.000535855
-0.000579228
-0.000628965
-0.000674513
-0.00071561
-0.00075474
-0.000785169
-0.000821858
-0.000841385
-0.000858706
-0.000869722
-0.000870293
-0.000864306
-0.000851606
-0.000836832
-0.00082637
-0.000803447
-0.000792681
-0.000788664
-0.000788998
-0.000795822
-0.000796368
-0.000790772
-0.000795521
-0.000798149
-0.000800669
-0.000811545
-0.000833121
-0.000856785
-0.000886816
-0.000906195
-0.000906528
-0.000907058
-0.000896914
-0.000897381
-0.000904379
-0.000907027
-0.000918265
-0.000931507
-0.000955373
-0.00099005
-0.00102038
-0.00105053
-0.00107657
-0.00110231
-0.00111526
-0.00111799
-0.00111614
-0.00111021
-0.00109121
-0.00108058
-0.00106793
-0.00105302
-0.00103609
-0.00102953
-0.0010121
-0.00100067
-0.000972079
-0.000949882
-0.000946785
-0.000929283
-0.00087802
-0.00079519
-0.000709742
-0.000613959
-0.000524585
-0.000435219
-0.000341698
-0.000252424
-0.000160884
-7.3194e-05
4.04881e-06
6.85312e-05
0.000139316
0.000199416
0.000248748
0.000285247
0.000321557
0.000360336
0.000384
0.000403264
0.000407779
0.000406148
0.000401745
0.000401849
0.000401709
0.000393245
0.000369929
0.000342314
0.000314741
0.000284788
0.000261439
0.000242011
0.000235459
0.00023528
0.000249922
0.000268919
0.000283369
0.000314866
0.000348366
0.000388642
0.00043915
0.000498853
0.000560521
0.000620271
0.000673686
0.000719027
0.000766557
0.000811803
0.000857115
0.000889309
0.000911096
0.000932429
0.000947244
0.000966407
0.000968821
0.000966718
0.000960315
0.000945293
0.000925964
0.000904452
0.00088905
0.000865135
0.000847606
0.000829706
0.000816148
0.000802581
0.000784917
0.000771504
0.000764293
0.000767842
0.00077136
0.000783431
0.00080382
0.000813647
0.000831864
0.000848226
0.000853775
0.000852994
0.000852282
0.000842928
0.000838163
0.000837441
0.00083893
0.000814863
0.000788765
0.000756372
0.000721663
0.000693395
0.000678016
0.000654509
0.000648244
0.000639954
0.000639953
0.000648529
0.000671772
0.000697076
0.000741777
0.000779817
0.000830698
0.00088811
0.000943305
0.000985412
0.00102968
0.001061
0.00107929
0.00108664
0.00107717
0.00105894
0.00103202
0.000994711
0.000946991
0.000886634
0.000800574
0.000705866
0.000613886
0.000526596
0.000454161
0.000375388
0.000305354
0.000239466
0.000186161
0.000145858
0.000118225
0.000103064
9.64348e-05
9.60023e-05
9.35063e-05
9.33489e-05
8.8868e-05
8.83939e-05
7.97626e-05
7.32934e-05
5.61566e-05
3.02267e-05
4.42599e-06
-2.16032e-05
-4.80192e-05
-8.50583e-05
-0.000113467
-0.000133295
-0.000146587
-0.00015955
-0.000189277
-0.000214605
-0.000237623
-0.000262305
-0.00028521
-0.000297326
-0.000309639
-0.000323713
-0.000342249
-0.000360778
-0.000379208
-0.000404341
-0.00043127
-0.000447554
-0.00046807
-0.000480092
-0.000496603
-0.000513351
-0.000513293
-0.000513036
-0.000516996
-0.000527264
-0.000537611
-0.000537066
-0.00053694
-0.000534809
-0.000532537
-0.000526248
-0.00050918
-0.000490087
-0.000473074
-0.000462459
-0.00046032
-0.000460382
-0.000460318
-0.000455718
-0.000449034
-0.000457263
-0.000476002
-0.000503545
-0.000537639
-0.000563677
-0.000572828
-0.000597269
-0.000621935
-0.000655114
-0.000682462
-0.000716102
-0.000739773
-0.000767362
-0.000801355
-0.000840146
-0.000889578
-0.00094734
-0.00100908
-0.00106447
-0.00111734
-0.00116563
-0.00120533
-0.00124277
-0.00128225
-0.00131521
-0.00133093
-0.00133792
-0.00133867
-0.00132697
-0.00130257
-0.00126962
-0.00123237
-0.0011929
-0.00116204
-0.00113486
-0.00110769
-0.00107143
-0.00104813
-0.00102252
-0.000995077
-0.000973942
-0.000950284
-0.00093524
-0.000924021
-0.000921134
-0.00090539
-0.000885223
-0.000865017
-0.000842767
-0.000816818
-0.000794954
-0.000764619
-0.000730385
-0.000689352
-0.000654614
-0.000632807
-0.000617291
-0.000603688
-0.000588209
-0.000575052
-0.000557611
-0.000531656
-0.000503961
-0.000465884
-0.000429656
-0.000384849
-0.000342298
-0.000291217
-0.000250372
-0.000226219
-0.000208253
-0.000188079
-0.000163089
-0.000136141
-0.000104978
-7.17282e-05
-2.19073e-05
3.01469e-05
7.96857e-05
0.000125273
0.000185142
0.000247349
0.000311585
0.000362949
0.000401644
0.000423005
0.000450284
0.000468934
0.000483114
0.000494863
0.00049587
0.000498712
0.000503986
0.000500807
0.000499846
0.000514355
0.000516268
0.00051636
0.000507815
0.000493093
0.000465534
0.000446317
0.000429239
0.000416307
0.000411787
0.000411391
0.000404867
0.000392057
0.000391871
0.000395997
0.000391771
0.000389396
0.00040208
0.000429427
0.000484515
0.000541587
0.000588004
0.000638615
0.000712953
0.000793323
0.000871741
0.000945774
0.00100067
0.00104685
0.00109723
0.00115815
0.00121469
0.00127944
0.00134415
0.00140911
0.00149122
0.00158193
0.00168631
0.00177515
0.00187964
0.0020838
0.00232758
0.00242904
0.00254554
0.00265534
0.00273271
0.00278195
0.0028118
0.00286428
0.00292907
0.00301539
0.00310231
0.00317701
0.00322004
0.00323967
0.00325098
0.00325567
0.003256
0.0032919
0.00337798
0.00355929
0.00379177
0.00400901
0.004207
0.00442645
0.00469044
0.0050371
0.00544942
0.0058935
0.00634182
0.006805
0.00724502
0.00764435
0.0078732
0.00802937
0.00811053
0.00811964
0.00810988
0.00805593
0.00798272
0.00794407
0.00788349
0.00766989
0.00737488
0.00697631
0.00653688
0.00618466
0.00597896
0.00593545
0.00598172
0.00611925
0.00633922
0.00657547
0.00681311
0.00710153
0.00750648
0.00798119
0.00848281
0.00896228
0.00941012
0.00984008
0.0102379
0.0106073
0.0110014
0.0114386
0.0119117
0.0123938
0.0128572
0.0133269
0.0138043
0.0142831
0.0147849
0.0152886
0.015802
0.0163196
0.0168387
0.017347
0.0177975
0.0182015
0.0184838
0.018671
0.0188243
0.0189778
0.0191505
0.0193646
0.0196419
0.019977
0.0203791
0.0208236
0.0213282
0.0218601
0.0224527
0.0231023
0.0236611
0.0241117
0.0246279
0.0251333
0.0257167
0.0261691
0.0266175
0.0270766
0.0275347
0.0280011
0.0284507
0.0288939
0.0293415
0.0297899
0.0302023
0.0305685
0.0308843
0.0311221
0.0312621
0.0313028
0.0311827
0.0309201
0.030498
0.0299337
0.0292161
0.0283428
0.0273147
0.0261984
0.0249179
0.0235766
0.0222629
0.0210326
0.0199399
0.0189686
0.0181063
0.0173245
0.0166048
0.0159389
0.0153885
0.0147568
0.0140992
0.0134161
0.0126922
0.0119063
0.0110927
0.0102971
0.00951074
0.00868976
0.00784889
0.00699017
0.00608632
0.00513461
0.00410927
0.00298274
0.00176262
0.00049614
-0.000757557
-0.00197167
-0.00314377
-0.00426109
-0.00533154
-0.00632845
-0.00724622
-0.00810358
-0.00893715
-0.00979007
-0.0106832
-0.011697
-0.0127993
-0.0139055
-0.0149317
-0.0158114
-0.0164925
-0.0169819
-0.0172588
-0.0173416
-0.0172488
-0.017048
-0.0168086
-0.0165693
-0.0163265
-0.0160706
-0.0158095
-0.0154863
-0.0151305
-0.0147478
-0.0143618
-0.0139349
-0.0134189
-0.0127681
-0.0119775
-0.0110816
-0.0101535
-0.00922892
-0.00833217
-0.00745482
-0.00655321
-0.00561964
-0.00468276
-0.00376805
-0.00289823
-0.00214466
-0.00153535
-0.00104566
-0.000671568
-0.000318027
7.84964e-05
0.000551572
0.00110455
0.00172233
0.00238907
0.00306194
0.0037199
0.00432689
0.00487758
0.00540772
0.00594809
0.00651453
0.00717773
0.00793962
0.00875749
0.00959634
0.0104321
0.0111587
0.0120395
0.0127067
0.0133516
0.0139026
0.0143168
0.0146429
0.014912
0.0151968
0.0154972
0.0158204
0.0161727
0.0165185
0.0168441
0.0171461
0.0174002
0.0176062
0.0177292
0.017751
0.0176863
0.0175451
0.0173864
0.017199
0.0170299
0.0168961
0.0168345
0.0168322
0.0168434
0.0168064
0.0170334
0.0168617
0.016727
0.0165691
0.0163618
0.016122
0.0157951
0.0153259
0.0147814
0.0142417
0.0137119
0.013267
0.0129665
0.0128482
0.012934
0.0131524
0.0135116
0.0140424
0.0147036
0.0154886
0.0163359
0.0172153
0.0180916
0.0189523
0.0197865
0.0205957
0.0214167
0.0222038
0.0229875
0.0238101
0.0246699
0.0255755
0.0265172
0.027441
0.0283073
0.0291087
0.0298485
0.0305001
0.0310795
0.0315583
0.0319918
0.0324275
0.0328838
0.0333644
0.03387
0.0343896
0.0348773
0.0353213
0.035707
0.0360377
0.036411
0.0368437
0.0373565
0.0379219
0.0384918
0.039055
0.0395339
0.0399343
0.0401748
0.0402671
0.0402378
0.0401252
0.0398029
0.039402
0.0389822
0.0385149
0.0379864
0.0373919
0.0367633
0.0361063
0.0354365
0.0347513
0.0340814
0.0334296
0.0328166
0.0322164
0.0316236
0.0310285
0.0304229
0.0298051
0.0291715
0.0285147
0.0278343
0.0271306
0.0263808
0.0256446
0.0249176
0.0242306
0.0235683
0.0229455
0.0223914
0.0218788
0.021433
0.0210493
0.0207199
0.0203673
0.02009
0.0198841
0.0198154
0.0195198
0.01937
0.0191998
0.0190762
0.0189589
0.018859
0.0187686
0.018696
0.0186211
0.0185664
0.0185556
0.0185789
0.0186455
0.0187651
0.0189091
0.0190751
0.0192424
0.0194001
0.019529
0.0196305
0.0197049
0.0197492
0.0197452
0.0196999
0.0196233
0.0195223
0.0193985
0.0192328
0.0190693
0.0188906
0.0186977
0.0185079
0.0183157
0.0181497
0.0179964
0.017851
0.0177094
0.0175713
0.0174376
0.0172842
0.017145
0.0170026
0.0168761
0.0167639
0.0166694
0.0165962
0.0165268
0.016477
0.0164606
0.0164869
0.0165295
0.0165703
0.0166296
0.016721
0.0168585
0.0170252
0.0172149
0.0173913
0.017554
0.0176986
0.0178244
0.0179541
0.0180823
0.0181942
0.0183139
0.0183983
0.0184569
0.018503
0.0185206
0.0185536
0.0185804
0.0186154
0.018648
0.0186548
0.0186302
0.0186303
0.0186459
0.0187126
0.0187786
0.0188521
0.0189298
0.0190326
0.0191336
0.0192324
0.0193097
0.019383
0.0194409
0.019469
0.019467
0.0194538
0.0194201
0.0193765
0.0193442
0.0192822
0.0192251
0.01918
0.0191453
0.0191573
0.0191849
0.0191977
0.0192029
0.0191983
0.01917
0.0191591
0.0191549
0.0191581
0.0191752
0.0192372
0.019317
0.019399
0.0194776
0.0196175
0.0197955
0.0200186
0.0202651
0.0205357
0.0208437
0.0211575
0.0214812
0.0217986
0.0220973
0.0223776
0.0225954
0.0227662
0.0228996
0.0229819
0.0230361
0.0230767
0.0231051
0.0230912
0.0230991
0.0230873
0.0230436
0.0229679
0.0228726
0.0227614
0.0226117
0.0224635
0.0223148
0.0221459
0.0220163
0.0219365
0.0218798
0.0218841
0.0219103
0.0219754
0.022053
0.022152
0.0222922
0.0224622
0.0226539
0.0228454
0.0230414
0.0232736
0.023525
0.0238026
0.0240991
0.0244018
0.0246999
0.0250037
0.0252792
0.0255458
0.0257829
0.0260297
0.0263056
0.0266255
0.0269509
0.0272705
0.0275628
0.0278075
0.0280478
0.0282533
0.0284099
0.0285353
0.028605
0.0286502
0.0286976
0.0287544
0.0288269
0.0289272
0.0290535
0.0291799
0.029293
0.0294119
0.0295071
0.0295814
0.0296591
0.0297031
0.0297313
0.0297651
0.0297787
0.0297738
0.0297666
0.0297368
0.0296942
0.0296331
0.0295369
0.0294541
0.0293374
0.0292341
0.0291172
0.0290123
0.0289189
0.0288469
0.0287829
0.028732
0.0286871
0.0286653
0.0286632
0.0286644
0.0286818
0.0286817
0.0286899
0.0286877
0.0286951
0.028691
0.0286627
0.0286461
0.0286143
0.0285781
0.0285651
0.0285571
0.0285514
0.0285443
0.0285735
0.0286055
0.0286523
0.0287284
0.0288065
0.0288911
0.0289797
0.0290627
0.0291517
0.029239
0.0293149
0.0293972
0.0294328
0.0294698
0.0294527
0.0294172
0.029375
0.0293296
0.0292734
0.0292126
0.0291443
0.0290584
0.0289505
0.0288319
0.0287002
0.0285751
0.0284589
0.0283454
0.0282476
0.0281858
0.0281698
0.028168
0.0282089
0.028274
0.0283369
0.028415
0.0284748
0.02854
0.0285899
0.0286199
0.0286345
0.0286349
0.0285934
0.0285434
0.0285033
0.0284421
0.0283811
0.0283194
0.0282799
0.028236
0.028155
0.0280478
0.0279319
0.0278292
0.0277023
0.0275737
0.0274587
0.0273491
0.0272107
0.0270548
0.0268959
0.0267689
0.0266412
0.0265378
0.0264529
0.0263981
0.0263639
0.0263412
0.0263231
0.0263357
0.0263397
0.0263445
0.0263377
0.0263258
0.0263324
0.0263461
0.0263673
0.0264163
0.0264469
0.0264882
0.0265203
0.0265622
0.0266054
0.0266367
0.0266646
0.0267081
0.0267681
0.0268724
0.0269609
0.0270737
0.0272009
0.0273412
0.0274977
0.02765
0.0278003
0.0279173
0.0280244
0.0280841
0.0281199
0.028153
0.0281716
0.0282074
0.0282792
0.0283525
0.0284741
0.0285891
0.028723
0.0288409
0.0289586
0.0290534
0.0291528
0.0292454
0.0293572
0.0295189
0.029673
0.0298086
0.0299067
0.0300085
0.030103
0.0301785
0.0302442
0.0302515
0.030225
0.0301558
0.0300692
0.0299828
0.0298967
0.029792
0.0296874
0.0295779
0.0294926
0.0294083
0.0293511
0.0293084
0.0292723
0.0292801
0.0293218
0.0293902
0.0294689
0.0295509
0.0296335
0.0297212
0.0298029
0.0298313
0.0298941
0.0299545
0.0300235
0.0301423
0.0303113
0.0305583
0.0308889
0.0312674
0.0317036
0.0321818
0.0326635
0.0332022
0.0336899
0.0341327
0.034492
0.0347684
0.0349842
0.0351536
0.035176
0.0350464
0.0350711
0.0348557
0.0345317
0.0341424
0.0337771
0.0334122
0.0331036
0.0327711
0.0323594
0.031985
0.0316141
0.0313526
0.0310351
0.0308553
0.0306972
0.0305811
0.0305301
0.0305576
0.0305183
0.0304731
0.030517
0.0306126
0.0307417
0.0308871
0.0310704
0.0312796
0.0315311
0.0317833
0.0320033
0.0321971
0.0323387
0.0324536
0.0325543
0.0326255
0.0327243
0.0328172
0.0329294
0.0330705
0.0332455
0.0334852
0.0337697
0.034046
0.034329
0.0346205
0.0349563
0.0353364
0.0357614
0.0362212
0.0366805
0.0371067
0.0375208
0.0379553
0.0384261
0.0389562
0.0395205
0.0401251
0.040761
0.041395
0.0420472
0.0426966
0.0433288
0.0438853
0.0443214
0.0446741
0.0449679
0.0452514
0.0454828
0.0457137
0.0459611
0.0461983
0.0464216
0.0466524
0.0468749
0.0470546
0.0472278
0.0473814
0.0475303
0.0476254
0.0476699
0.0477236
0.047822
0.0479472
0.0480893
0.0482406
0.0483581
0.0484261
0.0484683
0.0484963
0.0485341
0.0485774
0.04864
0.0486807
0.0486649
0.0485288
0.0482691
0.0479445
0.0476043
0.0472455
0.0468829
0.0465081
0.0461182
0.0457317
0.0453746
0.0450394
0.0447186
0.0444267
0.0441303
0.0437978
0.0434403
0.0431196
0.0428841
0.0427413
0.0427159
0.042761
0.0428397
0.0429548
0.0430743
0.0431759
0.0433193
0.0435338
0.0438497
0.0442803
0.0447767
0.045356
0.0459713
0.0465874
0.0472721
0.0480668
0.0489436
0.0498181
0.0506355
0.0513377
0.051925
0.0522904
0.0525517
0.0528255
0.0531663
0.0535739
0.0540326
0.0545369
0.0550932
0.0556712
0.056264
0.0569278
0.0577089
0.0585225
0.0593199
0.0600144
0.0605899
0.0610131
0.0613101
0.061526
0.0616492
0.061701
0.0617577
0.0618562
0.0619541
0.0620424
0.0621302
0.0621845
0.0621693
0.0621036
0.0620431
0.0621147
0.0623671
0.0627412
0.0631834
0.0636532
0.064181
0.0647504
0.0653857
0.0661247
0.0669419
0.0677775
0.0685459
0.0692118
0.069772
0.0702431
0.0706315
0.0709466
0.0712016
0.0714016
0.0715082
0.0716217
0.0716707
0.071695
0.0717237
0.0717525
0.0718136
0.0719269
0.0721651
0.0724609
0.0727157
0.072892
0.0729917
0.0729712
0.0728092
0.0725384
0.0721798
0.0717459
0.0712658
0.0707095
0.0700275
0.0693062
0.0685384
0.0677872
0.067018
0.0662256
0.0653415
0.0643174
0.0632008
0.062037
0.0608417
0.0596621
0.0585116
0.0573612
0.0561973
0.0550499
0.0538992
0.0526926
0.0514625
0.0502223
0.048867
0.0474982
0.0461056
0.0446416
0.0430594
0.0414101
0.0397127
0.0379532
0.0360943
0.0340967
0.0319242
0.0298377
0.0277811
0.0257031
0.0236152
0.0215552
0.0195005
0.0174677
0.0154802
0.0135513
0.0117026
0.009945
0.00828716
0.00678397
0.00545449
0.00426355
0.00314586
0.00211505
0.00116461
0.000232586
-0.000771444
-0.00191833
-0.00321254
-0.00460539
-0.00609889
-0.00767635
-0.00922932
-0.0106848
-0.012015
-0.0132057
-0.0142572
-0.0151968
-0.0161029
-0.0170315
-0.0179941
-0.0190221
-0.0201148
-0.0212645
-0.022425
-0.0235799
-0.0247314
-0.0258157
-0.0267774
-0.0276096
-0.0283177
-0.0288705
-0.0293441
-0.0297565
-0.0301592
-0.0305512
-0.0310018
-0.0314627
-0.0319898
-0.0325642
-0.0331915
-0.0338418
-0.0343987
-0.0348554
-0.0352362
-0.0355675
-0.0358704
-0.0362582
-0.0367593
-0.0373382
-0.0379538
-0.0385599
-0.0391406
-0.0396316
-0.0400374
-0.0404196
-0.0408564
-0.0414574
-0.0422191
-0.0431673
-0.0442695
-0.0455023
-0.0468534
-0.048274
-0.0497241
-0.051188
-0.0526195
-0.0539864
-0.0552791
-0.0564657
-0.057571
-0.0585752
-0.0594353
-0.0601848
-0.0608622
-0.061488
-0.062068
-0.0625895
-0.0630538
-0.0634304
-0.0637445
-0.0640169
-0.0643192
-0.06474
-0.0652325
-0.0657986
-0.0664237
-0.0671069
-0.0678057
-0.0685185
-0.0692035
-0.0698758
-0.0705826
-0.0713008
-0.0719942
-0.0726349
-0.0732206
-0.0737622
-0.0742583
-0.0747232
-0.0751288
-0.0754596
-0.0757619
-0.0760666
-0.0763602
-0.0766441
-0.0769025
-0.0771096
-0.0772378
-0.0773057
-0.0773377
-0.0773693
-0.0774112
-0.0774762
-0.0775397
-0.0776106
-0.0776543
-0.0776915
-0.077732
-0.0777537
-0.0777376
-0.0776442
-0.0774612
-0.0771756
-0.0768242
-0.0764028
-0.0759436
-0.075485
-0.0750809
-0.0747563
-0.07448
-0.074195
-0.0739143
-0.0736145
-0.0732761
-0.0729021
-0.0725048
-0.0721284
-0.0717689
-0.0714489
-0.071201
-0.0710125
-0.0708862
-0.0707484
-0.0706125
-0.0704566
-0.0703347
-0.0702383
-0.0701713
-0.0701464
-0.0701347
-0.07012
-0.0700969
-0.0700435
-0.0699915
-0.0698948
-0.0697676
-0.0695688
-0.0692745
-0.06894
-0.0685775
-0.0682121
-0.0678659
-0.0675158
-0.0671707
-0.0668662
-0.066594
-0.0663551
-0.0661542
-0.065967
-0.0658147
-0.065682
-0.0655654
-0.0654781
-0.0654065
-0.0653038
-0.0651865
-0.0650425
-0.0649003
-0.0647683
-0.0646657
-0.0645675
-0.064503
-0.0644327
-0.0643878
-0.0643562
-0.0643461
-0.0643848
-0.0644098
-0.0643963
-0.0643248
-0.0641657
-0.0639638
-0.0636936
-0.0634075
-0.0631469
-0.0628624
-0.0626
-0.0623531
-0.0621767
-0.0620455
-0.0619533
-0.0618829
-0.0618352
-0.0617781
-0.0617178
-0.0616819
-0.0616844
-0.0616852
-0.0616468
-0.0615428
-0.0613504
-0.0611433
-0.0609142
-0.0607274
-0.0605263
-0.0603317
-0.0601118
-0.0599124
-0.0597497
-0.0595969
-0.0594507
-0.0593271
-0.0592132
-0.0591079
-0.0590103
-0.0589319
-0.0588958
-0.0588768
-0.0588836
-0.0588768
-0.0588473
-0.0588077
-0.0587614
-0.0587092
-0.0586306
-0.0585718
-0.0585068
-0.0584571
-0.0584518
-0.0584571
-0.0584666
-0.0584875
-0.0584967
-0.0585266
-0.0585611
-0.058569
-0.0585375
-0.0584538
-0.0583373
-0.0582158
-0.0581268
-0.0580544
-0.0579981
-0.0579335
-0.0578646
-0.0577611
-0.0576535
-0.0575387
-0.0574427
-0.0573141
-0.0571895
-0.0570342
-0.0568556
-0.0567014
-0.0565619
-0.0564487
-0.0563409
-0.0562516
-0.0561649
-0.0560654
-0.0559813
-0.0559224
-0.0558369
-0.0557163
-0.0555174
-0.0552583
-0.0549934
-0.0547213
-0.0544642
-0.0542304
-0.0540199
-0.0538452
-0.0537045
-0.0535851
-0.0534748
-0.0534085
-0.0533366
-0.0532742
-0.0532182
-0.0531615
-0.0531131
-0.0530895
-0.0530867
-0.0530942
-0.0531479
-0.0532171
-0.0532794
-0.0533182
-0.0533216
-0.0533333
-0.05332
-0.0532922
-0.0532217
-0.0530926
-0.05294
-0.0527685
-0.0525824
-0.0523992
-0.0521878
-0.0519771
-0.0517584
-0.0515382
-0.051304
-0.0510608
-0.0508021
-0.0505636
-0.0503545
-0.0501634
-0.0500142
-0.0498783
-0.0497379
-0.0496306
-0.0495277
-0.0494369
-0.0493446
-0.0492874
-0.0492389
-0.0492178
-0.0492142
-0.0492093
-0.0491909
-0.0491477
-0.049082
-0.0489892
-0.0488767
-0.0487564
-0.0486133
-0.0484593
-0.0482729
-0.0480707
-0.0478759
-0.0477022
-0.0475759
-0.0474395
-0.0472735
-0.0470978
-0.0469114
-0.0467242
-0.0465507
-0.0463997
-0.0462771
-0.0461976
-0.0461231
-0.0460616
-0.046016
-0.045987
-0.0459427
-0.0458778
-0.0458024
-0.0457242
-0.0456496
-0.0455716
-0.0455241
-0.0454959
-0.0454741
-0.0454705
-0.0454718
-0.0454918
-0.0455282
-0.0455342
-0.0455197
-0.0454414
-0.0453268
-0.0451845
-0.0450121
-0.0448231
-0.0446377
-0.044437
-0.0441978
-0.0439266
-0.0436527
-0.0434012
-0.0432133
-0.0430997
-0.0430205
-0.042955
-0.0429445
-0.0429741
-0.0430128
-0.0430588
-0.0431095
-0.0431619
-0.0432076
-0.0431964
-0.0431328
-0.0429799
-0.0428104
-0.0426104
-0.0424127
-0.0422299
-0.0420653
-0.0419163
-0.0417691
-0.0416608
-0.0416079
-0.0416069
-0.0416247
-0.041678
-0.0417808
-0.0419183
-0.0420729
-0.0422428
-0.0424253
-0.0426002
-0.0427669
-0.0429161
-0.0430318
-0.0431324
-0.0432291
-0.043348
-0.0434506
-0.0435821
-0.0437209
-0.0438584
-0.043963
-0.044048
-0.0441042
-0.0441618
-0.0442013
-0.0442593
-0.0442994
-0.0443139
-0.0442801
-0.0441949
-0.0440921
-0.0439661
-0.0438196
-0.0436427
-0.0434327
-0.0431803
-0.0429133
-0.042621
-0.042315
-0.0420038
-0.04165
-0.0412433
-0.0408239
-0.040371
-0.0399201
-0.0394243
-0.0388933
-0.0383672
-0.0378643
-0.0374347
-0.0370102
-0.0365357
-0.0360401
-0.0355296
-0.0350171
-0.0345286
-0.0340973
-0.03371
-0.0333505
-0.0330097
-0.0326705
-0.032364
-0.0320852
-0.0317854
-0.0314701
-0.0311355
-0.0307882
-0.0304213
-0.0300358
-0.0296389
-0.029262
-0.0289114
-0.0286047
-0.0283484
-0.0281243
-0.0279322
-0.0277511
-0.0275767
-0.0273813
-0.0271496
-0.0268421
-0.0264684
-0.0260979
-0.0258321
-0.025369
-0.0246684
-0.0237703
-0.0227892
-0.0217664
-0.0207985
-0.0199075
-0.0190688
-0.0182502
-0.0174219
-0.0165469
-0.0156569
-0.0147421
-0.0138595
-0.0130589
-0.0122661
-0.011469
-0.010688
-0.00987039
-0.00902202
-0.00815483
-0.00724654
-0.0063007
-0.00531907
-0.0043304
-0.00334112
-0.00235163
-0.00138192
-0.000402102
0.000538142
0.0014224
0.00223797
0.00305248
0.00386314
0.00465804
0.00544131
0.00618267
0.00688597
0.00752697
0.00811147
0.00861149
0.00901903
0.00938105
0.00978008
0.0102248
0.010695
0.0111946
0.0117198
0.0122659
0.0128459
0.013458
0.014065
0.0146429
0.0152202
0.0158851
0.0166394
0.0173473
0.0179934
0.0185526
0.0190297
0.0194739
0.01989
0.0202755
0.020611
0.0208713
0.021046
0.0211433
0.0211863
0.021177
0.0211378
0.0210961
0.0210362
0.0209268
0.0207814
0.0205814
0.0203066
0.0199819
0.0196174
0.0192521
0.0189238
0.0186949
0.0186365
0.0187902
0.0191193
0.0196232
0.0202463
0.0210335
0.0219787
0.0230545
0.0242077
0.0253429
0.0264061
0.0273929
0.0283286
0.0292644
0.0302166
0.0311979
0.0322112
0.0331881
0.034087
0.0348931
0.0356184
0.0361927
0.0366627
0.0370901
0.0375463
0.0379888
0.0383837
0.0387551
0.0391232
0.0395192
0.0399998
0.0405978
0.0413276
0.0421357
0.0429786
0.0438207
0.0446547
0.0455059
0.0463552
0.0471244
0.0478219
0.0484261
0.0489681
0.0494484
0.0498702
0.0502238
0.0505319
0.0508012
0.0509807
0.0510444
0.0510803
0.0511129
0.0511291
0.051129
0.0511029
0.0510222
0.0508857
0.0506776
0.0504241
0.0501461
0.0498535
0.0495717
0.0493236
0.0491131
0.0489694
0.0489027
0.0488742
0.0488517
0.0488057
0.0486819
0.0484964
0.0482665
0.0480305
0.0477995
0.0475647
0.0473193
0.0470883
0.0468818
0.0466955
0.0465433
0.0464178
0.0462976
0.04619
0.0460954
0.0460185
0.0459813
0.0459654
0.045956
0.0459701
0.0459888
0.0460083
0.04601
0.0460057
0.0459934
0.0459716
0.0459442
0.0459144
0.0458771
0.0458533
0.0458344
0.045815
0.0457763
0.0457171
0.0456415
0.045549
0.045458
0.045335
0.0452054
0.0450936
0.0450447
0.0450498
0.0450856
0.0451268
0.0451936
0.0452724
0.0453548
0.0454361
0.0455123
0.0455728
0.0455978
0.0455963
0.0455648
0.0454994
0.0454087
0.0452925
0.0451593
0.0450241
0.0449315
0.044873
0.0448302
0.0447966
0.0447801
0.0447695
0.0447681
0.0447763
0.0447977
0.0448055
0.0448217
0.0448318
0.0448404
0.0448451
0.0448273
0.0447996
0.0447769
0.0447569
0.0447479
0.044757
0.044779
0.0447952
0.0447866
0.0447691
0.0447478
0.0447293
0.0447215
0.0447282
0.0447349
0.0447444
0.0447475
0.0447402
0.0447292
0.0447084
0.044695
0.0446851
0.0446898
0.0446903
0.0446745
0.0446478
0.0446098
0.0445806
0.0445686
0.0445577
0.0445452
0.0445293
0.0445198
0.0445165
0.0445152
0.0445077
0.0444919
0.0444791
0.0444732
0.0444717
0.0444848
0.0444921
0.0444814
0.0444397
0.0443829
0.0443292
0.0442705
0.0441957
0.0441107
0.0440145
0.0439273
0.0438664
0.0438249
0.0437938
0.043778
0.0437755
0.0437784
0.0437791
0.0437902
0.0437856
0.043762
0.0437334
0.0437276
0.0437354
0.0437641
0.0437994
0.043835
0.043856
0.0438558
0.0438239
0.0437672
0.0436863
0.0435703
0.0434208
0.0432547
0.0430939
0.0429146
0.0427231
0.0425305
0.0423281
0.0421254
0.0419224
0.0417322
0.0415668
0.0414224
0.0413137
0.0412371
0.0411776
0.0411232
0.041073
0.041031
0.0410043
0.0410026
0.0410128
0.0410292
0.0410661
0.0411299
0.0412045
0.0412885
0.0413699
0.0414261
0.0414675
0.041492
0.0414904
0.0414597
0.0414091
0.041334
0.0412524
0.0411559
0.041033
0.0408975
0.0407449
0.0405895
0.0404256
0.0402846
0.0401629
0.0400593
0.0399732
0.0398925
0.0398208
0.0397509
0.0396896
0.0396197
0.0395557
0.0394893
0.0394339
0.0393824
0.0393297
0.0392869
0.0392419
0.039217
0.0391797
0.0391436
0.0390923
0.0390433
0.0389783
0.0389115
0.0388516
0.0387913
0.0387254
0.0386575
0.0385803
0.0385016
0.0384231
0.0383389
0.0382541
0.0381697
0.03809
0.038028
0.0379661
0.0378946
0.0378354
0.0377595
0.0376907
0.0376256
0.0375737
0.0375416
0.0375203
0.0375137
0.0375032
0.0374801
0.0374567
0.0374255
0.0373799
0.0373405
0.0372862
0.0372243
0.0371617
0.0371094
0.0370627
0.0370305
0.0370067
0.0369942
0.0369765
0.0369524
0.036936
0.036904
0.0368544
0.0367985
0.0367533
0.0367057
0.0366622
0.0366124
0.0365562
0.0365001
0.0364554
0.036421
0.0363908
0.0363701
0.0363424
0.0363122
0.0362929
0.0362739
0.0362708
0.0362625
0.0362583
0.0362559
0.0362465
0.0362481
0.0362455
0.0362321
0.0361969
0.036152
0.0360958
0.0360266
0.035944
0.0358719
0.0358057
0.0357499
0.0357096
0.0356612
0.0356287
0.0355945
0.035546
0.0354961
0.0354357
0.0353707
0.0353036
0.0352447
0.0351835
0.0351217
0.0350631
0.0350108
0.0349495
0.0349051
0.0348775
0.0348545
0.0348473
0.0348552
0.0348654
0.0348773
0.0348899
0.0349048
0.0349136
0.0349164
0.0349417
0.0349615
0.0349848
0.035002
0.0350104
0.0350002
0.0349886
0.0349635
0.0349226
0.03485
0.0347615
0.0346768
0.0345964
0.0345199
0.0344495
0.0343825
0.0343302
0.0342897
0.034252
0.0342414
0.0342307
0.0342318
0.0342364
0.0342545
0.0342724
0.0342853
0.0342922
0.0343047
0.0343156
0.0343289
0.0343462
0.0343512
0.0343396
0.0343136
0.0342688
0.0342072
0.0341368
0.0340955
0.034029
0.0339672
0.0339184
0.0338646
0.033811
0.0337383
0.0336505
0.033553
0.0334159
0.0332192
0.0329556
0.0326087
0.032203
0.031719
0.0311918
0.0306146
0.0300185
0.0294211
0.0288238
0.0282337
0.0276785
0.0271783
0.0267199
0.0262929
0.025885
0.0254931
0.0251064
0.0247194
0.0242647
0.0237547
0.0232241
0.0226944
0.0221869
0.0216911
0.021192
0.0206716
0.0201193
0.0195517
0.0189659
0.0183445
0.017734
0.0171283
0.0165133
0.0158956
0.0152948
0.0147607
0.0142275
0.0136606
0.0130999
0.0125504
0.0120819
0.0117137
0.0114406
0.0112563
0.0111379
0.0110704
0.011026
0.0110118
0.0109809
0.0109205
0.0108265
0.0106906
0.0105281
0.0103594
0.0101888
0.010031
0.00986677
0.00967241
0.00942303
0.00913277
0.0087734
0.00834336
0.00785834
0.00730725
0.0067032
0.00608239
0.00545935
0.0049662
0.00452441
0.00396881
0.00334211
0.0028909
0.00231135
0.00186396
0.0013491
0.000818097
0.000319705
-0.000165858
-0.000603874
-0.000986492
-0.00131972
-0.00160848
-0.00185721
-0.00202418
-0.00213887
-0.00224652
-0.00245116
-0.00270906
-0.00299907
-0.00326155
-0.00346857
-0.00357469
-0.00361185
-0.00357873
-0.00351488
-0.00347003
-0.00345499
-0.00344717
-0.00338717
-0.00328039
-0.0031674
-0.0030514
-0.00293298
-0.00283395
-0.00271794
-0.00259092
-0.00241224
-0.00216902
-0.0018959
-0.00161899
-0.00128185
-0.0008582
-0.000355631
0.000169376
0.000669263
0.00108879
0.00146468
0.00179923
0.00211822
0.0024133
0.00260167
0.00274209
0.00287379
0.00290792
0.00293396
0.00297111
0.00299558
0.00299893
0.00299297
0.00299438
0.00296965
0.00296035
0.00291312
0.00284855
0.00272984
0.00259296
0.00244775
0.00225599
0.00202018
0.00178687
0.00153977
0.00126669
0.000985672
0.000690274
0.000378168
4.14865e-05
-0.000291799
-0.000592806
-0.000862579
-0.00110652
-0.00133307
-0.00156672
-0.00179037
-0.00200365
-0.00218763
-0.00234749
-0.00250918
-0.00267109
-0.00279785
-0.00290362
-0.0029989
-0.00307805
-0.00319994
-0.00331254
-0.00342923
-0.00356483
-0.00368323
-0.0037741
-0.00382699
-0.00387881
-0.00392744
-0.00394169
-0.00394216
-0.00396373
-0.00399318
-0.00405664
-0.00414926
-0.00429292
-0.00447029
-0.00468278
-0.00491212
-0.00519159
-0.00558099
-0.00597356
-0.0063845
-0.00675549
-0.007139
-0.0075092
-0.00779551
-0.00809215
-0.00835807
-0.00863386
-0.00891085
-0.00910562
-0.00930309
-0.00941573
-0.00945797
-0.00948151
-0.00935919
-0.00918799
-0.00914796
-0.00894951
-0.0087423
-0.00861855
-0.00847991
-0.00845421
-0.00843508
-0.00851981
-0.00874109
-0.00904095
-0.00949152
-0.010306
-0.0109749
-0.0114801
-0.0119574
-0.0125208
-0.0131727
-0.0137745
-0.0143864
-0.0151325
-0.015745
-0.0161286
-0.0164207
-0.0167002
-0.0170329
-0.0174192
-0.0178253
-0.0181622
-0.0184456
-0.0188492
-0.0192802
-0.0197185
-0.020173
-0.0206694
-0.0211419
-0.021614
-0.0221258
-0.0227085
-0.0233399
-0.0239858
-0.0245977
-0.0252532
-0.0258956
-0.0265356
-0.0271553
-0.0278178
-0.0285113
-0.0291898
-0.0298414
-0.0304517
-0.0309438
-0.0313701
-0.0317633
-0.032143
-0.0324591
-0.0327474
-0.0330223
-0.0332855
-0.0335098
-0.0337299
-0.0339549
-0.0341787
-0.034399
-0.0345755
-0.0347564
-0.0349547
-0.0351278
-0.0353046
-0.0355046
-0.0357455
-0.0359651
-0.0361113
-0.0361871
-0.0361999
-0.0361297
-0.0360177
-0.0358803
-0.0356656
-0.0354306
-0.0351953
-0.0349661
-0.0347329
-0.0345179
-0.0342964
-0.0340535
-0.0338032
-0.0335448
-0.0332843
-0.0330235
-0.032814
-0.0326712
-0.0325821
-0.0325557
-0.0325816
-0.0326292
-0.03266
-0.0326679
-0.032694
-0.032718
-0.0327638
-0.0328318
-0.0329156
-0.0329974
-0.0330914
-0.0331788
-0.0332978
-0.0334464
-0.0335724
-0.0336567
-0.0337059
-0.0337312
-0.0337557
-0.0337657
-0.0337308
-0.0336868
-0.033622
-0.0335935
-0.0335872
-0.0335845
-0.0336021
-0.0336099
-0.0336105
-0.0336198
-0.0336584
-0.0336821
-0.0337023
-0.0337541
-0.0338067
-0.0338868
-0.0339994
-0.0341332
-0.0342831
-0.0344339
-0.0345843
-0.0347328
-0.0348832
-0.0350368
-0.0352148
-0.0353692
-0.0355136
-0.0356694
-0.035853
-0.0360193
-0.036193
-0.0363171
-0.0363953
-0.0364464
-0.0364725
-0.0364677
-0.0364388
-0.0363755
-0.0363198
-0.0362927
-0.0363059
-0.0363685
-0.0364701
-0.0365594
-0.036633
-0.0367065
-0.0367661
-0.0368196
-0.0368711
-0.0368937
-0.036941
-0.0369995
-0.0370965
-0.0372248
-0.0373609
-0.0375537
-0.0377473
-0.0379492
-0.0381525
-0.0383506
-0.0385451
-0.0387021
-0.038846
-0.038966
-0.0390792
-0.0392
-0.0393116
-0.0394589
-0.0396254
-0.0397928
-0.0399784
-0.0401605
-0.0403596
-0.0405821
-0.0408092
-0.0410318
-0.0412512
-0.0414966
-0.0417402
-0.0420033
-0.0422624
-0.042955
-0.0434447
-0.0438035
-0.0440667
-0.0444833
-0.0448483
-0.0452384
-0.0455929
-0.0459522
-0.0462932
-0.0466434
-0.0469349
-0.0472242
-0.0475182
-0.047802
-0.0480943
-0.0483427
-0.0486063
-0.0488839
-0.0491596
-0.0494307
-0.0496815
-0.0499174
-0.0501217
-0.0503324
-0.0505319
-0.0506826
-0.0508215
-0.0509444
-0.0510567
-0.0511603
-0.0512301
-0.0512947
-0.0513318
-0.0513642
-0.0513753
-0.0513618
-0.0513202
-0.0512855
-0.0512568
-0.0512507
-0.051235
-0.0512419
-0.0512382
-0.0512509
-0.0512876
-0.0513422
-0.0513888
-0.0514085
-0.051445
-0.0514822
-0.0515168
-0.0515601
-0.0516144
-0.0516863
-0.0517627
-0.0518117
-0.0518537
-0.0519015
-0.0519397
-0.051971
-0.0519984
-0.0520214
-0.0520566
-0.0520712
-0.0520601
-0.0520634
-0.0520547
-0.0520303
-0.0520456
-0.052055
-0.0520724
-0.0520802
-0.0521057
-0.0521423
-0.0521613
-0.052174
-0.0521961
-0.0522038
-0.052212
-0.0521864
-0.0521565
-0.0521133
-0.0520381
-0.0519782
-0.0519287
-0.0518638
-0.051819
-0.0517838
-0.0517539
-0.0517409
-0.0517624
-0.0518049
-0.0518465
-0.0518894
-0.0519342
-0.0519693
-0.0520052
-0.0520273
-0.0520273
-0.0520451
-0.0520472
-0.0520489
-0.0520503
-0.052048
-0.052031
-0.0519888
-0.0519481
-0.0519041
-0.0518521
-0.0517881
-0.051698
-0.0515835
-0.051479
-0.0513584
-0.0512412
-0.0511335
-0.0510275
-0.0509475
-0.0508774
-0.0507902
-0.0506895
-0.0505981
-0.0504965
-0.050405
-0.0503189
-0.0502504
-0.0502021
-0.0501861
-0.0501757
-0.0501668
-0.0501698
-0.0502159
-0.0502574
-0.050299
-0.0502933
-0.0502836
-0.0502848
-0.0503336
-0.0503877
-0.0504232
-0.050434
-0.0504352
-0.0504442
-0.0504639
-0.0504597
-0.050451
-0.0504297
-0.0504151
-0.0504141
-0.0504325
-0.0504642
-0.0504827
-0.050508
-0.0505285
-0.050558
-0.0506049
-0.0506536
-0.0507033
-0.0507729
-0.0508581
-0.0509631
-0.0510889
-0.0512478
-0.0514312
-0.0516069
-0.0517847
-0.0519674
-0.0521728
-0.0523513
-0.0525191
-0.0527035
-0.0528825
-0.0530457
-0.053197
-0.0533535
-0.0534936
-0.0536147
-0.0537077
-0.0538081
-0.0539119
-0.054016
-0.0541198
-0.0542411
-0.0543469
-0.0544539
-0.0545188
-0.0545468
-0.0545572
-0.0545653
-0.0545515
-0.0545607
-0.0545579
-0.0545501
-0.0545382
-0.0545774
-0.0546166
-0.0546692
-0.0547206
-0.0547678
-0.0547792
-0.0547793
-0.054783
-0.0547688
-0.0547685
-0.0547644
-0.054734
-0.0546903
-0.0546193
-0.0545664
-0.0545087
-0.054472
-0.0544688
-0.0544623
-0.0544832
-0.0545097
-0.05455
-0.0545839
-0.0546144
-0.0546301
-0.0546354
-0.0546369
-0.0546431
-0.054645
-0.0546311
-0.0545305
-0.0544134
-0.0542453
-0.0540089
-0.0536443
-0.0532386
-0.0527466
-0.0521476
-0.0514296
-0.0505974
-0.0496543
-0.0486011
-0.0472955
-0.0458196
-0.0439547
-0.0422064
-0.0404057
-0.0386354
-0.0369752
-0.0352812
-0.0335954
-0.0319465
-0.030359
-0.0288014
-0.0272474
-0.0258221
-0.0245319
-0.0232348
-0.0220348
-0.0209004
-0.0199118
-0.0191174
-0.0183151
-0.017433
-0.0164595
-0.0155259
-0.0146687
-0.0138476
-0.0130151
-0.0121304
-0.0111958
-0.0101178
-0.00890646
-0.00756768
-0.00615097
-0.00469792
-0.00327289
-0.00190446
-0.000557278
0.000808611
0.00223162
0.00365277
0.00504564
0.00641844
0.00771846
0.00892785
0.0100646
0.0111242
0.0121694
0.0131674
0.0140885
0.0149276
0.0156738
0.0163981
0.0171676
0.0180101
0.0188695
0.0196902
0.0204472
0.0211627
0.0218497
0.0225448
0.0232131
0.0238774
0.0245726
0.0252687
0.0259879
0.0267414
0.0275431
0.0283425
0.0291764
0.0300982
0.0311015
0.0321173
0.0331331
0.0340283
0.0348343
0.0355522
0.0363135
0.037193
0.0381912
0.0392404
0.0403682
0.0414294
0.0426636
0.0436555
0.0446232
0.0455743
0.0465733
0.0477126
0.0487605
0.0497389
0.0506524
0.0515845
0.0527242
0.05403
0.0553909
0.0567899
0.0580169
0.0592602
0.0604638
0.0615305
0.0625006
0.0632596
0.0637647
0.0640778
0.0643065
0.0645002
0.0646371
0.0647165
0.0648207
0.0648976
0.064964
0.0650133
0.0651138
0.0652528
0.065425
0.0656435
0.0658821
0.0661276
0.066421
0.0667025
0.0671085
0.067595
0.0681018
0.0686032
0.0691919
0.0697716
0.0703086
0.0709649
0.0715261
0.0720853
0.0727438
0.0735056
0.0741013
0.0746154
0.0751392
0.0755873
0.0760612
0.0765725
0.0769736
0.0773375
0.0778664
0.0782878
0.0788388
0.0795982
0.0803917
0.0811601
0.0819478
0.0825135
0.0831079
0.0837344
0.0843657
0.084942
0.0855205
0.0861698
0.0868344
0.0875694
0.0884393
0.0893997
0.0901839
0.0908736
0.0913704
0.0917795
0.0920892
0.0923743
0.0925915
0.0928151
0.093067
0.0933357
0.0935392
0.0937444
0.0940026
0.0943017
0.0944911
0.0946885
0.0948681
0.0950607
0.095444
0.0959032
0.0964887
0.0972245
0.0980749
0.0990687
0.100198
0.101371
0.102639
0.103942
0.105154
0.106425
0.107643
0.108743
0.109759
0.110673
0.11142
0.112051
0.112397
0.112708
0.112901
0.112914
0.112677
0.112265
0.111782
0.111354
0.110743
0.110142
0.109569
0.108893
0.108138
0.107305
0.106629
0.106068
0.105528
0.105043
0.104671
0.104347
0.104053
0.103773
0.103579
0.103461
0.103332
0.103165
0.103015
0.102777
0.102576
0.102397
0.102213
0.101991
0.101721
0.101418
0.101057
0.100546
0.0998185
0.0989942
0.0980162
0.0968945
0.0955582
0.0940906
0.0926346
0.0913027
0.0901119
0.0890294
0.0881154
0.0873497
0.0868034
0.0863993
0.0859988
0.08562
0.0852914
0.0850412
0.0848604
0.0847616
0.0847236
0.0847785
0.0848498
0.0848865
0.0849764
0.0850904
0.085188
0.0852856
0.0853764
0.0855033
0.0856082
0.085638
0.0854892
0.0853731
0.0851492
0.0848802
0.0845359
0.0841976
0.0838268
0.0835456
0.0832982
0.0831023
0.0829084
0.0827181
0.0824986
0.0823449
0.0821555
0.082049
0.0820146
0.0819906
0.0820179
0.0820603
0.0821475
0.0822201
0.0823104
0.0824346
0.0825772
0.0827402
0.0829544
0.083203
0.08346
0.0837651
0.0840522
0.0843273
0.0845195
0.084657
0.0847103
0.084756
0.0847746
0.0847751
0.0847359
0.0846114
0.0843997
0.0841649
0.0839068
0.0836253
0.0833326
0.0830621
0.0828088
0.0825594
0.0822849
0.0820343
0.0818482
0.0817284
0.0816488
0.0815866
0.0815293
0.0815192
0.081523
0.081533
0.0815255
0.0815331
0.081562
0.0816118
0.0816303
0.0816333
0.0815931
0.0815122
0.081435
0.0813394
0.0812352
0.0811309
0.0810093
0.0808727
0.0807066
0.0805171
0.0803339
0.0801727
0.0800174
0.079864
0.0797281
0.0795993
0.0794892
0.0794003
0.0793155
0.0792175
0.0791357
0.0790712
0.0790347
0.0790373
0.0790399
0.0790367
0.0790058
0.0789423
0.0788936
0.0788476
0.0788181
0.0788009
0.0788135
0.0788022
0.0787822
0.0787449
0.0787232
0.0787147
0.078699
0.0786949
0.0787208
0.0787809
0.0788538
0.0789407
0.0790125
0.0790589
0.0790929
0.0791127
0.0791215
0.0791068
0.0790757
0.0790408
0.0789736
0.0789062
0.0788263
0.0787343
0.0786423
0.0785594
0.0784864
0.07842
0.0783613
0.0783346
0.0782921
0.0782756
0.0782846
0.0782904
0.0782815
0.0782542
0.0782083
0.078155
0.0781016
0.0780466
0.0779964
0.0779346
0.0778542
0.0777446
0.0776162
0.0774849
0.0773493
0.0771966
0.0770561
0.0769234
0.0767789
0.0766097
0.0764595
0.0763268
0.0762031
0.076084
0.0759396
0.0757964
0.0756379
0.0755132
0.0753682
0.0752623
0.0751877
0.0751124
0.0750207
0.0749359
0.0748292
0.0747016
0.0745807
0.0744459
0.0743074
0.0741549
0.0740196
0.0738787
0.0737385
0.0736028
0.0734527
0.0732865
0.0731216
0.0729693
0.0728038
0.0726173
0.0724356
0.0722678
0.0721155
0.0719868
0.0718874
0.0717891
0.0717239
0.0716412
0.0715742
0.0714996
0.0714285
0.0713416
0.0712758
0.0711728
0.0710573
0.0709244
0.0707912
0.0706536
0.0705298
0.0704131
0.0702971
0.0701901
0.0700696
0.0699682
0.0698898
0.0697877
0.0696715
0.0695558
0.0694474
0.0693431
0.0692196
0.0691118
0.0689864
0.068856
0.0687511
0.0686413
0.0685485
0.0684532
0.0683525
0.0682562
0.0681845
0.0681412
0.0680999
0.0680765
0.0680777
0.0680668
0.0680472
0.0680245
0.0680145
0.0680135
0.0680123
0.0680068
0.0680321
0.0680389
0.0680787
0.0680856
0.0680582
0.0680266
0.0679867
0.067922
0.0678243
0.0677003
0.0675559
0.0673966
0.0672526
0.0671214
0.0670222
0.0669472
0.0668938
0.0668404
0.0667896
0.0667372
0.0666833
0.0666412
0.0665937
0.0665556
0.0665349
0.0665092
0.0664746
0.066439
0.0664188
0.0664245
0.0664463
0.066476
0.0665062
0.0665142
0.0665294
0.0665573
0.0665961
0.0666419
0.0666953
0.0667742
0.0668384
0.0669014
0.0669725
0.0670085
0.0670223
0.0670104
0.0670044
0.0669724
0.0669378
0.0668816
0.0668023
0.0667037
0.0665871
0.0664634
0.0663468
0.0662237
0.0661097
0.0660084
0.0659304
0.0658853
0.065855
0.0658366
0.0658237
0.0658375
0.0658857
0.0659439
0.0660236
0.066159
0.0663135
0.0665285
0.0667546
0.0669789
0.0671994
0.0674204
0.0676046
0.0677682
0.0678896
0.0679998
0.0680693
0.068131
0.0681815
0.0682183
0.068251
0.0682753
0.0682927
0.0682957
0.0682653
0.068242
0.0682539
0.0682642
0.0682941
0.0683299
0.0683598
0.0683758
0.0683899
0.0684094
0.0684419
0.068485
0.0685305
0.0685792
0.0686466
0.0687331
0.0688017
0.0688901
0.0689589
0.0690055
0.0690369
0.0690631
0.0690769
0.0690916
0.0690945
0.0690991
0.0691114
0.0691145
0.0691039
0.0690881
0.0690588
0.0690202
0.0689842
0.0689648
0.0689427
0.0689358
0.0689347
0.0689328
0.0689292
0.068934
0.0689401
0.0689295
0.0689139
0.068892
0.0688754
0.0688317
0.0687977
0.0687679
0.0687349
0.0687198
0.068685
0.0686361
0.0685879
0.0685287
0.0684769
0.0684177
0.0683265
0.068238
0.0681354
0.0680463
0.0679617
0.0679049
0.0678622
0.0678389
0.0678485
0.0678308
0.0678112
0.0677622
0.0677122
0.0676644
0.0676429
0.0676148
0.0675868
0.067521
0.0674384
0.0673388
0.0672332
0.0671382
0.0670382
0.0669186
0.0667894
0.0666522
0.0664875
0.0662936
0.0660996
0.0659242
0.0657551
0.0655967
0.0654309
0.0652628
0.0650985
0.0649284
0.0647546
0.064542
0.0643343
0.0641073
0.0638825
0.0636661
0.0634473
0.0632365
0.0630428
0.0628705
0.062715
0.062575
0.0624018
0.0622483
0.062098
0.0619367
0.0617765
0.0615953
0.0614287
0.0612322
0.0610084
0.0607953
0.0605147
0.0601883
0.0598546
0.0595202
0.0592013
0.0589841
0.0587924
0.0586614
0.0583979
0.0581312
0.0579163
0.0576807
0.0573759
0.0570942
0.0567756
0.0564191
0.0560345
0.0560109
0.0562697
0.0561552
0.056291
0.0562705
0.0560636
0.0559408
0.0561525
0.0560161
0.0562093
0.0561371
0.0563806
0.0561768
0.0565146
0.0565793
0.0569002
0.0571627
0.0572981
0.0574293
0.0576466
0.0579747
0.0582462
0.0584594
0.0587008
0.0590257
0.0593045
0.0594145
0.0594154
0.0594785
0.0594935
0.0593802
0.0592272
0.0590136
0.0588284
0.0586966
0.0586659
0.0586238
0.0585639
0.0585834
0.0585828
0.0584361
0.0582595
0.0581072
0.0579115
0.0576842
0.057406
0.05716
0.0570469
0.0569825
0.0569525
0.0569064
0.0569307
0.0570857
0.057268
0.0574686
0.0576149
0.0577735
0.0579127
0.0580381
0.0581396
0.0582016
0.0581459
0.0580335
0.0578567
0.0576227
0.0573239
0.0569513
0.0564701
0.0559104
0.0552975
0.0545944
0.0539217
0.0533789
0.0529815
0.0526729
0.0523347
0.0519848
0.0516683
0.0514091
0.0512393
0.0511009
0.0509941
0.0509741
0.0509714
0.0509956
0.0509699
0.0509674
0.0509399
0.0509425
0.050951
0.0509868
0.0510148
0.050944
0.0507395
0.050476
0.0502238
0.0499831
0.0497709
0.0496188
0.049551
0.0495791
0.0496964
0.0499088
0.0501674
0.0504939
0.0508724
0.0513012
0.0517809
0.0522816
0.0528374
0.0534075
0.0539842
0.0544936
0.0548792
0.0551562
0.0552901
0.0553393
0.0553443
0.055326
0.0553627
0.0554197
0.055463
0.0554754
0.0554466
0.0553814
0.0553048
0.055269
0.0552515
0.0552964
0.0554649
0.0557089
0.0560282
0.056396
0.0567827
0.0571741
0.0575931
0.0580112
0.0584011
0.0587712
0.0591092
0.059429
0.0597773
0.0601312
0.0604702
0.0607804
0.0610294
0.0612182
0.0613367
0.0613925
0.0613683
0.0612747
0.0611482
0.0610125
0.0608758
0.0607641
0.0606806
0.0606219
0.0605646
0.0605115
0.0604484
0.0604084
0.0603564
0.0602494
0.060069
0.0598513
0.0596044
0.0593689
0.0591274
0.0589011
0.0586914
0.0584921
0.0582908
0.0580862
0.0578808
0.0576911
0.0574952
0.0572924
0.057073
0.0568408
0.0565994
0.0563829
0.0562071
0.0560836
0.0559916
0.0559122
0.0558644
0.0558573
0.0558415
0.0558077
0.0557896
0.0557916
0.0558184
0.0558547
0.0558773
0.0559014
0.0559413
0.0559945
0.0560594
0.0561522
0.0562827
0.0564262
0.0565737
0.056726
0.0568761
0.0570304
0.0571841
0.0573509
0.0575102
0.05767
0.0578264
0.0579864
0.0581456
0.0583079
0.0584696
0.0586552
0.0588349
0.0589979
0.059132
0.0592385
0.059309
0.0593545
0.0593921
0.0594146
0.0594035
0.0593627
0.0592954
0.0591937
0.0590639
0.0589175
0.0587644
0.0586023
0.05843
0.0582568
0.058033
0.0578078
0.0575698
0.0573229
0.0570776
0.0568277
0.056572
0.056309
0.0560237
0.0557146
0.0553672
0.0550137
0.0546546
0.0542948
0.0539461
0.0536123
0.0532776
0.0529454
0.0526174
0.0523149
0.0520506
0.0518276
0.0516288
0.0514583
0.0512977
0.0511518
0.0510202
0.0509202
0.050844
0.0507758
0.0507057
0.0506325
0.0505608
0.0504736
0.0503605
0.0502155
0.0500508
0.049858
0.0496265
0.0493691
0.0491028
0.0488262
0.048541
0.0482665
0.0479959
0.04772
0.0474558
0.0472063
0.0469862
0.0467749
0.0465642
0.0463434
0.0461163
0.0458833
0.0456359
0.0453704
0.0450927
0.0448076
0.0445171
0.0441997
0.0438643
0.043508
0.0431346
0.0427437
0.0423436
0.041949
0.0415695
0.0411979
0.0408319
0.0404831
0.0401265
0.0397649
0.0394005
0.0390306
0.0386516
0.0382633
0.037875
0.0375061
0.037154
0.0368361
0.0365243
0.0362359
0.0359756
0.0357538
0.0355516
0.035386
0.0352254
0.03507
0.0349025
0.034735
0.0345648
0.0344234
0.0342596
0.0340581
0.0338544
0.0336609
0.0334711
0.0332703
0.0330547
0.0328327
0.0326064
0.0323671
0.0321059
0.0318486
0.0315849
0.0313337
0.0310822
0.0308222
0.0305684
0.0303149
0.0300639
0.0298219
0.02958
0.0293421
0.0291021
0.0288536
0.0286117
0.0283913
0.0281924
0.0279956
0.0277882
0.0275749
0.027368
0.0271761
0.0269907
0.026801
0.0266092
0.0264067
0.026202
0.0259929
0.0257754
0.0255667
0.0253772
0.0252191
0.0250775
0.0249588
0.0248461
0.024744
0.0246477
0.0245655
0.0244751
0.0243753
0.0242588
0.024153
0.0240578
0.0239515
0.0238391
0.023709
0.023579
0.0234525
0.0233196
0.0231865
0.0230707
0.0229634
0.0228672
0.0227797
0.0227029
0.0226304
0.0225319
0.0223971
0.0222327
0.0220368
0.0218385
0.0216234
0.0213801
0.0211178
0.0208258
0.0205082
0.0201794
0.0198638
0.0195521
0.0192599
0.0189706
0.0186817
0.0183929
0.0181048
0.0178195
0.0175091
0.0171843
0.016849
0.0165053
0.0161596
0.0158138
0.015474
0.0151383
0.0148152
0.014501
0.0141959
0.0139081
0.0136529
0.013408
0.0131667
0.0129291
0.0126948
0.0124601
0.0122123
0.0119472
0.0116777
0.0114125
0.011158
0.0109009
0.0106569
0.0104169
0.0101683
0.00991386
0.00967469
0.00944704
0.00921995
0.00900595
0.00878385
0.00856875
0.00834971
0.00811374
0.00788829
0.00767258
0.00747313
0.00729425
0.0071601
0.0070536
0.0069355
0.00681361
0.00668483
0.00655371
0.00643093
0.00632212
0.0062431
0.00617241
0.00610995
0.00606693
0.00603296
0.00600101
0.00596273
0.00593703
0.00589876
0.00584974
0.00577963
0.00569237
0.00561367
0.00553902
0.00546063
0.00536939
0.00526951
0.00515936
0.00502768
0.00489184
0.00474081
0.00458604
0.0044247
0.00426741
0.00411674
0.00395981
0.00381147
0.00366274
0.00349962
0.00331289
0.00312421
0.00291637
0.00268581
0.00244028
0.00219674
0.0019591
0.00172986
0.0015219
0.00131174
0.00110145
0.000889061
0.000680697
0.000472117
0.000267415
6.71637e-05
-0.000135048
-0.00035437
-0.000599068
-0.000871353
-0.0011539
-0.00143431
-0.00172515
-0.00202457
-0.00234554
-0.00267292
-0.00302361
-0.00338467
-0.00377113
-0.00419587
-0.00465668
-0.00515564
-0.00570121
-0.00627668
-0.00682886
-0.00736832
-0.00791842
-0.00848988
-0.00904895
-0.00960404
-0.0101402
-0.0106461
-0.0111181
-0.011575
-0.0119956
-0.0124185
-0.0128138
-0.0131816
-0.0135388
-0.0138898
-0.0142538
-0.0146325
-0.0150028
-0.0153728
-0.015736
-0.0160971
-0.016454
-0.0168047
-0.0171236
-0.0174277
-0.0176979
-0.0179599
-0.0181983
-0.0184303
-0.0186453
-0.0188372
-0.0189995
-0.0191362
-0.0192644
-0.0193735
-0.0194591
-0.0195423
-0.0196168
-0.0196935
-0.0197446
-0.0197721
-0.0197738
-0.0197733
-0.0197577
-0.0197465
-0.0197332
-0.0196988
-0.0196584
-0.0196095
-0.0195394
-0.0194504
-0.0193444
-0.0192279
-0.0190986
-0.01898
-0.0188527
-0.0187147
-0.0185467
-0.0183466
-0.0181209
-0.0178825
-0.0176207
-0.0173484
-0.0170441
-0.0167189
-0.0163638
-0.0159918
-0.0155858
-0.015165
-0.0146804
-0.0141321
-0.0134943
-0.0128124
-0.0120622
-0.0112083
-0.0102803
-0.00933046
-0.00835508
-0.00731366
-0.00619159
-0.00500379
-0.00377398
-0.00252532
-0.0012406
8.66225e-05
0.00148387
0.00293846
0.00444399
0.00600685
0.00765714
0.00939258
0.0112366
0.0132062
0.0152865
0.0174603
0.019702
0.0220497
0.0245352
0.0271395
0.0298179
0.032564
0.0353736
0.0382572
0.041251
0.0443401
0.0475477
0.0508762
0.0543467
0.0579255
0.0616424
0.0654695
0.0693396
0.0732546
0.0772245
0.0812916
0.0854567
0.0896954
0.0939526
0.0982571
0.102601
0.106979
0.111404
0.115927
0.120565
0.125309
0.130153
0.135143
0.140394
0.145895
0.151519
0.157159
0.162928
0.168871
0.174917
0.180956
0.186959
0.192939
0.198916
0.204917
0.210953
0.217063
0.223264
0.22962
0.236142
0.242759
0.249382
0.255991
0.262521
0.268906
0.275119
0.281156
0.287025
0.292767
0.298382
0.303878
0.309278
0.314666
0.320032
0.325359
0.330749
0.336305
0.342042
0.347901
0.353899
0.36
0.366185
0.372469
0.37885
0.385319
0.391835
0.398354
0.404896
0.411387
0.417813
0.424196
0.430531
0.43677
0.442909
0.449015
0.455103
0.461179
0.467276
0.473441
0.479671
0.485874
0.492075
0.49828
0.504451
0.510542
0.516528
0.522449
0.5283
0.534068
0.539743
0.545303
0.550734
0.556079
0.561325
0.5665
0.571602
0.576626
0.581539
0.586292
0.590933
0.595427
0.599798
0.604059
0.608224
0.61234
0.616405
0.620479
0.62461
0.628759
0.63288
0.637009
0.641079
0.645095
0.649018
0.652827
0.656548
0.660148
0.66362
0.667007
0.670309
0.673563
0.676793
0.68005
0.683246
0.686417
0.689542
0.69271
0.695888
0.699052
0.702254
0.705537
0.708875
0.712306
0.715797
0.719287
0.722765
0.726245
0.72974
0.733277
0.736797
0.74028
0.743741
0.747158
0.7505
0.753748
0.756896
0.759969
0.762959
0.765875
0.768741
0.771583
0.774383
0.777112
0.779769
0.782371
0.784939
0.787473
0.789952
0.792359
0.794655
0.796822
0.798838
0.800713
0.802443
0.804048
0.805544
0.806939
0.808241
0.809436
0.810545
0.811586
0.812566
0.813497
0.814384
0.815199
0.815943
0.816623
0.81723
0.817765
0.818221
0.818636
0.819025
0.819427
0.819835
0.820245
0.820651
0.821064
0.821496
0.82193
0.822357
0.822772
0.823158
0.823503
0.82382
0.824119
0.824404
0.824677
0.824942
0.825193
0.825444
0.825708
0.825984
0.826264
0.82655
0.826849
0.827166
0.827497
0.827828
0.828149
0.828449
0.828745
0.829036
0.829314
0.829589
0.829852
0.830106
0.830331
0.830513
0.830679
0.830811
0.830903
0.830948
0.830957
0.830939
0.830897
0.83085
0.830796
0.830699
0.830585
0.830455
0.83031
0.830143
0.829951
0.829749
0.829558
0.829402
0.829279
0.829157
0.829025
0.828879
0.828704
0.828511
0.828285
0.828026
0.827749
0.827478
0.827206
0.826947
0.826707
0.826489
0.826316
0.826184
0.826084
0.826002
0.825936
0.825869
0.825791
0.825709
0.825623
0.825543
0.825471
0.825393
0.825323
0.825247
0.825155
0.825029
0.824861
0.824634
0.824366
0.824051
0.823714
0.823365
0.823002
0.822629
0.822253
0.821866
0.821474
0.821096
0.820744
0.820417
0.820113
0.819839
0.819587
0.819368
0.819211
0.819108
0.81904
0.818996
0.818956
0.818908
0.818837
0.818731
0.818601
0.818444
0.818259
0.81804
0.817795
0.817521
0.817213
0.816875
0.816513
0.816149
0.815777
0.815428
0.815116
0.814844
0.814602
0.814384
0.814182
0.813988
0.813811
0.813664
0.813543
0.813453
0.813367
0.813285
0.813195
0.813104
0.813015
0.812919
0.812831
0.812753
0.81268
0.812619
0.812556
0.81247
0.812351
0.812195
0.812017
0.811821
0.811653
0.811513
0.811416
0.811358
0.811349
0.81139
0.81148
0.811592
0.811711
0.811818
0.811915
0.811988
0.812036
0.812055
0.812058
0.812051
0.812028
0.811982
0.811917
0.811847
0.811764
0.811669
0.811566
0.811457
0.811332
0.811197
0.811055
0.810916
0.810774
0.810653
0.810541
0.810441
0.810362
0.810293
0.810236
0.810203
0.810175
0.810148
0.810113
0.810063
0.810008
0.809954
0.809904
0.80986
0.809829
0.80981
0.809795
0.809786
0.809773
0.809751
0.809715
0.809672
0.809621
0.809569
0.809505
0.809434
0.809367
0.809294
0.809216
0.809129
0.809038
0.808949
0.808874
0.808818
0.808765
0.808717
0.808672
0.808626
0.808571
0.808511
0.808458
0.808401
0.808347
0.808281
0.8082
0.808095
0.807961
0.807793
0.807596
0.80736
0.807089
0.80678
0.806426
0.806038
0.805627
0.805202
0.804759
0.80431
0.803849
0.803379
0.802915
0.802452
0.801987
0.801514
0.801022
0.800501
0.799942
0.799354
0.798749
0.798152
0.797579
0.797037
0.796512
0.796009
0.795524
0.795051
0.794588
0.794141
0.793708
0.793288
0.792874
0.792483
0.792125
0.791788
0.791466
0.791155
0.790827
0.790547
0.790289
0.790004
0.789693
0.789382
0.789071
0.788758
0.788446
0.788137
0.787841
0.78756
0.787281
0.78701
0.786735
0.786458
0.786191
0.785912
0.785621
0.785319
0.785016
0.78473
0.784468
0.784234
0.784029
0.783858
0.78371
0.783587
0.783476
0.783359
0.783219
0.783071
0.782911
0.782747
0.782584
0.782423
0.782267
0.782115
0.781968
0.781825
0.781692
0.781565
0.781448
0.781339
0.781241
0.781146
0.781049
0.780966
0.780892
0.780828
0.780774
0.780737
0.780716
0.780706
0.780708
0.780723
0.780751
0.780802
0.780874
0.780965
0.781062
0.78116
0.781249
0.78132
0.781361
0.781371
0.781353
0.781299
0.781214
0.781094
0.780951
0.7808
0.780644
0.780493
0.780347
0.780207
0.780072
0.779942
0.779813
0.779682
0.779549
0.779404
0.779257
0.779102
0.778936
0.778763
0.778575
0.778366
0.778143
0.777899
0.777635
0.777351
0.777043
0.776713
0.776355
0.775972
0.775561
0.775103
0.774609
0.774066
0.773474
0.77283
0.772137
0.771374
0.770552
0.769656
0.768692
0.767648
0.766545
0.765375
0.764135
0.762832
0.761488
0.760102
0.758674
0.757212
0.755714
0.754165
0.752563
0.750919
0.749211
0.747411
0.745517
0.74352
0.741399
0.739129
0.7367
0.734078
0.731264
0.728245
0.72502
0.721573
0.717886
0.713935
0.709748
0.705363
0.700796
0.696055
0.691216
0.686289
0.681245
0.676092
0.670824
0.665501
0.660201
0.654913
0.649225
0.64366
0.638504
0.633489
0.62848
0.62349
0.618513
0.613537
0.608588
0.603623
0.598603
0.593454
0.588147
0.582699
0.577097
0.571347
0.565446
0.559381
0.553209
0.546872
0.540348
0.533573
0.52652
0.5192
0.511633
0.503786
0.4956
0.486889
0.477558
0.467609
0.457123
0.446241
0.435056
0.423341
0.41094
0.397927
0.384592
0.371188
0.357851
0.344617
0.331317
0.317819
0.304154
0.290386
0.276744
0.263184
0.249634
0.236295
0.223121
0.210054
0.197239
0.184826
0.172756
0.160887
0.149149
0.137417
0.125504
0.113531
0.101694
0.0902691
0.0793638
0.0689679
0.0590246
0.0494644
0.0400713
0.0308212
0.02171
0.0128425
0.00428518
-0.00396418
-0.011953
-0.019746
-0.0274351
-0.0349674
-0.0423513
-0.0496644
-0.0569116
-0.0640924
-0.0712729
-0.0784707
-0.085642
-0.0927365
-0.0996817
-0.106331
-0.112607
-0.118443
-0.123926
-0.129142
-0.134172
-0.139079
-0.143942
-0.148864
-0.153868
-0.158968
-0.164121
-0.169277
-0.174417
-0.179539
-0.184591
-0.189546
-0.194471
-0.199434
-0.204496
-0.209631
-0.214821
-0.220012
-0.225208
-0.23037
-0.235525
-0.240757
-0.246085
-0.251467
-0.256877
-0.262265
-0.267567
-0.272799
-0.278029
-0.283235
-0.288401
-0.293525
-0.298658
-0.303891
-0.309291
-0.314894
-0.320562
-0.326261
-0.331938
-0.337507
-0.342953
-0.348319
-0.353612
-0.358881
-0.364094
-0.369224
-0.374255
-0.379213
-0.384216
-0.389147
-0.394114
-0.39914
-0.404154
-0.409153
-0.414147
-0.419053
-0.423794
-0.428408
-0.432922
-0.437362
-0.441716
-0.445965
-0.450117
-0.454165
-0.458147
-0.462057
-0.465902
-0.469666
-0.473325
-0.47686
-0.48026
-0.483536
-0.486717
-0.489832
-0.492989
-0.496222
-0.499452
-0.502639
-0.505759
-0.508824
-0.511829
-0.514777
-0.517675
-0.520557
-0.523454
-0.526365
-0.529284
-0.532211
-0.535169
-0.538139
-0.541087
-0.543977
-0.546834
-0.549673
-0.552506
-0.555367
-0.55826
-0.561161
-0.564038
-0.566879
-0.569702
-0.572504
-0.575289
-0.578044
-0.58076
-0.583376
-0.585902
-0.588297
-0.590493
-0.592501
-0.594382
-0.596172
-0.597904
-0.599586
-0.601296
-0.603016
-0.604739
-0.606461
-0.608163
-0.609828
-0.611576
-0.613326
-0.615057
-0.616786
-0.618469
-0.620104
-0.621702
-0.623228
-0.624695
-0.62608
-0.627417
-0.628706
-0.62997
-0.631131
-0.632181
-0.633103
-0.633941
-0.634649
-0.635225
-0.635676
-0.636099
-0.636497
-0.636861
-0.637209
-0.637529
-0.637888
-0.63831
-0.638834
-0.639471
-0.640224
-0.641025
-0.641875
-0.642702
-0.643489
-0.644232
-0.644944
-0.645625
-0.646236
-0.64678
-0.647236
-0.647596
-0.647843
-0.648005
-0.64809
-0.648086
-0.647997
-0.647846
-0.647667
-0.647478
-0.647245
-0.647005
-0.646825
-0.64664
-0.646488
-0.646364
-0.646281
-0.646245
-0.646236
-0.646231
-0.646235
-0.646229
-0.646292
-0.646363
-0.646427
-0.646515
-0.646613
-0.646719
-0.646839
-0.646966
-0.647118
-0.647262
-0.647389
-0.647523
-0.647664
-0.647799
-0.647941
-0.648114
-0.648275
-0.648456
-0.648655
-0.648864
-0.649076
-0.649318
-0.649614
-0.649965
-0.650347
-0.650759
-0.65126
-0.651833
-0.652442
-0.653113
-0.653827
-0.654568
-0.655322
-0.65611
-0.656949
-0.657804
-0.658636
-0.659462
-0.660321
-0.661186
-0.662051
-0.662923
-0.663814
-0.664705
-0.665576
-0.666399
-0.667171
-0.667866
-0.668485
-0.669034
-0.669501
-0.669878
-0.670158
-0.670359
-0.670493
-0.670561
-0.670544
-0.67046
-0.670272
-0.670054
-0.669797
-0.669551
-0.669285
-0.669026
-0.668755
-0.668531
-0.668348
-0.668187
-0.668011
-0.667862
-0.667715
-0.667571
-0.66744
-0.667297
-0.667169
-0.667062
-0.666973
-0.666904
-0.666845
-0.666801
-0.666751
-0.666696
-0.666638
-0.666585
-0.66654
-0.66649
-0.666471
-0.666457
-0.66645
-0.666453
-0.666471
-0.666485
-0.666497
-0.666512
-0.666529
-0.666542
-0.666557
-0.666588
-0.666626
-0.666661
-0.666733
-0.666835
-0.666968
-0.667097
-0.667191
-0.667296
-0.667432
-0.667542
-0.667635
-0.667731
-0.667825
-0.667921
-0.668029
-0.668133
-0.668241
-0.668361
-0.668482
-0.668607
-0.668728
-0.668849
-0.668979
-0.669093
-0.669179
-0.669233
-0.669262
-0.669269
-0.66926
-0.66925
-0.669234
-0.669219
-0.66922
-0.669233
-0.669253
-0.669286
-0.669307
-0.669323
-0.669319
-0.669291
-0.669222
-0.66914
-0.669051
-0.668952
-0.668847
-0.668759
-0.668696
-0.668655
-0.668647
-0.66867
-0.668733
-0.668828
-0.668949
-0.669078
-0.669212
-0.669348
-0.669512
-0.669703
-0.669906
-0.670125
-0.670353
-0.670592
-0.67083
-0.671056
-0.671262
-0.671429
-0.671565
-0.671665
-0.671736
-0.671779
-0.6718
-0.671803
-0.671797
-0.671776
-0.671741
-0.671685
-0.671634
-0.67161
-0.671576
-0.671529
-0.671481
-0.671436
-0.671366
-0.671289
-0.671212
-0.671152
-0.671099
-0.67103
-0.670944
-0.670835
-0.670693
-0.670515
-0.670281
-0.669993
-0.669645
-0.66924
-0.668795
-0.668291
-0.667719
-0.667165
-0.66659
-0.665994
-0.665394
-0.664852
-0.664349
-0.663919
-0.663551
-0.663209
-0.662843
-0.662497
-0.662155
-0.661838
-0.661575
-0.661376
-0.661258
-0.661186
-0.661126
-0.66109
-0.66108
-0.661085
-0.661067
-0.661012
-0.660913
-0.660765
-0.660564
-0.660316
-0.66004
-0.659752
-0.659447
-0.659137
-0.658838
-0.658534
-0.658282
-0.658058
-0.65788
-0.657747
-0.657672
-0.657637
-0.65761
-0.657599
-0.657592
-0.657589
-0.657587
-0.657591
-0.657631
-0.6577
-0.65779
-0.657885
-0.657993
-0.658096
-0.658182
-0.658246
-0.658289
-0.658309
-0.658307
-0.658297
-0.658275
-0.658228
-0.658144
-0.65803
-0.657871
-0.657651
-0.657382
-0.657067
-0.656695
-0.656264
-0.65578
-0.655247
-0.654626
-0.653923
-0.653188
-0.65239
-0.65151
-0.650545
-0.649472
-0.648288
-0.646981
-0.645518
-0.643913
-0.642175
-0.640296
-0.638303
-0.636205
-0.633995
-0.631687
-0.629203
-0.62657
-0.6238
-0.620863
-0.617764
-0.614524
-0.611167
-0.607702
-0.604143
-0.600484
-0.59679
-0.593098
-0.589381
-0.58562
-0.581809
-0.577913
-0.573981
-0.570034
-0.566067
-0.562107
-0.558183
-0.554271
-0.550356
-0.546389
-0.5424
-0.538393
-0.534371
-0.530338
-0.526309
-0.522309
-0.518312
-0.514244
-0.510062
-0.505736
-0.501274
-0.496674
-0.491919
-0.487031
-0.482038
-0.476954
-0.471821
-0.466688
-0.46159
-0.456586
-0.451684
-0.446866
-0.442108
-0.437383
-0.432694
-0.428006
-0.423305
-0.41854
-0.413664
-0.408672
-0.403518
-0.39815
-0.392511
-0.386547
-0.380251
-0.373677
-0.366904
-0.359933
-0.352805
-0.345582
-0.338357
-0.331184
-0.32403
-0.316882
-0.309744
-0.302599
-0.2955
-0.288471
-0.281562
-0.274826
-0.268288
-0.261966
-0.255859
-0.25
-0.244417
-0.239144
-0.234206
-0.229586
-0.22523
-0.221075
-0.217021
-0.212987
-0.20892
-0.204761
-0.200517
-0.196186
-0.191719
-0.187039
-0.182109
-0.17692
-0.171515
-0.165949
-0.160261
-0.15445
-0.148505
-0.142421
-0.13621
-0.129903
-0.123541
-0.11718
-0.110889
-0.104724
-0.0986911
-0.0927758
-0.086952
-0.0812329
-0.0756345
-0.0702213
-0.0650166
-0.0601164
-0.0554767
-0.0510904
-0.046935
-0.0430202
-0.0393188
-0.0357942
-0.032398
-0.0290377
-0.0256324
-0.0221327
-0.0184802
-0.0146115
-0.0105057
-0.0061734
-0.00168872
0.00286346
0.00745838
0.0121058
0.0167918
0.0214973
0.0261972
0.030861
0.0354504
0.0398933
0.0441723
0.0482451
0.052112
0.0557591
0.0592158
0.0624714
0.0655214
0.0683774
0.0710649
0.0736079
0.0760176
0.078281
0.0803877
0.0823386
0.0841992
0.0860099
0.0878206
0.0896484
0.0915373
0.0934742
0.0954663
0.09747
0.0994766
0.101491
0.103525
0.105534
0.107539
0.109521
0.111469
0.11339
0.115283
0.117113
0.118856
0.120459
0.121907
0.123207
0.124388
0.12547
0.126446
0.127282
0.127981
0.128548
0.128989
0.129327
0.129599
0.129835
0.130055
0.130281
0.130535
0.130858
0.13128
0.131798
0.132372
0.132983
0.133636
0.134343
0.135095
0.135905
0.136701
0.137423
0.138078
0.138711
0.139309
0.139851
0.140342
0.140794
0.141226
0.141645
0.142041
0.142414
0.142786
0.143176
0.143598
0.144057
0.144545
0.145041
0.145543
0.146022
0.14649
0.146923
0.14732
0.147662
0.147946
0.14817
0.148351
0.14847
0.14855
0.148586
0.14858
0.148499
0.148344
0.148124
0.147845
0.147496
0.147089
0.146644
0.146199
0.145775
0.145375
0.145002
0.144669
0.144367
0.14409
0.143818
0.14355
0.143287
0.143013
0.142708
0.142389
0.142049
0.14171
0.141383
0.141062
0.140748
0.140443
0.14015
0.139874
0.139603
0.139345
0.139088
0.138824
0.138555
0.138271
0.137989
0.13773
0.137495
0.137269
0.13705
0.136838
0.136621
0.136448
0.136335
0.136286
0.136284
0.13631
0.136356
0.136405
0.136457
0.136502
0.136521
0.136508
0.136474
0.136432
0.136372
0.136289
0.136172
0.136009
0.13581
0.135583
0.13534
0.135085
0.134818
0.13455
0.134261
0.133943
0.133584
0.133184
0.132762
0.132327
0.131894
0.131476
0.131083
0.130705
0.13033
0.129978
0.129652
0.129346
0.129049
0.128766
0.128502
0.128278
0.128109
0.127991
0.127864
0.127699
0.127507
0.127331
0.127198
0.127067
0.126931
0.126811
0.126692
0.126595
0.126512
0.126442
0.12638
0.126308
0.126232
0.126135
0.126002
0.125833
0.12564
0.125425
0.125195
0.124959
0.124716
0.124492
0.124292
0.124108
0.123937
0.123775
0.123606
0.123432
0.123282
0.12316
0.123056
0.122988
0.122918
0.12284
0.122757
0.122689
0.122627
0.122572
0.122527
0.122491
0.122468
0.122442
0.122402
0.122332
0.122236
0.122135
0.122031
0.121929
0.121816
0.121701
0.121575
0.121462
0.121387
0.12134
0.121292
0.121227
0.121143
0.121038
0.120891
0.120709
0.120498
0.12026
0.120011
0.119766
0.1195
0.119217
0.118923
0.118614
0.118319
0.118058
0.117862
0.117701
0.117523
0.117359
0.117215
0.117082
0.116951
0.116837
0.116729
0.116618
0.116479
0.116321
0.116152
0.115965
0.115763
0.115545
0.115318
0.115096
0.114901
0.114727
0.114552
0.114369
0.114188
0.114015
0.11386
0.113729
0.113624
0.113543
0.113484
0.113443
0.113417
0.1134
0.113404
0.113416
0.113436
0.113467
0.113492
0.113506
0.113491
0.113446
0.113374
0.113314
0.113276
0.113252
0.113234
0.113214
0.11319
0.113159
0.113115
0.113029
0.112929
0.112832
0.112744
0.112657
0.112562
0.112449
0.112335
0.112209
0.112076
0.111943
0.111815
0.111697
0.111587
0.111486
0.111395
0.111326
0.111297
0.111299
0.111311
0.111327
0.111321
0.111303
0.111267
0.111224
0.111173
0.111114
0.111056
0.110992
0.110924
0.110857
0.110806
0.110785
0.110775
0.11078
0.110803
0.110849
0.110905
0.110961
0.111015
0.111066
0.111107
0.111128
0.111128
0.111126
0.111116
0.111086
0.111034
0.110945
0.110843
0.110744
0.110619
0.110467
0.110284
0.110099
0.109908
0.109733
0.10957
0.109425
0.109292
0.109163
0.109042
0.108935
0.108877
0.108852
0.108818
0.108778
0.108756
0.108755
0.108774
0.108781
0.108767
0.108733
0.108701
0.108689
0.108685
0.108707
0.108719
0.108733
0.108739
0.108736
0.108708
0.108656
0.108583
0.10852
0.108457
0.108408
0.10836
0.108329
0.108324
0.10833
0.108328
0.108325
0.108323
0.108314
0.108305
0.108297
0.108293
0.108275
0.108256
0.108244
0.108238
0.108243
0.108254
0.108256
0.10823
0.108175
0.108135
0.108091
0.108042
0.107973
0.107909
0.107858
0.107765
0.10761
0.107567
0.107538
0.10743
0.107305
0.107194
0.107086
0.106966
0.106825
0.10665
0.106457
0.106262
0.106078
0.105896
0.105715
0.105546
0.105395
0.105258
0.105136
0.105022
0.104921
0.104822
0.104735
0.104647
0.104579
0.104534
0.104505
0.1045
0.104499
0.104503
0.104528
0.104558
0.104604
0.104631
0.104666
0.1047
0.104722
0.104731
0.104736
0.104727
0.10471
0.104691
0.10467
0.104648
0.104614
0.104573
0.104524
0.104475
0.104441
0.104437
0.104455
0.104485
0.104519
0.10453
0.104554
0.104606
0.104656
0.104689
0.104731
0.104776
0.104825
0.104875
0.104915
0.104957
0.105009
0.105069
0.105145
0.105231
0.105316
0.105401
0.10549
0.105566
0.10563
0.10567
0.105697
0.105728
0.105761
0.105796
0.105832
0.105867
0.105916
0.105966
0.106021
0.106065
0.106123
0.106222
0.106336
0.106435
0.106537
0.106655
0.106779
0.106888
0.107006
0.107091
0.107123
0.107151
0.107163
0.107156
0.107157
0.107172
0.107191
0.107187
0.107187
0.107171
0.10713
0.107091
0.107051
0.106989
0.106914
0.106814
0.106703
0.106579
0.106455
0.106326
0.106213
0.10612
0.106026
0.105928
0.105815
0.105692
0.105561
0.105429
0.105285
0.10513
0.104992
0.104875
0.104803
0.104814
0.104851
0.1049
0.104991
0.10509
0.105187
0.105266
0.105327
0.105364
0.105377
0.10539
0.105419
0.105492
0.105558
0.105623
0.105701
0.105781
0.105881
0.105978
0.106073
0.106163
0.106236
0.10629
0.106325
0.106341
0.106348
0.106346
0.106335
0.106308
0.106271
0.106223
0.10616
0.106098
0.106032
0.105941
0.105848
0.105745
0.105629
0.105514
0.105398
0.105283
0.10517
0.105088
0.104997
0.104953
0.10503
0.105279
0.10562
0.105995
0.106406
0.106888
0.107427
0.107969
0.108504
0.109019
0.109511
0.110001
0.110455
0.110877
0.111249
0.111577
0.111858
0.112109
0.112309
0.112453
0.11254
0.112591
0.112604
0.112564
0.112479
0.112333
0.112148
0.111915
0.11163
0.111278
0.110911
0.110502
0.110065
0.10964
0.109231
0.108856
0.108532
0.108256
0.108028
0.107871
0.107752
0.10767
0.107621
0.107621
0.107661
0.107732
0.107837
0.107986
0.108144
0.108325
0.108514
0.108693
0.108849
0.10899
0.109132
0.109271
0.109414
0.109541
0.109654
0.109738
0.109809
0.109848
0.109853
0.109856
0.109803
0.109718
0.109605
0.109478
0.109367
0.109258
0.10915
0.109037
0.108914
0.108798
0.108686
0.108585
0.10849
0.108394
0.108311
0.108234
0.108164
0.108102
0.108058
0.108036
0.108003
0.107964
0.107927
0.107884
0.107833
0.107783
0.107747
0.107728
0.107721
0.10772
0.107737
0.107776
0.107814
0.107862
0.107917
0.107977
0.10804
0.108101
0.108157
0.108205
0.108241
0.108254
0.108265
0.108289
0.108321
0.10837
0.108407
0.108437
0.108452
0.108464
0.108475
0.108503
0.108548
0.108593
0.108628
0.108652
0.108679
0.108702
0.108715
0.108732
0.108738
0.108733
0.108703
0.108653
0.10857
0.108479
0.108366
0.108234
0.108094
0.107953
0.107818
0.10769
0.107588
0.107494
0.107423
0.107362
0.107324
0.107285
0.107271
0.10728
0.107318
0.107364
0.107413
0.107468
0.107533
0.107602
0.107668
0.10775
0.107834
0.107937
0.108044
0.108133
0.108209
0.108276
0.108326
0.108368
0.108388
0.108376
0.108348
0.108313
0.108272
0.108234
0.108185
0.108133
0.108065
0.108001
0.107941
0.10787
0.107805
0.107747
0.107712
0.107683
0.107683
0.10771
0.107755
0.107797
0.107829
0.107866
0.10789
0.107919
0.107945
0.107987
0.108041
0.108103
0.108161
0.108226
0.108291
0.108334
0.108364
0.108381
0.108387
0.108383
0.108361
0.108335
0.108302
0.108274
0.108251
0.108238
0.108222
0.108225
0.108233
0.108247
0.108276
0.1083
0.108322
0.10835
0.108375
0.108387
0.108385
0.108369
0.108346
0.108316
0.108293
0.108263
0.10822
0.108168
0.108103
0.108062
0.108036
0.108029
0.108048
0.108078
0.108109
0.108135
0.108169
0.108223
0.108289
0.108359
0.108411
0.108425
0.108426
0.108404
0.108365
0.108298
0.108212
0.108115
0.108023
0.107937
0.107848
0.107768
0.107695
0.107643
0.107616
0.107591
0.107568
0.107567
0.107583
0.107586
0.107587
0.107564
0.107538
0.107504
0.107471
0.107423
0.107356
0.10728
0.107208
0.107137
0.107055
0.106977
0.106891
0.106798
0.106704
0.106605
0.106504
0.106404
0.106315
0.106219
0.106134
0.106049
0.105956
0.105847
0.10576
0.105705
0.105661
0.105623
0.105594
0.105587
0.10559
0.105624
0.105686
0.105758
0.105829
0.105889
0.105929
0.105956
0.105987
0.106008
0.106018
0.106024
0.106017
0.105977
0.105925
0.105882
0.105838
0.105794
0.105756
0.105698
0.105624
0.105553
0.105498
0.105441
0.10539
0.105347
0.105307
0.105261
0.105206
0.105156
0.105116
0.105101
0.105099
0.105109
0.105137
0.105195
0.105258
0.105329
0.105401
0.105481
0.105574
0.105667
0.10575
0.105839
0.105938
0.106039
0.106119
0.10617
0.106207
0.10625
0.106313
0.106373
0.10643
0.106498
0.106574
0.106647
0.106677
0.10668
0.106674
0.106663
0.106643
0.106598
0.106551
0.106497
0.106444
0.106383
0.106305
0.106245
0.106207
0.1062
0.10619
0.106145
0.106047
0.105902
0.105723
0.105487
0.105205
0.104927
0.104652
0.104391
0.104139
0.103908
0.103702
0.103543
0.103427
0.103342
0.103297
0.103336
0.103423
0.103523
0.103653
0.103839
0.104074
0.104354
0.104672
0.104995
0.10533
0.10568
0.106025
0.106341
0.106644
0.10691
0.107122
0.10727
0.107369
0.10745
0.107536
0.107646
0.107786
0.107903
0.107994
0.108049
0.108071
0.108012
0.107828
0.107535
0.107174
0.106794
0.106418
0.106066
0.105703
0.105334
0.104995
0.104725
0.104501
0.104322
0.10415
0.103999
0.103859
0.103738
0.103614
0.103492
0.103381
0.103309
0.103274
0.103284
0.103324
0.103413
0.103527
0.103664
0.103827
0.103953
0.104175
0.104332
0.104491
0.104676
0.104866
0.105053
0.105249
0.105425
0.105616
0.105845
0.106096
0.106355
0.106626
0.106906
