-3.05866e-06
-1.40363e-05
-4.13537e-05
-9.41595e-05
-0.00017658
-0.000300876
-0.000473248
-0.00070187
-0.000979892
-0.0013174
-0.00170345
-0.00213155
-0.00260087
-0.00312821
-0.00370241
-0.00434916
-0.00504459
-0.00580496
-0.00663802
-0.00753517
-0.00853993
-0.00966461
-0.0109104
-0.0122949
-0.013813
-0.0154804
-0.0172522
-0.0191455
-0.02112
-0.0231632
-0.0252613
-0.0274011
-0.0295399
-0.031691
-0.0338426
-0.0359715
-0.0380675
-0.0401293
-0.042124
-0.0440803
-0.0459802
-0.0478591
-0.0497147
-0.0515675
-0.053493
-0.0554414
-0.0574813
-0.0596291
-0.0618732
-0.0641808
-0.0665743
-0.069045
-0.0715532
-0.074119
-0.076697
-0.0792366
-0.0817701
-0.0842414
-0.0866767
-0.0890581
-0.0913859
-0.093679
-0.0959358
-0.0981364
-0.100271
-0.102484
-0.104682
-0.106908
-0.109144
-0.111352
-0.113525
-0.115627
-0.117705
-0.119648
-0.121523
-0.123255
-0.124911
-0.126473
-0.127948
-0.129396
-0.130855
-0.132252
-0.133692
-0.135091
-0.13649
-0.137897
-0.139199
-0.140557
-0.141932
-0.143322
-0.14476
-0.14621
-0.147689
-0.149148
-0.150574
-0.151976
-0.153338
-0.154657
-0.155904
-0.156978
-0.157961
-0.158914
-0.159704
-0.160338
-0.160823
-0.161191
-0.161282
-0.161233
-0.160978
-0.160505
-0.15991
-0.159143
-0.15824
-0.157122
-0.155899
-0.154505
-0.152943
-0.151214
-0.149279
-0.14719
-0.14488
-0.142261
-0.139459
-0.136442
-0.133271
-0.129843
-0.126199
-0.122479
-0.118671
-0.11472
-0.110632
-0.106505
-0.102333
-0.0980476
-0.0936332
-0.0890287
-0.0840866
-0.0790841
-0.0739617
-0.0687086
-0.0632696
-0.0577614
-0.0520382
-0.046197
-0.0401475
-0.0339389
-0.0276759
-0.0213766
-0.0150234
-0.00857397
-0.00202789
0.00455862
0.0110925
0.0177518
0.0243644
0.031017
0.0377006
0.0445877
0.0515203
0.0585405
0.0656968
0.0730741
0.0805337
0.0880962
0.0959498
0.10392
0.112008
0.120291
0.12897
0.137775
0.146899
0.156127
0.165646
0.175348
0.185311
0.195665
0.206294
0.217315
0.228524
0.239888
0.251489
0.263116
0.27497
0.286918
0.298868
0.31092
0.323027
0.335191
0.347474
0.359849
0.372169
0.384529
0.396919
0.409211
0.421493
0.433895
0.446303
0.458477
0.470624
0.482687
0.494598
0.506324
0.517757
0.528877
0.539699
0.550268
0.560855
0.571057
0.581237
0.591305
0.601028
0.610642
0.62002
0.62925
0.638387
0.647128
0.655712
0.664098
0.672412
0.680538
0.688393
0.696111
0.703795
0.71106
0.718352
0.72549
0.732449
0.739208
0.745782
0.752108
0.758209
0.764118
0.76991
0.775571
0.780987
0.786084
0.791107
0.796062
0.800711
0.80514
0.809731
0.814332
0.818686
0.822966
0.82743
0.831772
0.83636
0.841064
0.845661
0.850075
0.854606
0.859207
0.86385
0.868337
0.872501
0.876705
0.880808
0.884893
0.888677
0.892496
0.896143
0.899685
0.902938
0.906056
0.909143
0.912184
0.915206
0.918115
0.920897
0.923815
0.926623
0.929543
0.932248
0.935102
0.937763
0.940336
0.942863
0.945291
0.94762
0.949675
0.951688
0.953439
0.955155
0.956864
0.958505
0.959992
0.961332
0.96283
0.964174
0.965399
0.966535
0.967576
0.968593
0.969706
0.970702
0.971462
0.972371
0.972984
0.973652
0.974333
0.974797
0.975272
0.975463
0.975602
0.975822
0.975836
0.975874
0.975779
0.975905
0.975964
0.976076
0.97602
0.976028
0.976216
0.97625
0.976398
0.976326
0.976233
0.976316
0.976253
0.975936
0.975745
0.975489
0.975036
0.974433
0.973981
0.973393
0.972657
0.972015
0.971153
0.97037
0.969704
0.968813
0.968171
0.967321
0.966542
0.965535
0.9647
0.9638
0.962943
0.961991
0.961217
0.960518
0.960068
0.959231
0.958859
0.958288
0.957858
0.957441
0.957216
0.957157
0.957111
0.957189
0.957411
0.95762
0.957856
0.958172
0.958206
0.958469
0.958769
0.959026
0.959236
0.959271
0.959709
0.959919
0.960236
0.960591
0.961009
0.961505
0.962164
0.962893
0.963679
0.964449
0.965093
0.965766
0.96643
0.967284
0.968219
0.969109
0.970098
0.971142
0.971929
0.972964
0.973799
0.974885
0.975984
0.97688
0.977912
0.97909
0.980204
0.981238
0.982282
0.983062
0.983938
0.984603
0.985456
0.98615
0.986688
0.987142
0.987456
0.987497
0.987363
0.987378
0.98732
0.986834
0.986537
0.985991
0.985348
0.984347
0.983885
0.983094
0.982488
0.98189
0.981088
0.980081
0.979179
0.978161
0.977197
0.976163
0.97504
0.973845
0.97254
0.971077
0.969448
0.968157
0.966712
0.9649
0.96318
0.961609
0.95956
0.957798
0.955732
0.953926
0.952176
0.950332
0.948716
0.946978
0.945541
0.94394
0.942559
0.941069
0.939574
0.93811
0.936771
0.935552
0.93419
0.93328
0.931832
0.930959
0.929872
0.928649
0.927335
0.926207
0.92499
0.923581
0.922277
0.920545
0.919089
0.917292
0.915433
0.913674
0.912051
0.91005
0.908271
0.906559
0.904992
0.90342
0.90198
0.900695
0.899509
0.898094
0.896897
0.895968
0.894998
0.8941
0.893194
0.892599
0.89217
0.891757
0.891275
0.890816
0.890264
0.890297
0.890228
0.890109
0.890149
0.890134
0.890449
0.890901
0.891434
0.891928
0.892467
0.893115
0.893702
0.89426
0.894529
0.894936
0.895525
0.896117
0.896503
0.896855
0.897079
0.897349
0.897912
0.89813
0.898451
0.898893
0.899465
0.899714
0.900092
0.900591
0.901179
0.901769
0.902853
0.903906
0.904922
0.906119
0.907544
0.909048
0.910343
0.91178
0.913556
0.91536
0.917069
0.918347
0.919656
0.921006
0.922055
0.923409
0.924788
0.925893
0.927107
0.928241
0.929309
0.930571
0.931762
0.932579
0.933818
0.935038
0.936535
0.937818
0.939396
0.940965
0.942297
0.943858
0.945508
0.947181
0.948966
0.95051
0.952141
0.953443
0.9547
0.956082
0.957101
0.958139
0.958973
0.960023
0.960585
0.961163
0.961763
0.962157
0.962649
0.962988
0.963381
0.963678
0.963849
0.96383
0.963651
0.963694
0.963548
0.963343
0.96316
0.963136
0.962815
0.962551
0.962205
0.961727
0.961438
0.961091
0.960743
0.96033
0.960046
0.95958
0.959107
0.958934
0.95844
0.957836
0.957366
0.956954
0.956628
0.956213
0.956028
0.955899
0.955847
0.956011
0.956227
0.956999
0.957553
0.958829
0.960417
0.961733
0.963164
0.964878
0.967197
0.969364
0.971811
0.974449
0.977046
0.97971
0.982357
0.985085
0.988031
0.991167
0.994237
0.99705
1.00017
1.00303
1.00604
1.00888
1.01171
1.01471
1.01729
1.02012
1.0227
1.02531
1.0276
1.02955
1.03163
1.0332
1.03476
1.03623
1.03754
1.03854
1.03924
1.03991
1.04019
1.04055
1.04092
1.04101
1.04145
1.04165
1.04139
1.04107
1.04097
1.04069
1.04009
1.03956
1.03923
1.03872
1.03806
1.03767
1.03728
1.03656
1.03539
1.03408
1.03257
1.03053
1.02823
1.02597
1.02338
1.02053
1.01773
1.01425
1.01082
1.0069
1.00359
0.999562
0.99576
0.991836
0.987635
0.983753
0.98003
0.976026
0.972499
0.969289
0.966057
0.962956
0.959727
0.956971
0.954144
0.951038
0.948727
0.946378
0.944348
0.941849
0.939449
0.93703
0.934778
0.932644
0.930471
0.928201
0.925765
0.923489
0.921433
0.919008
0.916801
0.914902
0.912957
0.911271
0.9091
0.906976
0.904917
0.902916
0.901045
0.899998
0.898095
0.896634
0.895158
0.893856
0.892431
0.891302
0.890436
0.889848
0.888865
0.888019
0.887989
0.888229
0.888375
0.889163
0.888614
0.888769
0.889689
0.886863
0.885125
0.883919
0.881882
0.879647
0.877284
0.876239
0.874224
0.871868
0.869589
0.867186
0.864637
0.861873
0.858794
0.85599
0.852831
0.849922
0.847193
0.844466
0.842485
0.841098
0.839538
0.838194
0.83773
0.837754
0.838201
0.839374
0.841064
0.843115
0.846081
0.850008
0.855297
0.860081
0.866593
0.872751
0.879843
0.887365
0.895425
0.90481
0.914698
0.928266
0.939169
0.950506
0.961815
0.974265
0.987186
1.00034
1.01385
1.02738
1.04169
1.05572
1.06949
1.0839
1.09892
1.11468
1.13077
1.14699
1.16324
1.17979
1.19683
1.214
1.23179
1.25053
1.26963
1.28898
1.30837
1.32869
1.34955
1.37086
1.39285
1.41512
1.43826
1.46196
1.48626
1.51122
1.53655
1.56188
1.58813
1.61402
1.64043
1.66662
1.69296
1.71947
1.74536
1.77111
1.79661
1.82114
1.84466
1.86791
1.89035
1.9115
1.93133
1.94954
1.96626
1.98274
1.99759
2.0118
2.02411
2.03549
2.04545
2.05422
2.06087
2.06677
2.07139
2.07414
2.07543
2.07498
2.07322
2.06936
2.0631
2.05515
2.0448
2.03203
2.01733
2.00112
1.98205
1.96023
1.93642
1.91063
1.88166
1.85139
1.81929
1.78607
1.75164
1.71582
1.67845
1.64015
1.60078
1.56004
1.51851
1.47498
1.43202
1.38681
1.34025
1.29251
1.24384
1.19366
1.14245
1.0889
1.03403
0.977222
0.918932
0.859003
0.797768
0.734325
0.669006
0.602176
0.534097
0.464532
0.393631
0.321194
0.248211
0.174339
0.099367
0.0240728
-0.0518531
-0.12694
-0.202948
-0.280678
-0.357439
-0.434272
-0.510717
-0.586227
-0.660954
-0.734874
-0.807636
-0.879166
-0.948662
-1.015
-1.08072
-1.14409
-1.20564
-1.26617
-1.32448
-1.37993
-1.43388
-1.48622
-1.53701
-1.58625
-1.63358
-1.67847
-1.72085
-1.76145
-1.80042
-1.83726
-1.87151
-1.90347
-1.93308
-1.96016
-1.9856
-2.0091
-2.02972
-2.04975
-2.06884
-2.08733
-2.10378
-2.11878
-2.13214
-2.14392
-2.15455
-2.16356
-2.17224
-2.18031
-2.18709
-2.19278
-2.19764
-2.20179
-2.20429
-2.20483
-2.20398
-2.20171
-2.19842
-2.19365
-2.1888
-2.18411
-2.1689
-2.16796
-2.16097
-2.15547
-2.15248
-2.14726
-2.14226
-2.1371
-2.13293
-2.12972
-2.12629
-2.12281
-2.11912
-2.11717
-2.11629
-2.11417
-2.11374
-2.11406
-2.11392
-2.11524
-2.11443
-2.11713
-2.11888
-2.12182
-2.12402
-2.12718
-2.13085
-2.13724
-2.14548
-2.15691
-2.16243
-2.17224
-2.18167
-2.19434
-2.20628
-2.22243
-2.23886
-2.25897
-2.27908
-2.29988
-2.31879
-2.33562
-2.35096
-2.36692
-2.38258
-2.39598
-2.40954
-2.42311
-2.43622
-2.4533
-2.46751
-2.48096
-2.49387
-2.50287
-2.50877
-2.5164
-2.52052
-2.52025
-2.51715
-2.50973
-2.50308
-2.49871
-2.49289
-2.48369
-2.4704
-2.45863
-2.44066
-2.42314
-2.40679
-2.38703
-2.37054
-2.35128
-2.33045
-2.30845
-2.29102
-2.26751
-2.24437
-2.218
-2.18295
-2.14898
-2.11158
-2.07268
-2.03109
-1.99119
-1.95349
-1.91013
-1.86665
-1.82216
-1.77483
-1.72645
-1.68017
-1.62928
-1.58488
-1.54004
-1.49512
-1.44944
-1.40638
-1.36578
-1.32522
-1.28358
-1.24182
-1.20208
-1.16168
-1.12375
-1.08632
-1.05017
-1.01387
-0.981748
-0.950231
-0.919781
-0.889117
-0.860109
-0.831813
-0.801628
-0.776394
-0.749612
-0.727771
-0.706753
-0.685462
-0.669634
-0.650514
-0.633075
-0.616705
-0.60039
-0.583111
-0.566874
-0.546792
-0.539009
-0.521966
-0.512045
-0.495756
-0.481062
-0.467638
-0.452905
-0.438443
-0.424782
-0.406419
-0.388205
-0.371136
-0.353193
-0.335247
-0.318677
-0.301625
-0.284178
-0.266352
-0.250414
-0.231993
-0.214425
-0.196082
-0.17765
-0.160305
-0.142607
-0.125143
-0.106947
-0.0874051
-0.0639578
-0.0463604
-0.0288957
-0.0125755
0.00311851
0.0191904
0.0352568
0.0507714
0.0648819
0.0797079
0.0934604
0.107295
0.125251
0.138834
0.152035
0.164367
0.178828
0.19281
0.206093
0.219852
0.231922
0.243572
0.253563
0.264304
0.276434
0.289093
0.30252
0.314484
0.326824
0.339752
0.351997
0.364875
0.376986
0.392021
0.404103
0.417623
0.430959
0.442148
0.455525
0.466963
0.477129
0.49017
0.500419
0.515253
0.529324
0.54009
0.549929
0.564152
0.574269
0.587918
0.595024
0.605295
0.616182
0.628507
0.636121
0.646465
0.656823
0.665765
0.672446
0.680389
0.68808
0.696916
0.706991
0.717251
0.72609
0.732718
0.741268
0.74812
0.753212
0.763544
0.771243
0.778152
0.78548
0.790554
0.795753
0.80385
0.80789
0.811899
0.819127
0.825649
0.829717
0.830326
0.834701
0.842844
0.846834
0.853057
0.856355
0.862495
0.870118
0.872866
0.883337
0.894412
0.906439
0.917463
0.925933
0.938747
0.951687
0.963327
0.976334
0.99118
1.00614
1.0208
1.04264
1.05661
1.06788
1.07817
1.09105
1.10135
1.10801
1.11869
1.12734
1.13271
1.14312
1.15219
1.1587
1.16754
1.17277
1.18077
1.18518
1.19505
1.20503
1.21332
1.21841
1.22241
1.22981
1.23843
1.24427
1.25051
1.25806
1.26773
1.27711
1.28705
1.29447
1.30474
1.31187
1.32305
1.33468
1.34848
1.36043
1.37676
1.39122
1.40475
1.42207
1.43819
1.45597
1.47377
1.48549
1.49874
1.51394
1.5318
1.54824
1.56186
1.57462
1.58422
1.59682
1.61311
1.62248
1.63779
1.6499
1.65884
1.67125
1.68346
1.69024
1.70058
1.7122
1.72284
1.73464
1.7441
1.75054
1.76362
1.7696
1.78213
1.7912
1.8041
1.81559
1.82689
1.83852
1.84666
1.85691
1.86832
1.87562
1.88357
1.8913
1.89636
1.90129
1.90609
1.91489
1.91776
1.91903
1.92391
1.92496
1.92959
1.93761
1.94116
1.94617
1.95033
1.95706
1.96209
1.97171
1.98168
1.98688
1.99304
2.00026
2.00665
2.0132
2.01903
2.02346
2.02787
2.02926
2.03755
2.04024
2.04973
2.05839
2.06602
2.06775
2.07229
2.07579
2.07835
2.07984
2.08322
2.08548
2.0892
2.09346
2.09392
2.09556
2.09612
2.09491
2.08909
2.09132
2.09257
2.09305
2.09899
2.10052
2.10698
2.10793
2.10832
2.11089
2.11124
2.10872
2.11116
2.11501
2.11322
2.11623
2.1181
2.11988
2.11536
2.11105
2.11299
2.1147
2.11533
2.11342
2.11369
2.11669
2.11724
2.11657
2.1162
2.1166
2.11658
2.11104
2.11121
2.10756
2.10144
2.09494
2.08666
2.08005
2.07589
2.06598
2.05794
2.04897
2.03914
2.03066
2.02065
2.01141
2.00566
1.99517
1.98871
1.98313
1.97837
1.96891
1.95959
1.95423
1.95067
1.94815
1.94893
1.94109
1.94105
1.93331
1.92568
1.92385
1.92231
1.91951
1.91709
1.91499
1.90953
1.90355
1.89865
1.89231
1.89073
1.88908
1.88673
1.88976
1.88559
1.88631
1.88184
1.88028
1.87571
1.87803
1.87444
1.87493
1.87953
1.88134
1.88146
1.8809
1.88526
1.88872
1.88959
1.89301
1.88751
1.88872
1.88811
1.89237
1.89737
1.89676
1.89397
1.89538
1.89483
1.8957
1.8927
1.89336
1.892
1.89065
1.89451
1.89422
1.89521
1.89452
1.89211
1.89113
1.89245
1.89013
1.8874
1.89416
1.8931
1.89644
1.90221
1.90552
1.91134
1.9159
1.91737
1.92464
1.92693
1.93449
1.9494
1.95513
1.96711
1.97383
1.98246
1.98987
1.99847
2.00606
2.0103
2.0357
2.03842
2.04828
2.05921
2.07216
2.06754
2.06747
2.06541
2.06374
2.07015
2.06664
2.08486
2.08602
2.09635
2.11124
2.12436
2.13365
2.14576
2.15513
2.16295
2.17177
2.17756
2.18425
2.18845
2.1926
2.19568
2.19974
2.20054
2.20195
2.20343
2.20392
2.2055
2.20573
2.20505
2.20688
2.20566
2.20561
2.20415
2.2014
2.20081
2.19894
2.19552
2.19065
2.18336
2.17721
2.16901
2.16285
2.15505
2.14749
2.13986
2.1339
2.12753
2.12151
2.11367
2.10703
2.10215
2.09814
2.09172
2.0891
2.08704
2.08568
2.08523
2.08424
2.08506
2.08675
2.09054
2.09358
2.09864
2.10387
2.10947
2.11585
2.1233
2.13311
2.14243
2.1527
2.16166
2.17381
2.18695
2.20032
2.21536
2.23237
2.25124
2.27139
2.29263
2.31606
2.34109
2.36778
2.39676
2.42739
2.45957
2.49324
2.52832
2.56494
2.60186
2.63988
2.67994
2.72146
2.76408
2.80645
2.8504
2.89587
2.94056
2.98649
3.03205
3.07813
3.12411
3.16992
3.21483
3.25885
3.30265
3.34667
3.3897
3.43277
3.47512
3.51705
3.55949
3.60145
3.64375
3.68712
3.73138
3.77697
3.82367
3.87112
3.9193
3.96789
4.01717
4.06643
4.11645
4.16759
4.21824
4.2682
4.31641
4.36467
4.41172
4.45524
4.49837
4.54132
4.5828
4.62256
4.65955
4.69443
4.72769
4.75869
4.78808
4.81699
4.84386
4.86813
4.88957
4.90878
4.92632
4.94244
4.95803
4.97389
4.9886
5.00322
5.01801
5.03219
5.04617
5.05867
5.07087
5.08204
5.09088
5.09906
5.10672
5.11447
5.12035
5.12357
5.12427
5.12242
5.1186
5.11377
5.10713
5.09805
5.08713
5.07255
5.05595
5.03802
5.01881
4.99883
4.97961
4.96
4.93806
4.91599
4.89364
4.87173
4.84703
4.82051
4.79208
4.76321
4.73482
4.70445
4.67195
4.63672
4.59929
4.56009
4.51883
4.4778
4.43629
4.39653
4.35797
4.32086
4.28459
4.24889
4.21265
4.18014
4.15008
4.1242
4.09777
4.07395
4.04797
4.02415
4.00412
3.98689
3.97372
3.96479
3.95742
3.95185
3.94656
3.94264
3.94072
3.94008
3.94318
3.94783
3.95367
3.96502
3.97734
3.9955
4.01369
4.03551
4.05967
4.08634
4.11503
4.14788
4.18427
4.22965
4.27511
4.32404
4.37529
4.4309
4.48947
4.55309
4.61856
4.68583
4.7551
4.83012
4.9014
4.97345
5.05232
5.12958
5.20726
5.28942
5.36781
5.44354
5.51834
5.59213
5.66742
5.74755
5.82805
5.9095
5.99752
6.08869
6.18176
6.27529
6.36659
6.45531
6.53957
6.62133
6.70979
6.79849
6.88188
6.96789
7.05813
7.14881
7.23491
7.32719
7.42891
7.52918
7.62721
7.72564
7.82232
7.9155
8.00733
8.1038
8.19395
8.29071
8.38163
8.47484
8.57177
8.66642
8.76236
8.855
8.95191
9.04741
9.14258
9.23586
9.32597
9.41943
9.51827
9.62032
9.72005
9.81633
9.91113
10.0072
10.0965
10.1768
10.2661
10.3574
10.4508
10.5447
10.6392
10.7395
10.8492
10.9537
11.0587
11.1637
11.273
11.3799
11.4861
11.5912
11.7003
11.8111
11.9198
12.0323
12.1418
12.2509
12.362
12.4704
12.5789
12.6816
12.7824
12.8801
12.983
13.0921
13.1961
13.2938
13.395
13.4931
13.5901
13.6915
13.7858
13.8854
13.986
14.0862
14.1851
14.2842
14.3838
14.4822
14.5808
14.6781
14.7745
14.8674
14.9623
15.052
15.145
15.2363
15.3257
15.4113
15.4928
15.5715
15.6512
15.7312
15.813
15.8881
15.9655
16.0413
16.114
16.1865
16.2603
16.3294
16.3979
16.4688
16.5374
16.6018
16.6621
16.7245
16.7812
16.8333
16.8831
16.9366
16.9892
17.0371
17.0836
17.1294
17.1738
17.2128
17.2557
17.2971
17.3367
17.3738
17.406
17.4438
17.4752
17.5097
17.5418
17.5758
17.6109
17.6457
17.6793
17.7145
17.7489
17.7808
17.8076
17.8382
17.8654
17.8898
17.9152
17.9375
17.9629
17.9912
18.0145
18.0369
18.0542
18.0705
18.0902
18.1063
18.1169
18.1318
18.147
18.1638
18.1859
18.2053
18.2237
18.2431
18.2608
18.2777
18.2915
18.3047
18.3167
18.3304
18.3429
18.3589
18.3727
18.3846
18.3943
18.3983
18.4097
18.4206
18.4295
18.4403
18.4469
18.4567
18.4654
18.4684
18.4777
18.4858
18.4956
18.5041
18.5068
18.5126
18.517
18.5211
18.525
18.5278
18.5261
18.5264
18.5293
18.53
18.5312
18.5374
18.5386
18.5447
18.5404
18.5414
18.5373
18.5367
18.5345
18.5301
18.5264
18.5264
18.5254
18.5191
18.5145
18.5128
18.511
18.5043
18.4977
18.4911
18.4874
18.4847
18.4816
18.4791
18.4726
18.471
18.4662
18.4659
18.4653
18.4666
18.4659
18.4648
18.4623
18.4641
18.4653
18.4661
18.4646
18.4637
18.4626
18.4602
18.4578
18.4511
18.4484
18.4455
18.4414
18.4374
18.4376
18.4331
18.4304
18.4227
18.4218
18.4176
18.4134
18.4139
18.4081
18.4086
18.4059
18.4049
18.3996
18.3962
18.3948
18.3903
18.3845
18.3838
18.3764
18.3713
18.3651
18.3529
18.3444
18.3366
18.3297
18.3247
18.318
18.3051
18.2954
18.2926
18.2841
18.2772
18.2719
18.2644
18.2565
18.2484
18.2407
18.2332
18.2293
18.2223
18.2157
18.2082
18.203
18.2047
18.1949
18.1929
18.1864
18.1808
18.1803
18.1725
18.1681
18.1678
18.1604
18.1561
18.1524
18.1505
18.1452
18.1418
18.1372
18.137
18.1321
18.1263
18.1195
18.1134
18.1074
18.1058
18.0959
18.0871
18.0754
18.0747
18.0675
18.0627
18.057
18.0502
18.0434
18.0387
18.0352
18.0323
18.0287
18.025
18.0202
18.0158
18.0102
18.0099
18.0084
18.0063
18.0001
17.9892
17.9832
17.9813
17.9796
17.9769
17.9726
17.9675
17.9589
17.9492
17.9339
17.9254
17.9193
17.9129
17.9043
17.8979
17.8924
17.8859
17.8833
17.8788
17.8792
17.8776
17.8698
17.8607
17.8517
17.8491
17.8413
17.8335
17.8313
17.826
17.8225
17.8164
17.8092
17.8007
17.794
17.7826
17.7759
17.7705
17.7656
17.7567
17.7466
17.736
17.7174
17.7033
17.6893
17.6708
17.6605
17.6514
17.6444
17.6376
17.6298
17.6191
17.6158
17.6092
17.6085
17.6013
17.5885
17.5754
17.5643
17.5505
17.5367
17.5268
17.514
17.5012
17.4851
17.4692
17.4537
17.4398
17.4265
17.418
17.408
17.3987
17.392
17.3825
17.3746
17.3693
17.3645
17.3611
17.35
17.3493
17.3413
17.3371
17.3298
17.3273
17.3239
17.3184
17.3075
17.3021
17.2926
17.2855
17.2822
17.2799
17.2802
17.2772
17.2724
17.2647
17.259
17.2541
17.249
17.2431
17.2367
17.2295
17.2179
17.2118
17.2113
17.2034
17.1954
17.1815
17.1701
17.16
17.1467
17.1331
17.1161
17.1009
17.0857
17.0682
17.0481
17.0273
17.0071
16.9845
16.9635
16.9433
16.9222
16.8989
16.8743
16.8457
16.8231
16.8029
16.7819
16.7578
16.7349
16.7111
16.6878
16.6609
16.6334
16.6064
16.5791
16.5533
16.5249
16.4974
16.4693
16.4418
16.4135
16.3859
16.359
16.3242
16.3108
16.2896
16.2602
16.2313
16.1981
16.164
16.1285
16.0915
16.053
16.0152
15.975
15.9326
15.8873
15.8428
15.7949
15.7454
15.6958
15.6466
15.5943
15.541
15.4853
15.4282
15.3712
15.3109
15.2505
15.1884
15.1249
15.0609
14.9943
14.9264
14.8571
14.7871
14.7156
14.6429
14.5697
14.495
14.4184
14.3408
14.263
14.1843
14.1071
14.0288
13.9513
13.8757
13.8009
13.7271
13.6544
13.5823
13.5111
13.4412
13.3729
13.3047
13.2364
13.1698
13.1036
13.038
12.9738
12.907
12.8421
12.7795
12.7175
12.6567
12.5978
12.5396
12.4833
12.4279
12.3741
12.3226
12.2728
12.2244
12.1777
12.1331
12.0903
12.0498
12.0114
11.9751
11.9411
11.9098
11.8794
11.8507
11.8237
11.799
11.7761
11.7555
11.7346
11.7159
11.6968
11.6792
11.6617
11.6433
11.6245
11.6049
11.5846
11.5642
11.5431
11.5227
11.5019
11.48
11.4574
11.4336
11.4089
11.3835
11.3571
11.3295
11.302
11.2739
11.2457
11.217
11.1876
11.1577
11.1277
11.0976
11.0676
11.0369
11.0071
10.9774
10.9471
10.9175
10.8886
10.8609
10.833
10.8054
10.7786
10.7532
10.729
10.7061
10.685
10.6658
10.6478
10.6302
10.6149
10.6001
10.5868
10.5741
10.5622
10.5506
10.5404
10.5298
10.5198
10.5102
10.5006
10.4918
10.4836
10.4752
10.4672
10.4598
10.4532
10.447
10.4413
10.4362
10.4309
10.4258
10.4211
10.4171
10.4142
10.4111
10.4086
10.4067
10.4051
10.4041
10.4031
10.4024
10.401
10.4004
10.3999
10.3999
10.3987
10.3984
10.3971
10.396
10.3947
10.3936
10.3922
10.3905
10.3878
10.385
10.3825
10.3797
10.3765
10.373
10.3695
10.3655
10.3609
10.3551
10.3487
10.3419
10.334
10.3257
10.3171
10.3081
10.2988
10.2891
10.2789
10.2684
10.258
10.2473
10.2358
10.2247
10.2128
10.2017
10.1905
10.1791
10.1678
10.1568
10.1451
10.1345
10.124
10.1134
10.1039
10.0944
10.0847
10.0751
10.0667
10.0574
10.048
10.0395
10.0313
10.0239
10.0165
10.0094
10.003
9.99772
9.99197
9.98758
9.98359
9.98021
9.97704
9.97423
9.97161
9.96922
9.967
9.96534
9.9637
9.96202
9.96011
9.95808
9.95602
9.95431
9.95189
9.94989
9.94788
9.94569
9.94351
9.94135
9.93975
9.93831
9.93726
9.93626
9.93591
9.9348
9.93471
9.9353
9.93572
9.93618
9.93712
9.93816
9.93952
9.94094
9.94279
9.94491
9.94705
9.94947
9.95181
9.95378
9.95597
9.95787
9.95984
9.9619
9.9641
9.9661
9.96757
9.96958
9.97167
9.97364
9.97593
9.97798
9.98049
9.98176
9.98364
9.98564
9.98714
9.98917
9.99117
9.99323
9.99528
9.99796
10.0005
10.0035
10.0064
10.0093
10.013
10.0161
10.0191
10.0227
10.0264
10.0303
10.0342
10.0382
10.0425
10.0467
10.0505
10.0544
10.0576
10.0609
10.0646
10.0682
10.0719
10.0742
10.0771
10.0798
10.0823
10.0847
10.0868
10.0885
10.0901
10.0921
10.0932
10.0945
10.0957
10.0969
10.099
10.1007
10.1016
10.1022
10.1031
10.1046
10.1054
10.1066
10.1083
10.1103
10.1123
10.1146
10.1164
10.1184
10.1201
10.1221
10.1245
10.1268
10.1291
10.1309
10.1329
10.1347
10.1368
10.1381
10.1396
10.1412
10.1428
10.1442
10.145
10.1461
10.1471
10.1486
10.1503
10.1518
10.1536
10.1551
10.1574
10.1602
10.1622
10.1653
10.168
10.1717
10.175
10.1788
10.1823
10.1865
10.1908
10.1951
10.2
10.205
10.2098
10.2152
10.2201
10.2249
10.2294
10.2346
10.2395
10.2445
10.2489
10.2535
10.2567
10.2605
10.2635
10.2662
10.2678
10.2695
10.2709
10.2716
10.2723
10.2721
10.2718
10.2713
10.27
10.2686
10.2679
10.2665
10.2646
10.2631
10.2608
10.2595
10.2573
10.255
10.2531
10.2508
10.2485
10.2458
10.2427
10.2395
10.2367
10.2331
10.2295
10.2264
10.2227
10.2191
10.2153
10.2123
10.2084
10.2042
10.2001
10.196
10.1921
10.1884
10.1845
10.1807
10.1765
10.1729
10.1694
10.1659
10.1623
10.1592
10.1558
10.1522
10.1489
10.146
10.1436
10.1404
10.1374
10.1349
10.132
10.1292
10.1269
10.1244
10.1217
10.1192
10.1165
10.1142
10.1117
10.1093
10.1071
10.105
10.1023
10.1003
10.0983
10.0959
10.0938
10.0919
10.0896
10.0879
10.0855
10.0836
10.0814
10.0793
10.0768
10.0742
10.0722
10.0696
10.0676
10.0648
10.0629
10.0608
10.0589
10.0566
10.0536
10.0515
10.0495
10.0465
10.0438
10.0406
10.0381
10.0356
10.0333
10.0308
10.0284
10.0257
10.024
10.0213
10.0192
10.0169
10.0146
10.0125
10.011
10.0094
10.0077
10.0058
10.0042
10.0023
10.0011
10.0006
10.0003
9.9998
9.9995
10.0001
10.0001
10.0009
10.002
10.0018
10.0023
10.0029
10.0027
10.0028
10.0025
10.0015
10.0008
9.99986
9.99817
9.99655
9.99465
9.99277
9.9901
9.98715
9.98416
9.98083
9.97731
9.97293
9.96955
9.96448
9.96062
9.957
9.95343
9.9501
9.94668
9.94329
9.94038
9.93829
9.93685
9.93526
9.93409
9.93351
9.93327
9.93371
9.93554
9.93883
9.94289
9.94776
9.95423
9.96214
9.97151
9.9822
9.99527
10.0096
10.0263
10.0448
10.0654
10.0879
10.1131
10.1403
10.1705
10.2019
10.2362
10.2726
10.3114
10.3532
10.3975
10.4439
10.4936
10.5459
10.6009
10.6595
10.7212
10.7864
10.8556
10.9287
11.0053
11.0849
11.1691
11.2553
11.3448
11.4361
11.5351
11.6367
11.7411
11.8504
11.9634
12.0799
12.2009
12.3254
12.4534
12.5877
12.7266
12.8708
13.0193
13.172
13.3289
13.4905
13.6574
13.8291
14.0046
14.1844
14.3679
14.5555
14.7465
14.9397
15.1363
15.3378
15.5432
15.7507
15.962
16.1759
16.3924
16.6119
16.8349
17.0612
17.2912
17.5251
17.7634
18.0044
18.2493
18.4979
18.7497
19.0043
19.262
19.5225
19.7869
20.0545
20.3255
20.5985
20.8721
21.15
21.4308
21.7119
21.9996
22.2884
22.5788
22.8717
23.1695
23.4669
23.7662
24.068
24.371
24.6747
24.9801
25.2874
25.5972
25.9084
26.2204
26.5351
26.8495
27.1652
27.481
27.7985
28.1163
28.4359
28.7568
29.0776
29.3997
29.7229
30.0461
30.3705
30.6962
31.023
31.3513
31.6817
32.0122
32.3453
32.6803
33.0161
33.3578
33.6993
34.0422
34.3882
34.7359
35.0865
35.4404
35.7957
36.1544
36.5154
36.8792
37.2479
37.6178
37.9905
38.3653
38.7449
39.1263
39.5111
39.8992
40.2898
40.6838
41.0804
41.4786
41.8842
42.2908
42.7001
43.1115
43.5234
43.9375
44.3533
44.7698
45.1875
45.6053
46.0233
46.4437
46.8653
47.2871
47.7099
48.1341
48.558
48.9835
49.4085
49.8351
50.2619
50.6905
51.1219
51.5546
51.9872
52.424
52.8607
53.3007
53.74
54.1796
54.6216
55.0657
55.5122
55.9606
56.4115
56.8645
57.3184
57.7768
58.2401
58.6998
59.1596
59.6203
60.0818
60.5429
61.0029
61.4628
61.9224
62.3828
62.8422
63.3001
63.7581
64.2144
64.6698
65.1226
65.5728
66.0225
66.4661
66.9056
67.3435
67.7791
68.2112
68.6383
69.0622
69.4827
69.8999
70.3133
70.7237
71.1313
71.5356
71.9368
72.3346
72.7297
73.1216
73.5104
73.8978
74.282
74.664
75.0431
75.4199
75.7936
76.1644
76.5332
76.8989
77.2621
77.6233
77.9816
78.3376
78.6906
79.0411
79.3889
79.7342
80.0779
80.4185
80.7559
81.0896
81.4189
81.7449
82.0667
82.3838
82.6965
83.0038
83.3066
83.6045
83.8977
84.1856
84.4686
84.7464
85.0195
85.2867
85.5488
85.8056
86.0572
86.3039
86.5456
86.7825
87.0146
87.2426
87.4666
87.6863
87.9019
88.1131
88.3209
88.5251
88.7252
88.9218
89.1144
89.3039
89.4907
89.6741
89.8545
90.0317
90.2057
90.3767
90.5447
90.7098
90.8717
91.0306
91.1861
91.3382
91.487
91.6324
91.775
91.9144
92.0508
92.1835
92.3128
92.4391
92.5624
92.6822
92.7988
92.9127
93.0239
93.1316
93.2377
93.3408
93.442
93.5409
93.6375
93.7327
93.826
93.9177
94.0077
94.0961
94.1835
94.2683
94.3515
94.4334
94.5136
94.5925
94.6694
94.744
94.8166
94.8872
94.9557
95.0215
95.0861
95.1487
95.2096
95.2688
95.3259
95.3821
95.4371
95.4904
95.5431
95.594
95.6438
95.6931
95.7411
95.7884
95.8344
95.8792
95.9229
95.9652
96.0063
96.046
96.0839
96.1211
96.1564
96.1912
96.2248
96.2562
96.2872
96.3174
96.3465
96.3746
96.4021
96.4286
96.4548
96.4804
96.506
96.531
96.5517
96.5765
96.6005
96.6237
96.6463
96.668
96.6892
96.7091
96.7281
96.7469
96.7651
96.7827
96.8003
96.8173
96.8336
96.8493
96.8641
96.8793
96.8931
96.9069
96.9202
96.9331
96.9456
96.9576
96.9695
96.9809
96.9919
97.0018
97.0116
97.021
97.03
97.0383
97.0463
97.0535
97.0608
97.0681
97.0748
97.0816
97.0877
97.0937
97.0998
97.1055
97.1112
97.1167
97.1218
97.1268
97.132
97.137
97.1422
97.1474
97.1529
97.1588
97.1646
97.1702
97.1757
97.1812
97.1859
97.1906
97.1948
97.1991
97.2032
97.2064
97.2097
97.2129
97.2152
97.2175
97.2196
97.2218
97.2234
97.2239
97.2258
97.2278
97.2285
97.2291
97.2301
97.2317
97.2328
97.2335
97.2347
97.2355
97.2366
97.2379
97.2383
97.2396
97.2406
97.2422
97.2431
97.2445
97.2464
97.2479
97.2496
97.251
97.252
97.2537
97.2552
97.257
97.2584
97.2599
97.2615
97.264
97.2665
97.2695
97.2722
97.2749
97.2782
97.2812
97.2846
97.2875
97.2909
97.2934
97.2962
97.2982
97.3004
97.3017
97.3017
97.302
97.3008
97.2992
97.2973
97.2946
97.2916
97.2888
97.2857
97.2826
97.2796
97.2772
97.2741
97.271
97.2673
97.264
97.2612
97.2583
97.2556
97.2533
97.2505
97.2472
97.2442
97.2409
97.2379
97.2353
97.2325
97.229
97.2254
97.2219
97.2177
97.2136
97.2094
97.2045
97.1991
97.1935
97.1871
97.1811
97.1749
97.1677
97.1601
97.1532
97.1462
97.1386
97.131
97.1239
97.1162
97.1079
97.1001
97.0923
97.0839
97.0766
97.0688
97.0612
97.0535
97.0461
97.0389
97.031
97.0229
97.0143
97.0056
96.9963
96.9873
96.9772
96.9671
96.9556
96.9431
96.9308
96.9178
96.9047
96.8906
96.8762
96.8618
96.8464
96.8311
96.8154
96.8
96.7837
96.7674
96.7514
96.7349
96.7181
96.7019
96.686
96.6697
96.6541
96.6385
96.6233
96.6074
96.592
96.5764
96.5606
96.5457
96.5306
96.5152
96.5004
96.4849
96.468
96.451
96.4345
96.4188
96.4017
96.3852
96.3684
96.3511
96.3337
96.3163
96.2986
96.2805
96.2621
96.2422
96.2221
96.201
96.1793
96.1564
96.1327
96.1067
96.0795
96.0498
96.0184
95.9852
95.9502
95.9135
95.8745
95.8327
95.7895
95.7407
95.6885
95.631
95.567
95.4968
95.4221
95.3387
95.2492
95.1548
95.0507
94.9408
94.8226
94.6978
94.5658
94.4272
94.2794
94.1271
93.9714
93.8103
93.6439
93.4739
93.3005
93.124
92.9449
92.7627
92.5779
92.3881
92.1952
91.9978
91.7974
91.5923
91.3817
91.1692
90.954
90.7355
90.5142
90.2897
90.062
89.8327
89.5993
89.3629
89.1246
88.8833
88.6405
88.3951
88.1465
87.8963
87.6439
87.3881
87.132
86.8738
86.6134
86.3497
86.0837
85.8157
85.5464
85.2738
84.9987
84.7222
84.4415
84.1585
83.8721
83.5822
83.2871
82.9899
82.6896
82.3873
82.0815
81.7771
81.4656
81.15
80.8284
80.5043
80.1781
79.8484
79.5138
79.1733
78.8293
78.4804
78.1187
77.7538
77.3825
77
76.613
76.2149
75.8094
75.395
74.9714
74.5357
74.092
73.6451
73.1931
72.7268
72.2535
71.7722
71.2834
70.7885
70.2846
69.7709
69.25
68.7234
68.1909
67.6551
67.1052
66.5526
65.9933
65.4247
64.8517
64.2728
63.6896
63.1014
62.5075
61.9076
61.303
60.6932
60.0781
59.4574
58.8341
58.2054
57.5727
56.9369
56.2992
55.6559
55.0086
54.3616
53.7103
53.0552
52.3946
51.73
51.0611
50.3895
49.714
49.0371
48.3597
47.6781
46.9962
46.3146
45.6293
44.9478
44.2659
43.5827
42.8989
42.2145
41.526
40.8364
40.1468
39.4528
38.7592
38.0628
37.3663
36.667
35.9672
35.2659
34.5664
33.8641
33.1587
32.4507
31.7433
31.0368
30.3286
29.6192
28.9072
28.1945
27.4804
26.7637
26.0433
25.324
24.6022
23.8768
23.1477
22.4172
21.6818
20.9468
20.2078
19.4651
18.7202
17.9725
17.2225
16.4666
15.7128
14.9533
14.1939
13.4313
12.6688
11.904
11.1371
10.37
9.60366
8.83709
8.06841
7.3015
6.53256
5.7646
4.99628
4.22765
3.4613
2.69441
1.92643
1.15891
0.39026
-0.377864
-1.14571
-1.914
-2.68193
-3.44807
-4.21509
-4.98111
-5.74674
-6.51104
-7.27347
-8.03493
-8.79464
-9.5526
-10.3067
-11.0607
-11.8104
-12.5581
-13.3017
-14.0425
-14.78
-15.5146
-16.245
-16.9716
-17.6953
-18.4152
-19.1309
-19.8443
-20.5533
-21.2594
-21.9612
-22.6611
-23.3574
-24.0494
-24.7379
-25.4229
-26.1053
-26.7853
-27.4596
-28.1302
-28.7971
-29.4612
-30.1208
-30.7773
-31.4295
-32.077
-32.72
-33.3586
-33.9918
-34.6207
-35.2454
-35.866
-36.4811
-37.093
-37.7012
-38.3047
-38.9043
-39.4998
-40.0915
-40.6787
-41.2612
-41.8402
-42.4153
-42.9865
-43.5553
-44.1194
-44.6794
-45.2362
-45.7889
-46.3385
-46.8837
-47.4237
-47.9601
-48.4925
-49.0215
-49.5448
-50.0638
-50.5797
-51.0914
-51.5991
-52.1025
-52.601
-53.0935
-53.583
-54.0667
-54.5444
-55.0178
-55.4852
-55.9461
-56.4017
-56.8511
-57.2953
-57.7338
-58.1663
-58.5937
-59.0163
-59.4337
-59.8456
-60.2523
-60.6537
-61.0499
-61.4404
-61.8266
-62.2071
-62.5833
-62.9537
-63.319
-63.6791
-64.0333
-64.3831
-64.7272
-65.0656
-65.3997
-65.7277
-66.051
-66.3691
-66.6821
-66.9901
-67.2935
-67.5916
-67.8848
-68.1735
-68.4564
-68.7352
-69.0086
-69.2777
-69.5424
-69.8029
-70.0593
-70.311
-70.5587
-70.802
-71.0414
-71.2767
-71.5072
-71.7339
-71.957
-72.1762
-72.3921
-72.6051
-72.8143
-73.0209
-73.224
-73.4233
-73.6193
-73.8123
-74.0023
-74.1895
-74.3726
-74.5531
-74.7309
-74.9051
-75.0768
-75.2454
-75.411
-75.5734
-75.7332
-75.8894
-76.0428
-76.1935
-76.3416
-76.4863
-76.6288
-76.7678
-76.9038
-77.0364
-77.1674
-77.2959
-77.4218
-77.546
-77.6685
-77.788
-77.9061
-78.0221
-78.1361
-78.2478
-78.3572
-78.4642
-78.5691
-78.6716
-78.7714
-78.869
-78.9649
-79.0585
-79.1507
-79.2399
-79.3276
-79.4132
-79.4964
-79.5774
-79.6562
-79.7325
-79.8072
-79.8799
-79.9505
-80.0193
-80.0863
-80.1513
-80.2147
-80.2762
-80.3351
-80.392
-80.4472
-80.4995
-80.5497
-80.5974
-80.6431
-80.6869
-80.7291
-80.7689
-80.807
-80.844
-80.8786
-80.9105
-80.9417
-80.971
-80.9995
-81.0263
-81.0509
-81.075
-81.0983
-81.1209
-81.1423
-81.163
-81.1832
-81.2026
-81.2205
-81.2392
-81.256
-81.2731
-81.2901
-81.3069
-81.3242
-81.3407
-81.3581
-81.3749
-81.3922
-81.4087
-81.4248
-81.4418
-81.4582
-81.474
-81.4904
-81.5061
-81.5228
-81.5386
-81.5547
-81.5707
-81.5863
-81.6009
-81.6152
-81.6295
-81.6436
-81.6579
-81.6711
-81.684
-81.6965
-81.7084
-81.7198
-81.7314
-81.7428
-81.7545
-81.7659
-81.7772
-81.7899
-81.802
-81.8136
-81.8249
-81.8365
-81.8478
-81.8589
-81.8692
-81.8799
-81.8899
-81.9
-81.9103
-81.9193
-81.9281
-81.9364
-81.9452
-81.9535
-81.9615
-81.9693
-81.9766
-81.9838
-81.9906
-81.9975
-82.0047
-82.0111
-82.0179
-82.0242
-82.0309
-82.0373
-82.0445
-82.0521
-82.0595
-82.0672
-82.0747
-82.0824
-82.09
-82.0969
-82.1035
-82.1091
-82.1139
-82.1185
-82.1218
-82.1248
-82.1266
-82.1277
-82.128
-82.128
-82.1266
-82.124
-82.1212
-82.1176
-82.1129
-82.1079
-82.1019
-82.0952
-82.0875
-82.0804
-82.073
-82.065
-82.0563
-82.0477
-82.0385
-82.0306
-82.0223
-82.0147
-82.0068
-81.9985
-81.9901
-81.9824
-81.9746
-81.9665
-81.9582
-81.9496
-81.9414
-81.9332
-81.9246
-81.9164
-81.908
-81.8997
-81.8911
-81.8829
-81.874
-81.8655
-81.8577
-81.8488
-81.8401
-81.8323
-81.8245
-81.8171
-81.8099
-81.8028
-81.796
-81.79
-81.7849
-81.7797
-81.7749
-81.7711
-81.7679
-81.7648
-81.7629
-81.7613
-81.7603
-81.7601
-81.7602
-81.7604
-81.7605
-81.761
-81.7615
-81.7624
-81.7629
-81.7639
-81.764
-81.7644
-81.7645
-81.7644
-81.764
-81.7631
-81.7619
-81.7603
-81.7582
-81.7564
-81.7542
-81.7518
-81.7493
-81.7464
-81.7432
-81.7401
-81.7362
-81.7333
-81.731
-81.7286
-81.7259
-81.7235
-81.7217
-81.7196
-81.7184
-81.7168
-81.7153
-81.7142
-81.7129
-81.7121
-81.7119
-81.7114
-81.711
-81.7107
-81.7103
-81.7101
-81.71
-81.7096
-81.7091
-81.7089
-81.7084
-81.7082
-81.7082
-81.7071
-81.7065
-81.7051
-81.7035
-81.702
-81.6999
-81.6961
-81.6932
-81.689
-81.6838
-81.6783
-81.6716
-81.6644
-81.6567
-81.6482
-81.6384
-81.6283
-81.6178
-81.6065
-81.594
-81.5811
-81.5682
-81.5547
-81.5416
-81.5277
-81.5133
-81.4989
-81.4844
-81.4692
-81.4541
-81.4391
-81.4243
-81.4099
-81.3965
-81.3824
-81.3691
-81.3566
-81.3444
-81.3328
-81.3215
-81.3101
-81.2992
-81.2881
-81.2768
-81.2658
-81.2547
-81.2431
-81.2312
-81.2193
-81.2066
-81.1926
-81.179
-81.1643
-81.1492
-81.1332
-81.1159
-81.098
-81.0786
-81.0582
-81.0361
-81.013
-80.9883
-80.9624
-80.9351
-80.9049
-80.8738
-80.841
-80.8057
-80.7684
-80.7282
-80.6858
-80.6405
-80.5927
-80.5414
-80.4863
-80.4259
-80.36
-80.291
-80.2156
-80.1342
-80.0435
-79.9499
-79.8469
-79.7377
-79.6191
-79.4938
-79.3623
-79.2216
-79.0711
-78.9142
-78.7522
-78.5768
-78.3973
-78.2063
-78.009
-77.8034
-77.5889
-77.3669
-77.1395
-76.9006
-76.6562
-76.4015
-76.1414
-75.8723
-75.5967
-75.3138
-75.023
-74.7271
-74.4236
-74.1184
-73.8049
-73.4889
-73.1674
-72.8436
-72.5152
-72.1826
-71.8472
-71.5112
-71.1715
-70.8309
-70.4884
-70.144
-69.7983
-69.4513
-69.1035
-68.7542
-68.404
-68.0535
-67.7002
-67.3456
-66.9914
-66.6349
-66.2778
-65.9196
-65.5596
-65.1987
-64.8375
-64.4737
-64.1098
-63.7437
-63.3771
-63.0093
-62.6413
-62.2731
-61.9042
-61.5345
-61.1645
-60.793
-60.4221
-60.0513
-59.6796
-59.3066
-58.9312
-58.5562
-58.1805
-57.8047
-57.4269
-57.0487
-56.6703
-56.2931
-55.9106
-55.5277
-55.1449
-54.761
-54.3761
-53.99
-53.6012
-53.2113
-52.8194
-52.4262
-52.0308
-51.6337
-51.2351
-50.8348
-50.4327
-50.0297
-49.6251
-49.22
-48.8131
-48.4057
-47.9981
-47.5911
-47.1844
-46.7759
-46.3672
-45.9575
-45.5486
-45.1395
-44.7306
-44.3221
-43.9142
-43.5062
-43.0981
-42.6907
-42.284
-41.8788
-41.4746
-41.0716
-40.6684
-40.2667
-39.8673
-39.4695
-39.0726
-38.6774
-38.2836
-37.8905
-37.5003
-37.1097
-36.7206
-36.3324
-35.9467
-35.5611
-35.1763
-34.7927
-34.4103
-34.0294
-33.6509
-33.2727
-32.8952
-32.5195
-32.1463
-31.774
-31.4039
-31.0365
-30.672
-30.3097
-29.9507
-29.5948
-29.2429
-28.8937
-28.5478
-28.205
-27.8658
-27.5293
-27.1965
-26.8658
-26.5379
-26.2122
-25.8894
-25.5684
-25.2481
-24.9288
-24.6107
-24.2933
-23.9764
-23.6605
-23.3452
-23.031
-22.7177
-22.4042
-22.0908
-21.7781
-21.4661
-21.1541
-20.8422
-20.5309
-20.2192
-19.9076
-19.597
-19.2867
-18.9763
-18.6665
-18.3568
-18.0482
-17.741
-17.4342
-17.1282
-16.8229
-16.5183
-16.2144
-15.9117
-15.6098
-15.309
-15.009
-14.7103
-14.4129
-14.1163
-13.8214
-13.5272
-13.2352
-12.9444
-12.6556
-12.3684
-12.0831
-11.7992
-11.5168
-11.2368
-10.9588
-10.6825
-10.4084
-10.1369
-9.86766
-9.60107
-9.33697
-9.0755
-8.8173
-8.56173
-8.30933
-8.05977
-7.81323
-7.57005
-7.33021
-7.09402
-6.86144
-6.63237
-6.40734
-6.18567
-5.96703
-5.75252
-5.54171
-5.33362
-5.12925
-4.92814
-4.73018
-4.53547
-4.34349
-4.15451
-3.96862
-3.78557
-3.60546
-3.42844
-3.25357
-3.0816
-2.91337
-2.74745
-2.58439
-2.42373
-2.26591
-2.11002
-1.95654
-1.80539
-1.65597
-1.50883
-1.36364
-1.22027
-1.07806
-0.938394
-0.801309
-0.666028
-0.532697
-0.401521
-0.272336
-0.14576
-0.021806
0.100108
0.219509
0.336583
0.451365
0.563802
0.673494
0.782256
0.888428
0.993134
1.09533
1.19578
1.2947
1.39171
1.48758
1.58148
1.67416
1.76582
1.85612
1.94522
2.03348
2.1198
2.20511
2.28988
2.37351
2.45557
2.53652
2.61629
2.69454
2.77201
2.84803
2.92243
2.9964
3.06875
3.13963
3.20926
3.27753
3.34454
3.41022
3.47509
3.53862
3.60134
3.66319
3.72452
3.78526
3.84567
3.90575
3.96514
4.02433
4.08341
4.14236
4.20089
4.25962
4.31853
4.37701
4.43612
4.49556
4.55481
4.61418
4.67296
4.73139
4.78997
4.84865
4.9071
4.96538
5.0228
5.07975
5.13516
5.19024
5.24569
5.29953
5.35248
5.40437
5.45579
5.50672
5.55638
5.60477
5.6526
5.6999
5.74669
5.79253
5.83772
5.88241
5.92685
5.97018
6.01344
6.05598
6.09764
6.13875
6.17973
6.21994
6.25946
6.29792
6.33562
6.37244
6.40853
6.44378
6.47799
6.51159
6.54379
6.57533
6.60606
6.63551
6.66358
6.69138
6.71768
6.7435
6.76818
6.79204
6.81551
6.8381
6.86055
6.88263
6.90355
6.92387
6.9436
6.96223
6.98103
6.99931
7.01641
7.0327
7.04856
7.06402
7.07891
7.09315
7.10739
7.12139
7.13417
7.14726
7.16022
7.1731
7.18589
7.19922
7.21159
7.22484
7.23747
7.25007
7.26213
7.27404
7.28629
7.29878
7.31131
7.32387
7.33649
7.3493
7.36163
7.3742
7.38659
7.39943
7.41186
7.42397
7.43589
7.4474
7.45833
7.46904
7.47958
7.48972
7.4996
7.50961
7.51958
7.52904
7.53835
7.54702
7.55603
7.56486
7.57348
7.58222
7.59023
7.59854
7.60595
7.61338
7.62034
7.62646
7.63211
7.63789
7.64321
7.64768
7.65258
7.65739
7.66124
7.66496
7.6688
7.67233
7.67569
7.67841
7.68146
7.68454
7.68706
7.68976
7.69183
7.69365
7.69571
7.69771
7.69966
7.70219
7.7044
7.7067
7.70867
7.70988
7.712
7.71291
7.71395
7.71503
7.71569
7.71668
7.71719
7.71747
7.71763
7.7183
7.7184
7.71828
7.71824
7.71781
7.71726
7.71699
7.71654
7.71608
7.71553
7.71575
7.71604
7.71654
7.7166
7.71697
7.7171
7.71803
7.71943
7.72161
7.72346
7.72592
7.72892
7.73181
7.73507
7.7387
7.74284
7.74766
7.7527
7.75768
7.76295
7.76882
7.77476
7.78155
7.78815
7.79536
7.80334
7.81146
7.82008
7.82824
7.83772
7.84714
7.85656
7.86648
7.87597
7.88565
7.89538
7.90475
7.91464
7.92431
7.93354
7.94261
7.95168
7.96042
7.96959
7.9784
7.98684
7.99501
8.00328
8.01101
8.01916
8.02666
8.03408
8.04127
8.04863
8.0554
8.06231
8.06892
8.0763
8.08274
8.08988
8.09669
8.10326
8.10981
8.11642
8.12219
8.12821
8.13418
8.14068
8.14643
8.15169
8.1571
8.16314
8.16871
8.17451
8.17997
8.18542
8.191
8.19631
8.20156
8.20686
8.21256
8.21807
8.22306
8.22822
8.23377
8.23915
8.24469
8.24994
8.2549
8.26002
8.26543
8.26999
8.27509
8.27907
8.2841
8.28904
8.29407
8.29961
8.30497
8.31042
8.31635
8.32277
8.32921
8.33602
8.34315
8.35098
8.35869
8.36644
8.37431
8.38258
8.39031
8.3979
8.40535
8.41291
8.4192
8.42541
8.43159
8.43727
8.44297
8.44771
8.45249
8.45744
8.46183
8.46673
8.47216
8.47656
8.4806
8.48557
8.49016
8.49464
8.49896
8.50365
8.50855
8.51338
8.51912
8.52603
8.53306
8.54053
8.54897
8.55806
8.56829
8.57921
8.5907
8.60352
8.61704
8.63094
8.64595
8.6616
8.67783
8.69457
8.71236
8.73053
8.74975
8.76945
8.78959
8.81091
8.83292
8.85557
8.87842
8.90127
8.92462
8.94761
8.97033
8.99413
9.01793
9.04171
9.06512
9.08921
9.11258
9.13675
9.1607
9.18425
9.20845
9.23176
9.25497
9.27798
9.30089
9.32837
9.35216
9.37505
9.39727
9.41969
9.44049
9.45932
9.4763
9.49206
9.50582
9.51843
9.5297
9.54024
9.54948
9.55711
9.56343
9.56806
9.57035
9.572
9.57086
9.56835
9.56489
9.55973
9.55444
9.54956
9.54493
9.54057
9.53583
9.53174
9.52893
9.52658
9.52586
9.52727
9.52905
9.53195
9.53391
9.53642
9.53919
9.54222
9.54541
9.54756
9.54856
9.54946
9.54883
9.54602
9.54017
9.53244
9.52364
9.51257
9.49883
9.48362
9.46736
9.45076
9.43378
9.41798
9.40362
9.38905
9.37583
9.36349
9.35331
9.34564
9.34004
9.33863
9.34058
9.34522
9.35259
9.36277
9.37489
9.38862
9.40386
9.42075
9.43858
9.45993
9.48488
9.50869
9.53333
9.55977
9.58713
9.61546
9.64546
9.67646
9.7073
9.7396
9.77292
9.80756
9.84253
9.87792
9.91679
9.95692
9.99722
10.0379
10.0799
10.1241
10.1675
10.2129
10.2595
10.3077
10.3573
10.4082
10.4649
10.5203
10.5731
10.6281
10.6865
10.7475
10.8097
10.8739
10.9419
11.0103
11.0803
11.1507
11.2214
11.2921
11.3642
11.4364
11.5089
11.5814
11.6536
11.7257
11.796
11.8654
11.9333
12.0005
12.0664
12.1304
12.1926
12.2542
12.3143
12.3728
12.4294
12.4863
12.5417
12.5974
12.6522
12.7069
12.7616
12.816
12.8708
12.9253
12.9813
13.0381
13.0954
13.1531
13.2122
13.2712
13.3305
13.3912
13.4528
13.5137
13.5741
13.6335
13.6918
13.7486
13.8041
13.8582
13.9099
13.9599
14.0089
14.0571
14.1038
14.1491
14.1921
14.233
14.2725
14.311
14.3476
14.3817
14.4145
14.4453
14.474
14.5008
14.5271
14.5519
14.5755
14.5967
14.6167
14.6351
14.6519
14.6665
14.6793
14.6898
14.699
14.7064
14.7127
14.7174
14.7206
14.7233
14.7247
14.7244
14.7236
14.7216
14.7187
14.7145
14.7091
14.7032
14.6965
14.6901
14.6842
14.6785
14.6732
14.6682
14.6634
14.6589
14.6544
14.6502
14.6454
14.6407
14.6363
14.6309
14.6258
14.6209
14.615
14.6083
14.6009
14.5919
14.5818
14.5703
14.5581
14.5451
14.5311
14.5158
14.5007
14.4843
14.4675
14.45
14.4324
14.4137
14.3949
14.3758
14.3561
14.3364
14.3158
14.2948
14.2731
14.2506
14.2284
14.2061
14.1834
14.16
14.1366
14.1137
14.0907
14.0679
14.045
14.0226
14.0009
13.9799
13.9598
13.9398
13.9207
13.9025
13.8843
13.8671
13.8502
13.8334
13.8172
13.8017
13.7866
13.7715
13.757
13.7426
13.7282
13.7141
13.7004
13.6872
13.6743
13.6607
13.6479
13.6354
13.6236
13.6132
13.6036
13.594
13.5854
13.5776
13.5706
13.5647
13.559
13.5543
13.5504
13.5481
13.5458
13.5442
13.5428
13.5422
13.5414
13.5411
13.5418
13.5425
13.5429
13.5433
13.5435
13.5439
13.5447
13.5452
13.5459
13.547
13.5483
13.5497
13.5516
13.5535
13.5563
13.5582
13.5606
13.5633
13.5669
13.5709
13.5764
13.5819
13.5879
13.5939
13.6002
13.6075
13.6147
13.6218
13.6283
13.6359
13.6435
13.6508
13.6578
13.6655
13.6729
13.6798
13.6864
13.6932
13.7001
13.707
13.7134
13.7195
13.7245
13.7305
13.7361
13.7415
13.7475
13.753
13.759
13.7643
13.7698
13.7755
13.78
13.7848
13.7903
13.7951
13.8003
13.8051
13.8094
13.8142
13.8196
13.8249
13.8308
13.8367
13.8434
13.8498
13.8566
13.8633
13.8704
13.8779
13.8856
13.8937
13.9015
13.9097
13.918
13.9262
13.9341
13.9419
13.9493
13.9575
13.9653
13.9731
13.9819
13.9899
13.9978
14.0053
14.0121
14.0186
14.0244
14.0305
14.0362
14.0418
14.0472
14.0521
14.0566
14.0604
14.064
14.0667
14.0706
14.0736
14.0762
14.0789
14.0814
14.0834
14.0854
14.0864
14.0877
14.0889
14.0899
14.09
14.09
14.0885
14.086
14.0825
14.0776
14.0715
14.0651
14.057
14.0481
14.0372
14.0259
14.0133
13.9994
13.9841
13.9674
13.9497
13.9306
13.9104
13.8893
13.8673
13.8444
13.8204
13.7956
13.7697
13.7419
13.713
13.6837
13.6527
13.6205
13.5869
13.5526
13.5176
13.4823
13.446
13.4088
13.3718
13.3344
13.2965
13.2577
13.2184
13.1785
13.1387
13.0989
13.0588
13.0184
12.9783
12.9376
12.898
12.8583
12.8182
12.7788
12.7392
12.7
12.6599
12.6204
12.5814
12.543
12.5048
12.4667
12.4293
12.3925
12.3564
12.321
12.2866
12.2521
12.218
12.1849
12.1524
12.1205
12.0895
12.0597
12.0311
12.0029
11.976
11.9501
11.9249
11.9015
11.8785
11.8569
11.8363
11.817
11.7985
11.7809
11.7636
11.7477
11.7326
11.7172
11.7024
11.688
11.6741
11.6609
11.648
11.6356
11.624
11.6131
11.6026
11.5934
11.5853
11.5783
11.5719
11.5665
11.5629
11.5595
11.5567
11.5546
11.553
11.5527
11.5531
11.5541
11.5555
11.5577
11.5602
11.5634
11.5662
11.5711
11.5755
11.5806
11.586
11.5908
11.5961
11.6018
11.6079
11.6139
11.6198
11.626
11.6314
11.6367
11.6419
11.6466
11.6508
11.655
11.6586
11.662
11.665
11.6681
11.6713
11.6741
11.6769
11.6795
11.6822
11.6843
11.6861
11.6881
11.6901
11.691
11.6913
11.6917
11.6913
11.6909
11.6907
11.6905
11.6893
11.6888
11.6887
11.688
11.6888
11.6912
11.6949
11.6992
11.7046
11.711
11.7196
11.7297
11.7411
11.7545
11.7696
11.7866
11.8049
11.8251
11.848
11.8717
11.8975
11.93
11.9579
11.9875
12.0151
12.0429
12.0718
12.1007
12.1282
12.1545
12.1795
12.2036
12.2253
12.2461
12.2646
12.2821
12.2996
12.3156
12.3312
12.3469
12.362
12.3757
12.3878
12.3987
12.4095
12.4188
12.4266
12.4323
12.4369
12.4386
12.4397
12.4402
12.4424
12.4436
12.4439
12.4431
12.4447
12.4487
12.457
12.4679
12.4806
12.4946
12.5129
12.5338
12.5615
12.5957
12.6368
12.6854
12.7433
12.8059
12.8763
12.9554
13.0396
13.1303
13.2242
13.3227
13.4216
13.5248
13.632
13.7433
13.8587
13.9736
14.087
14.1987
14.3073
14.4124
14.5149
14.6162
14.7158
14.8124
14.9063
14.9963
15.0832
15.167
15.2498
15.3315
15.4128
15.4951
15.5779
15.661
15.7443
15.8299
15.915
16.0003
16.0848
16.1696
16.2543
16.3378
16.4195
16.4994
16.5771
16.6515
16.7222
16.7898
16.8544
16.9153
16.9729
17.0257
17.0744
17.1196
17.1606
17.1972
17.2295
17.2585
17.2845
17.3084
17.3312
17.352
17.3712
17.3885
17.4046
17.4191
17.4325
17.4463
17.4578
17.4686
17.4782
17.4855
17.4919
17.4956
17.4976
17.4983
17.4977
17.4957
17.4937
17.4944
17.4952
17.4958
17.4969
17.4984
17.4989
17.4992
17.5008
17.5029
17.5055
17.5097
17.5119
17.5133
17.5192
17.5258
17.5345
17.5458
17.5602
17.5774
17.5971
17.618
17.6395
17.6617
17.6854
17.7103
17.736
17.7636
17.7925
17.8228
17.8548
17.8877
17.9219
17.9566
17.9922
18.0286
18.0655
18.104
18.1423
18.1802
18.2191
18.261
18.3057
18.3529
18.4013
18.4521
18.5047
18.5577
18.6113
18.6647
18.7186
18.7745
18.83
18.8864
18.9426
18.9989
19.0557
19.1126
19.17
19.2264
19.2819
19.3358
19.3884
19.4408
19.491
19.5391
19.5842
19.6269
19.6672
19.7042
19.7396
19.7699
19.8008
19.8296
19.8557
19.8792
19.9006
19.9195
19.9364
19.9519
19.9658
19.9777
19.99
19.9997
20.0078
20.0135
20.0172
20.0194
20.0185
20.0156
20.0104
20.0051
19.9977
19.9889
19.9781
19.9651
19.9505
19.9338
19.9177
19.8999
19.8797
19.8589
19.8375
19.816
19.7931
19.7703
19.748
19.725
19.7023
19.6799
19.6572
19.6349
19.6114
19.5892
19.5672
19.5465
19.528
19.5111
19.495
19.4798
19.4649
19.4512
19.4384
19.427
19.417
19.4075
19.3982
19.3899
19.3829
19.3774
19.3724
19.3681
19.3649
19.3634
19.3635
19.3651
19.3684
19.3736
19.3806
19.3898
19.4014
19.4141
19.4291
19.4468
19.4667
19.4879
19.5124
19.5393
19.5682
19.5995
19.6339
19.6706
19.7097
19.751
19.7934
19.8393
19.8858
19.9348
19.9849
20.0354
20.0885
20.1421
20.197
20.2531
20.3109
20.3696
20.4292
20.4893
20.5509
20.6128
20.6759
20.7385
20.8027
20.8665
20.9311
20.9969
21.0639
21.1316
21.1997
21.2682
21.3372
21.4072
21.4757
21.5456
21.6157
21.6845
21.7521
21.82
21.8878
21.9546
22.0212
22.0866
22.1509
22.2146
22.2769
22.3381
22.3982
22.4575
22.5163
22.5733
22.6285
22.6818
22.7331
22.7829
22.8291
22.8768
22.9232
22.9701
23.0157
23.0599
23.1029
23.1466
23.1901
23.2322
23.2729
23.3142
23.3554
23.3951
23.4348
23.4733
23.5112
23.5483
23.584
23.619
23.6536
23.6872
23.7192
23.7503
23.7795
23.8082
23.8358
23.8615
23.8868
23.9104
23.9331
23.9547
23.9753
23.9955
24.0157
24.0345
24.0532
24.0715
24.0898
24.1084
24.1266
24.1439
24.1614
24.1786
24.197
24.2153
24.2326
24.2513
24.271
24.2882
24.3052
24.3226
24.3403
24.3574
24.3737
24.3902
24.4064
24.4222
24.4378
24.4529
24.4683
24.4837
24.4987
24.5146
24.5308
24.5467
24.5631
24.5795
24.5965
24.6131
24.6304
24.6474
24.6657
24.6843
24.7028
24.7225
24.7425
24.7629
24.7832
24.8044
24.8258
24.8469
24.8675
24.8881
24.9084
24.9289
24.9493
24.9695
24.9897
25.0096
25.0297
25.0483
25.067
25.0854
25.1038
25.1217
25.1395
25.1564
25.1741
25.1916
25.2088
25.2263
25.2442
25.2619
25.2796
25.2978
25.3156
25.3334
25.3515
25.3689
25.3864
25.4026
25.4184
25.4335
25.4484
25.4633
25.4779
25.491
25.5042
25.5174
25.5304
25.5439
25.5571
25.5697
25.582
25.5938
25.6054
25.6165
25.6272
25.6373
25.6474
25.6567
25.6656
25.6742
25.6831
25.6921
25.7014
25.7106
25.7186
25.7283
25.7383
25.7488
25.7597
25.7706
25.783
25.7958
25.8097
25.8242
25.8386
25.8541
25.8701
25.8867
25.9033
25.9206
25.9373
25.9549
25.9726
25.9902
26.0078
26.027
26.0463
26.0662
26.0866
26.1064
26.126
26.1454
26.1641
26.1824
26.201
26.2195
26.2375
26.2551
26.272
26.2898
26.3076
26.3258
26.3443
26.3627
26.3818
26.4009
26.4196
26.4385
26.4563
26.474
26.4919
26.5084
26.5241
26.5399
26.5552
26.5696
26.5836
26.5967
26.6085
26.6196
26.6303
26.6398
26.6488
26.6572
26.6652
26.6735
26.681
26.6882
26.6951
26.7014
26.7065
26.7112
26.7157
26.7191
26.7216
26.7242
26.7268
26.7285
26.7285
26.7284
26.7287
26.7291
26.7298
26.7294
26.7291
26.7291
26.7292
26.7292
26.73
26.7298
26.7303
26.7296
26.7296
26.7296
26.7283
26.7262
26.7239
26.7212
26.7182
26.714
26.7083
26.7002
26.6897
26.6788
26.667
26.6539
26.6408
26.6243
26.6067
26.5879
26.5666
26.5438
26.5197
26.4952
26.4699
26.444
26.4162
26.3883
26.36
26.331
26.3025
26.2755
26.2508
26.2278
26.2062
26.1856
26.1667
26.1478
26.1303
26.1133
26.0976
26.0829
26.0691
26.0567
26.0457
26.0367
26.0286
26.0218
26.0158
26.0114
26.0069
26.0029
25.9994
25.9975
25.9964
25.9954
25.9954
25.9958
25.9973
25.9994
26.0012
26.0034
26.0064
26.0087
26.0109
26.012
26.0129
26.013
26.0132
26.0128
26.0109
26.0075
26.0013
25.9926
25.9813
25.9671
25.9501
25.93
25.9069
25.8803
25.8506
25.8172
25.7817
25.7426
25.7018
25.6588
25.6141
25.5664
25.5175
25.4665
25.415
25.3625
25.3084
25.2531
25.1965
25.1379
25.0763
25.0134
24.9487
24.8812
24.8115
24.7389
24.6636
24.584
24.5012
24.4151
24.3255
24.2322
24.136
24.0359
23.9324
23.825
23.7137
23.5993
23.4811
23.36
23.236
23.1103
22.9832
22.855
22.7257
22.5952
22.4639
22.3319
22.2003
22.0674
21.9339
21.7995
21.665
21.5304
21.3952
21.2599
21.1242
20.9878
20.8508
20.7126
20.5735
20.4335
20.2931
20.1528
20.0122
19.8713
19.7304
19.5902
19.4511
19.3126
19.175
19.0382
18.9029
18.7695
18.6376
18.5079
18.3803
18.2544
18.131
18.0094
17.8897
17.7713
17.6537
17.5381
17.4222
17.3076
17.1941
17.0807
16.9675
16.8556
16.7433
16.6323
16.5212
16.411
16.3014
16.1916
16.0822
15.9737
15.8672
15.7615
15.6576
15.5549
15.4525
15.3522
15.253
15.1566
15.0612
14.9679
14.876
14.7864
14.6987
14.6131
14.5297
14.4488
14.3698
14.2925
14.2172
14.1448
14.074
14.0064
13.9407
13.8771
13.8145
13.7542
13.6962
13.6402
13.5862
13.5334
13.4824
13.433
13.3848
13.3375
13.2913
13.2452
13.2002
13.1559
13.1125
13.0691
13.0264
12.9847
12.9444
12.9045
12.8659
12.8278
12.7908
12.7543
12.7187
12.6843
12.6507
12.6187
12.5874
12.5572
12.5289
12.5012
12.4748
12.4499
12.4263
12.4035
12.3825
12.3618
12.3422
12.3238
12.3056
12.2876
12.27
12.2529
12.2356
12.2199
12.2039
12.1883
12.1733
12.1586
12.1443
12.1307
12.1171
12.1044
12.0921
12.0802
12.0694
12.0584
12.0478
12.0378
12.0281
12.0185
12.0089
12.0001
11.9912
11.9817
11.972
11.9626
11.9522
11.9418
11.9311
11.9205
11.9093
11.8985
11.8865
11.8745
11.8615
11.8483
11.8344
11.8209
11.8067
11.7925
11.7783
11.7642
11.7502
11.7364
11.7238
11.7118
11.6997
11.6888
11.6788
11.6698
11.6617
11.6549
11.6485
11.6427
11.6382
11.6344
11.6317
11.6298
11.6282
11.6276
11.6272
11.6276
11.6287
11.6302
11.6321
11.6347
11.6375
11.64
11.6437
11.6466
11.6512
11.6534
11.6558
11.6586
11.6613
11.6644
11.6671
11.6706
11.6741
11.6775
11.6814
11.6855
11.6899
11.6945
11.699
11.7034
11.7083
11.7131
11.7173
11.7224
11.7273
11.7323
11.7376
11.7424
11.7475
11.7529
11.7587
11.7635
11.7686
11.7735
11.7778
11.7824
11.7874
11.7925
11.7975
11.8025
11.8078
11.8133
11.8181
11.8233
11.8288
11.8346
11.8408
11.8464
11.8524
11.8586
11.8649
11.8712
11.877
11.8834
11.8899
11.8966
11.9039
11.9103
11.9174
11.9246
11.9323
11.9402
11.9479
11.9557
11.9644
11.9733
11.9815
11.9905
11.9993
12.0086
12.0185
12.0283
12.0384
12.049
12.0601
12.0714
12.0835
12.0962
12.1097
12.1229
12.1369
12.1525
12.1686
12.1859
12.2034
12.2223
12.2406
12.2602
12.2808
12.3019
12.3228
12.3441
12.3665
12.3893
12.4117
12.4347
12.4575
12.4809
12.5045
12.5278
12.5512
12.5743
12.5978
12.6218
12.6458
12.6699
12.6941
12.7183
12.7429
12.7662
12.7904
12.8144
12.8384
12.861
12.8838
12.9056
12.9267
12.9476
12.9677
12.9878
13.0073
13.0257
13.0433
13.0597
13.0762
13.0919
13.1067
13.1207
13.1347
13.1483
13.1615
13.1743
13.1862
13.198
13.2087
13.219
13.2288
13.238
13.2475
13.2569
13.2662
13.2751
13.2835
13.2919
13.3004
13.3093
13.3176
13.3262
13.3341
13.3416
13.349
13.3572
13.3643
13.3716
13.3781
13.3853
13.3923
13.3987
13.405
13.4113
13.417
13.4226
13.4277
13.4332
13.4384
13.4431
13.4476
13.4521
13.4565
13.4607
13.4645
13.4683
13.4721
13.4761
13.4795
13.4826
13.4857
13.4889
13.4916
13.4938
13.4957
13.497
13.4988
13.5
13.5011
13.5019
13.5022
13.5026
13.502
13.5015
13.5008
13.4994
13.4976
13.4966
13.4953
13.4936
13.491
13.4879
13.4848
13.4814
13.4777
13.4731
13.4683
13.463
13.4538
13.4479
13.4411
13.4339
13.4262
13.4186
13.4111
13.4028
13.3943
13.3856
13.3769
13.3684
13.36
13.3513
13.3425
13.3339
13.3264
13.3183
13.3108
13.3037
13.2969
13.2897
13.2828
13.275
13.2677
13.2615
13.2549
13.2475
13.2403
13.2336
13.227
13.2206
13.2142
13.2076
13.2017
13.1957
13.1899
13.1844
13.1795
13.1749
13.1705
13.1664
13.1633
13.1601
13.1579
13.1548
13.1521
13.1503
13.1488
13.1475
13.1462
13.1445
13.1443
13.1443
13.1446
13.1452
13.1468
13.1487
13.1512
13.1535
13.1565
13.159
13.1624
13.1661
13.1704
13.1746
13.1792
13.1838
13.1882
13.1935
13.1987
13.204
13.2094
13.2153
13.2218
13.2273
13.2335
13.2396
13.2458
13.2529
13.2596
13.2661
13.2729
13.2795
13.2863
13.2935
13.3005
13.3073
13.3143
13.3217
13.3286
13.336
13.3428
13.3497
13.3564
13.3623
13.3674
13.3728
13.378
13.3826
13.3866
13.3897
13.3929
13.3953
13.3971
13.3992
13.4002
13.4006
13.4006
13.4011
13.4007
13.4002
13.4001
13.3993
13.3979
13.3976
13.3965
13.3956
13.3936
13.3916
13.3898
13.3879
13.3858
13.3843
13.3829
13.3813
13.3791
13.3765
13.3748
13.373
13.3715
13.3699
13.3691
13.3676
13.3679
13.3673
13.3678
13.3686
13.3696
13.3718
13.3738
13.3763
13.3792
13.3829
13.3868
13.3916
13.3969
13.4024
13.408
13.4145
13.4217
13.4291
13.437
13.4448
13.453
13.4615
13.4705
13.4802
13.4893
13.4986
13.5085
13.5184
13.5285
13.5393
13.5523
13.5637
13.5751
13.5857
13.5961
13.6066
13.6173
13.6276
13.6379
13.6489
13.6597
13.6702
13.6849
13.6915
13.7014
13.7107
13.7203
13.7287
13.7361
13.7433
13.7497
13.7562
13.7622
13.7676
13.7726
13.7781
13.7823
13.787
13.7917
13.7957
13.7999
13.8045
13.8082
13.8115
13.8148
13.8185
13.8221
13.826
13.83
13.8339
13.8393
13.8433
13.8474
13.8522
13.8565
13.8624
13.8674
13.8741
13.881
13.888
13.8956
13.9028
13.91
13.917
13.9244
13.9317
13.9396
13.9476
13.9552
13.9632
13.9703
13.9781
13.9855
13.9928
14.0003
14.0077
14.0152
14.0221
14.0294
14.0362
14.0432
14.0502
14.0566
14.0631
14.0694
14.0758
14.0832
14.0909
14.099
14.1081
14.1174
14.1274
14.1369
14.1475
14.1584
14.1693
14.1806
14.1918
14.2035
14.2147
14.2255
14.2365
14.2481
14.2596
14.2697
14.2795
14.2895
14.2988
14.3073
14.3157
14.324
14.3321
14.3401
14.3477
14.3548
14.3612
14.3667
14.3726
14.3775
14.3814
14.3858
14.3892
14.3925
14.3959
14.399
14.4016
14.4048
14.4067
14.4091
14.411
14.4133
14.4151
14.4172
14.4194
14.4217
14.4238
14.4265
14.4292
14.4326
14.4355
14.4385
14.4421
14.4455
14.4489
14.4529
14.4571
14.4612
14.4653
14.4696
14.4736
14.478
14.4819
14.4857
14.4896
14.4936
14.4974
14.5012
14.5041
14.5074
14.5104
14.5139
14.5166
14.5198
14.5226
14.5245
14.5261
14.5279
14.5289
14.5303
14.5305
14.53
14.5297
14.5282
14.5264
14.5247
14.5226
14.5204
14.5177
14.5141
14.5104
14.5059
14.5014
14.4965
14.4905
14.4847
14.4786
14.4723
14.4658
14.4595
14.4533
14.4475
14.4415
14.435
14.4285
14.4221
14.4155
14.4093
14.403
14.3971
14.3907
14.3845
14.3778
14.3714
14.365
14.359
14.3528
14.346
14.3397
14.3334
14.3272
14.3208
14.3148
14.3081
14.3016
14.2942
14.2874
14.2806
14.2737
14.2668
14.2596
14.252
14.2448
14.2379
14.2311
14.224
14.2171
14.2099
14.2034
14.1967
14.1907
14.1845
14.1784
14.1721
14.1662
14.1597
14.1533
14.1466
14.1401
14.1334
14.1264
14.1202
14.1139
14.1074
14.1007
14.0944
14.0878
14.0811
14.0742
14.0675
14.0612
14.0549
14.0479
14.0415
14.0349
14.0276
14.0203
14.0132
14.0055
13.9973
13.9892
13.9808
13.9715
13.9624
13.953
13.9431
13.9328
13.9225
13.9121
13.9018
13.8916
13.881
13.8706
13.8601
13.8503
13.8408
13.8313
13.8214
13.8121
13.8028
13.7936
13.7841
13.7751
13.7661
13.757
13.7483
13.7394
13.7298
13.7205
13.7107
13.7008
13.6907
13.6809
13.6708
13.6602
13.6496
13.6397
13.6295
13.62
13.6098
13.5999
13.5903
13.5804
13.5706
13.5611
13.5515
13.5419
13.5332
13.5241
13.5153
13.5067
13.4977
13.4896
13.4811
13.4726
13.4646
13.4569
13.4491
13.4418
13.4341
13.4266
13.4193
13.4118
13.4053
13.3987
13.3923
13.3862
13.3804
13.3749
13.3699
13.3654
13.3609
13.3573
13.353
13.3494
13.3461
13.3432
13.3413
13.3393
13.337
13.3348
13.3329
13.3311
13.3299
13.3281
13.3264
13.3255
13.3239
13.3223
13.3217
13.3204
13.3189
13.3186
13.3179
13.3174
13.317
13.3168
13.3163
13.317
13.3174
13.318
13.3186
13.3188
13.3199
13.3203
13.3209
13.3207
13.321
13.3212
13.3213
13.3205
13.3201
13.32
13.3201
13.3188
13.3175
13.3158
13.3142
13.3122
13.3101
13.3084
13.3065
13.3037
13.3003
13.2971
13.2932
13.2901
13.2865
13.2824
13.2784
13.2738
13.2686
13.2637
13.2583
13.252
13.2461
13.2402
13.2339
13.2273
13.2206
13.2137
13.208
13.2009
13.1937
13.1865
13.1795
13.1722
13.1649
13.157
13.1485
13.1396
13.1321
13.1242
13.1164
13.1082
13.1008
13.0935
13.0862
13.0795
13.0726
13.0664
13.0603
13.0542
13.0489
13.0428
13.0382
13.0328
13.0271
13.0208
13.0145
13.0084
13.002
12.9944
12.9876
12.9802
12.9724
12.9653
12.9585
12.952
12.9466
12.9412
12.9374
12.9343
12.9321
12.9314
12.9313
12.9323
12.9338
12.9365
12.9395
12.9433
12.9481
12.9535
12.9606
12.9689
12.9784
12.9883
12.9991
13.0095
13.0211
13.0339
13.047
13.0602
13.0729
13.087
13.1016
13.1166
13.1322
13.1486
13.1652
13.1823
13.1999
13.218
13.2358
13.2535
13.2713
13.2876
13.3035
13.3184
13.3397
13.3472
13.3585
13.3684
13.3765
13.3832
13.3889
13.3936
13.3966
13.3984
13.3993
13.3987
13.3965
13.3936
13.3902
