-0.052246
-0.052246
-0.067871
-0.032715
-0.032715
-0.009277
-0.028809
-0.032715
-0.044434
-0.032715
-0.032715
-0.024902
-0.056152
-0.040527
-0.052246
-0.040527
-0.060059
-0.044434
-0.060059
-0.032715
-0.067871
-0.060059
-0.044434
-0.052246
-0.052246
-0.052246
-0.052246
-0.048340
-0.036621
-0.056152
-0.028809
-0.040527
-0.044434
-0.056152
-0.060059
-0.048340
-0.063965
-0.056152
-0.048340
-0.060059
-0.052246
-0.056152
-0.052246
-0.036621
-0.060059
-0.056152
-0.067871
-0.036621
-0.052246
-0.032715
-0.063965
-0.052246
-0.032715
-0.032715
-0.052246
-0.056152
-0.067871
-0.060059
-0.040527
-0.020996
-0.060059
-0.052246
-0.056152
-0.056152
-0.063965
-0.056152
-0.063965
-0.071777
-0.052246
-0.063965
-0.044434
-0.028809
-0.017090
-0.036621
-0.028809
-0.036621
-0.067871
-0.052246
-0.052246
-0.048340
-0.044434
-0.067871
-0.056152
-0.048340
-0.040527
-0.052246
-0.028809
-0.048340
-0.052246
-0.044434
-0.048340
-0.040527
-0.044434
-0.067871
-0.048340
-0.052246
-0.056152
-0.032715
-0.048340
-0.036621
-0.052246
-0.056152
-0.056152
-0.040527
-0.036621
-0.036621
-0.040527
-0.044434
-0.056152
-0.036621
-0.071777
-0.063965
-0.056152
-0.048340
-0.071777
-0.063965
-0.071777
-0.060059
-0.052246
-0.063965
-0.044434
-0.060059
-0.067871
-0.071777
-0.063965
-0.052246
-0.060059
-0.060059
-0.052246
-0.067871
-0.071777
-0.056152
-0.052246
-0.052246
-0.060059
-0.060059
-0.056152
-0.083496
-0.048340
-0.036621
-0.067871
-0.052246
-0.067871
-0.052246
-0.067871
-0.052246
-0.060059
-0.040527
-0.060059
-0.044434
-0.044434
-0.044434
-0.060059
-0.063965
-0.048340
-0.052246
-0.056152
-0.044434
-0.048340
-0.063965
-0.048340
-0.060059
-0.040527
-0.024902
-0.048340
-0.056152
-0.063965
-0.048340
-0.040527
-0.040527
-0.036621
-0.052246
-0.056152
-0.075684
-0.060059
-0.067871
-0.040527
-0.060059
-0.044434
-0.060059
-0.044434
-0.044434
-0.056152
-0.067871
-0.067871
-0.056152
-0.063965
-0.052246
-0.071777
-0.032715
-0.060059
-0.071777
-0.052246
-0.060059
-0.075684
-0.075684
-0.044434
-0.060059
-0.044434
-0.060059
-0.044434
-0.048340
-0.032715
-0.024902
-0.032715
-0.052246
-0.052246
-0.044434
-0.056152
-0.040527
-0.048340
-0.056152
-0.056152
-0.048340
-0.056152
-0.056152
-0.056152
-0.040527
-0.052246
-0.063965
-0.048340
-0.060059
-0.052246
-0.056152
-0.040527
-0.071777
-0.036621
-0.044434
-0.044434
-0.044434
-0.052246
-0.048340
-0.040527
-0.052246
-0.036621
-0.056152
-0.060059
-0.052246
-0.044434
-0.036621
-0.036621
-0.052246
-0.060059
-0.048340
-0.040527
-0.063965
-0.052246
-0.063965
-0.063965
-0.044434
-0.036621
-0.040527
-0.032715
-0.040527
-0.040527
-0.036621
-0.044434
-0.020996
-0.048340
-0.040527
-0.044434
-0.048340
-0.056152
-0.075684
-0.056152
-0.052246
-0.044434
-0.063965
-0.052246
-0.036621
-0.044434
-0.044434
-0.040527
-0.036621
-0.044434
-0.056152
-0.048340
-0.036621
-0.056152
-0.056152
-0.052246
-0.048340
-0.067871
-0.040527
-0.067871
-0.044434
-0.052246
-0.048340
-0.036621
-0.056152
-0.044434
-0.036621
-0.052246
-0.060059
-0.048340
-0.044434
-0.048340
-0.040527
-0.017090
-0.020996
-0.024902
-0.040527
-0.024902
-0.017090
-0.032715
-0.036621
-0.052246
-0.056152
-0.028809
-0.036621
-0.040527
-0.036621
-0.028809
-0.052246
-0.052246
-0.040527
-0.052246
-0.024902
-0.032715
-0.040527
-0.028809
-0.036621
-0.032715
-0.040527
-0.036621
-0.044434
-0.036621
-0.028809
-0.040527
-0.044434
-0.044434
-0.032715
-0.056152
-0.060059
-0.048340
-0.032715
-0.044434
-0.036621
-0.036621
-0.044434
-0.036621
-0.032715
-0.044434
-0.048340
-0.067871
-0.052246
-0.032715
-0.056152
-0.036621
-0.048340
-0.052246
-0.052246
-0.024902
-0.052246
-0.044434
-0.036621
-0.056152
-0.060059
-0.067871
-0.040527
-0.028809
-0.036621
-0.052246
-0.024902
-0.036621
-0.032715
-0.036621
-0.024902
-0.063965
-0.040527
-0.052246
-0.040527
-0.032715
-0.024902
-0.052246
-0.036621
-0.052246
-0.056152
-0.060059
-0.032715
-0.032715
-0.036621
-0.040527
-0.024902
-0.024902
-0.032715
-0.017090
-0.032715
-0.028809
-0.052246
-0.032715
-0.036621
-0.063965
-0.044434
-0.032715
-0.032715
-0.020996
-0.028809
-0.028809
-0.052246
-0.036621
-0.044434
-0.056152
-0.052246
-0.040527
-0.013184
-0.048340
-0.056152
-0.056152
-0.052246
-0.028809
-0.052246
-0.048340
-0.040527
-0.032715
-0.056152
-0.032715
-0.036621
-0.032715
-0.067871
-0.044434
-0.048340
-0.044434
-0.052246
-0.044434
-0.060059
-0.048340
-0.048340
-0.036621
-0.048340
-0.032715
-0.028809
-0.036621
-0.040527
-0.040527
-0.036621
-0.036621
-0.028809
-0.052246
-0.032715
-0.017090
-0.032715
-0.036621
-0.036621
-0.032715
-0.036621
-0.052246
-0.044434
-0.048340
-0.060059
-0.036621
-0.040527
-0.032715
-0.036621
-0.040527
-0.040527
-0.048340
-0.024902
-0.036621
-0.048340
-0.056152
-0.048340
-0.020996
-0.040527
-0.052246
-0.052246
-0.028809
-0.048340
-0.028809
-0.017090
-0.052246
-0.036621
-0.052246
-0.052246
-0.052246
-0.048340
-0.052246
-0.052246
-0.060059
-0.063965
-0.048340
-0.056152
-0.052246
-0.052246
-0.048340
-0.036621
-0.067871
-0.044434
-0.060059
-0.024902
-0.036621
-0.052246
-0.020996
-0.036621
-0.048340
-0.052246
-0.048340
-0.052246
-0.052246
-0.044434
-0.044434
-0.052246
-0.048340
-0.036621
-0.024902
-0.044434
-0.024902
-0.036621
-0.040527
-0.048340
-0.028809
-0.036621
-0.040527
-0.044434
-0.036621
-0.044434
-0.044434
-0.032715
-0.052246
-0.028809
-0.071777
-0.040527
-0.044434
-0.052246
-0.044434
-0.048340
-0.071777
-0.056152
-0.044434
-0.044434
-0.052246
-0.036621
-0.056152
-0.036621
-0.020996
-0.052246
-0.040527
-0.036621
-0.044434
-0.036621
-0.017090
-0.028809
-0.052246
-0.052246
-0.044434
-0.032715
-0.032715
-0.048340
-0.017090
-0.040527
-0.044434
-0.032715
-0.032715
-0.048340
-0.024902
-0.028809
-0.036621
-0.017090
-0.028809
-0.020996
-0.044434
-0.044434
-0.017090
-0.028809
-0.032715
-0.032715
-0.040527
-0.052246
-0.040527
-0.044434
-0.036621
-0.036621
-0.017090
-0.060059
-0.044434
-0.040527
-0.052246
-0.032715
-0.056152
-0.044434
-0.032715
-0.044434
-0.024902
-0.028809
-0.052246
-0.056152
-0.040527
-0.036621
-0.036621
-0.024902
-0.056152
-0.040527
-0.040527
-0.024902
-0.052246
-0.044434
-0.040527
-0.052246
-0.036621
-0.060059
-0.060059
-0.040527
-0.040527
-0.048340
-0.036621
-0.036621
-0.032715
-0.036621
-0.040527
-0.052246
-0.052246
-0.060059
-0.048340
-0.032715
-0.028809
-0.052246
-0.036621
-0.056152
-0.036621
-0.052246
-0.024902
-0.036621
-0.024902
-0.048340
-0.044434
-0.052246
-0.056152
-0.024902
-0.048340
-0.032715
-0.044434
-0.052246
-0.052246
-0.040527
-0.044434
-0.052246
-0.036621
-0.032715
-0.052246
-0.032715
-0.017090
-0.020996
-0.009277
-0.020996
-0.036621
-0.020996
-0.013184
-0.013184
-0.028809
-0.036621
-0.017090
-0.044434
-0.032715
-0.040527
-0.024902
-0.028809
-0.024902
-0.040527
-0.028809
-0.040527
-0.052246
-0.032715
-0.040527
-0.036621
-0.052246
-0.044434
-0.052246
-0.056152
-0.028809
-0.028809
-0.036621
-0.040527
-0.036621
-0.024902
-0.036621
-0.028809
-0.032715
-0.020996
-0.028809
-0.032715
-0.040527
-0.044434
-0.017090
-0.017090
-0.032715
-0.017090
-0.009277
-0.032715
-0.036621
-0.052246
-0.028809
-0.036621
-0.009277
-0.017090
-0.036621
-0.017090
-0.028809
-0.052246
-0.032715
-0.040527
-0.024902
-0.036621
-0.024902
-0.024902
-0.028809
-0.028809
-0.017090
-0.036621
-0.028809
-0.024902
-0.013184
-0.005371
-0.013184
-0.028809
-0.024902
-0.044434
-0.048340
-0.056152
-0.036621
-0.040527
-0.052246
-0.095215
0.009766
-0.017090
-0.060059
0.017578
0.017578
-0.017090
-0.060059
-0.075684
-0.052246
-0.052246
-0.028809
-0.005371
0.009766
-0.005371
-0.009277
-0.020996
-0.017090
-0.036621
-0.036621
-0.052246
-0.024902
-0.040527
-0.067871
-0.063965
-0.067871
-0.067871
-0.083496
-0.063965
-0.040527
-0.060059
-0.005371
-0.032715
0.005859
0.044434
0.087402
0.025391
0.009766
0.009766
-0.028809
0.001953
-0.095215
0.056152
0.087402
0.091309
0.017578
-0.005371
-0.079590
-0.075684
-0.044434
-0.040527
-0.013184
0.009766
0.009766
-0.017090
-0.028809
-0.020996
-0.020996
0.017578
0.025391
0.021484
0.044434
0.033203
0.037109
-0.005371
0.009766
0.048340
0.025391
0.029297
0.029297
0.041016
0.025391
0.056152
0.056152
0.063965
0.071777
0.067871
0.075684
0.095215
0.110840
0.095215
0.087402
0.079590
0.075684
0.060059
0.063965
0.048340
0.095215
0.106934
0.110840
0.130371
0.118652
0.079590
0.169434
0.181152
0.134277
0.110840
0.278320
0.266602
0.211914
0.231445
0.196777
0.223633
0.208008
0.231445
0.223633
0.231445
0.211914
0.243164
0.231445
0.247070
0.250977
0.243164
0.270508
0.266602
0.262695
0.243164
0.286133
0.325195
0.313477
0.360352
0.418457
0.372070
0.395020
0.379395
0.372070
0.379395
0.364258
0.372070
0.344727
0.340820
0.321289
0.340820
0.348633
0.368164
0.375488
0.379395
0.383301
0.360352
0.418457
0.422363
0.406738
0.418457
0.441895
0.430176
0.449707
0.457520
0.477051
0.504394
0.523926
0.589844
0.585938
0.605469
0.625000
0.613281
0.628906
0.617188
0.609375
0.605469
0.636719
0.632813
0.648438
0.632813
0.628906
0.632813
0.632813
0.644531
0.664063
0.687500
0.714356
0.733887
0.749512
0.761231
0.796387
0.780762
0.780762
0.780762
0.753418
0.753418
0.765137
0.749512
0.753418
0.761231
0.765137
0.776856
0.772949
0.761231
0.749512
0.765137
0.769043
0.776856
0.788574
0.796387
0.812012
0.831543
0.870606
0.835449
0.843262
0.858887
0.827637
0.788574
0.812012
0.800293
0.823731
0.827637
0.831543
0.839356
0.843262
0.815918
0.827637
0.831543
0.827637
0.839356
0.847168
0.847168
0.862793
0.815918
0.913086
0.940430
0.932617
0.924805
0.924805
0.924805
0.932617
0.920898
0.920898
0.916992
0.916992
0.897461
0.916992
0.916992
0.901367
0.944336
0.975586
0.936523
0.963867
0.971680
0.956055
0.944336
0.967773
0.991211
0.971680
0.963867
0.963867
0.979492
0.959961
0.979492
0.979492
0.948242
0.959961
0.948242
0.987305
0.999023
0.999023
0.995117
1.002930
1.006836
0.999023
0.967773
0.971680
0.967773
0.948242
0.924805
0.948242
0.944336
0.956055
0.948242
0.967773
0.963867
0.987305
0.971680
0.971680
0.959961
0.963867
0.952148
0.948242
0.975586
0.987305
0.979492
0.983398
0.987305
1.010742
0.987305
1.006836
0.983398
0.991211
0.975586
0.983398
0.991211
0.979492
0.999023
1.014648
1.041504
1.014648
1.014648
1.026367
1.010742
0.987305
0.987305
0.987305
0.979492
1.002930
0.987305
0.991211
1.014648
0.987305
0.995117
0.979492
0.967773
0.963867
0.944336
0.967773
0.956055
0.983398
0.979492
0.979492
0.956055
0.979492
0.979492
0.979492
0.971680
0.959961
0.971680
0.983398
0.983398
0.999023
1.018555
1.018555
1.038086
1.034180
1.034180
1.030273
0.991211
0.991211
0.995117
1.014648
0.999023
0.987305
1.002930
0.999023
0.975586
0.987305
0.967773
1.045410
0.999023
0.999023
0.987305
0.975586
0.979492
0.975586
0.971680
0.979492
1.010742
0.991211
1.006836
1.002930
1.002930
1.014648
0.987305
1.034180
1.022461
1.018555
0.991211
0.983398
1.010742
1.002930
0.987305
0.991211
0.999023
0.983398
0.983398
0.963867
0.975586
0.987305
0.991211
0.999023
1.002930
1.034180
0.999023
0.999023
1.018555
1.026367
1.006836
1.010742
1.041504
1.006836
1.038086
1.014648
1.030273
0.999023
0.995117
0.983398
0.979492
1.002930
1.010742
0.991211
0.999023
1.018555
1.002930
0.991211
1.018555
0.999023
1.010742
1.014648
1.030273
1.026367
0.991211
1.002930
1.006836
1.010742
0.983398
0.991211
1.002930
0.987305
0.995117
0.995117
0.987305
1.002930
1.010742
0.987305
1.010742
1.018555
1.006836
0.991211
1.010742
0.987305
0.987305
0.987305
0.979492
0.967773
0.979492
0.987305
0.975586
1.002930
0.991211
1.002930
1.018555
1.022461
1.010742
0.983398
1.010742
0.991211
0.995117
1.006836
1.010742
0.975586
0.995117
0.991211
0.991211
0.971680
1.010742
0.987305
0.983398
0.991211
0.999023
0.983398
0.975586
1.002930
0.999023
0.995117
0.987305
0.975586
0.967773
0.979492
0.975586
0.983398
0.991211
0.979492
1.010742
1.014648
1.006836
0.979492
0.979492
1.002930
1.010742
0.983398
1.002930
1.002930
1.022461
1.014648
0.999023
1.022461
1.022461
1.006836
1.002930
0.987305
0.987305
0.995117
0.995117
0.999023
1.018555
1.018555
0.999023
0.991211
0.995117
0.963867
0.987305
0.987305
0.995117
0.995117
0.971680
1.002930
1.010742
0.983398
0.995117
0.999023
0.971680
0.979492
0.975586
0.991211
0.971680
0.999023
0.991211
1.006836
0.999023
0.995117
0.987305
0.991211
0.991211
1.014648
0.979492
0.983398
0.979492
0.983398
0.987305
0.979492
1.010742
1.022461
1.010742
1.002930
1.022461
1.006836
0.999023
0.983398
0.975586
0.987305
0.975586
0.995117
0.987305
0.995117
1.026367
1.022461
1.002930
0.991211
1.010742
1.002930
0.987305
0.979492
0.995117
1.010742
0.991211
0.991211
0.995117
0.991211
0.999023
0.999023
0.995117
0.975586
1.002930
0.987305
1.010742
1.018555
1.014648
1.010742
0.991211
1.018555
0.979492
0.975586
0.983398
1.002930
0.987305
0.995117
0.999023
0.971680
0.991211
0.959961
0.991211
1.010742
0.983398
1.026367
0.987305
0.991211
0.995117
0.987305
0.983398
0.999023
1.022461
1.018555
1.014648
1.010742
0.991211
0.991211
1.002930
0.983398
1.018555
1.018555
1.010742
1.010742
1.018555
1.026367
0.991211
0.987305
1.010742
1.018555
0.987305
1.002930
1.002930
0.991211
1.010742
1.026367
0.991211
1.010742
0.983398
1.010742
1.010742
1.010742
0.995117
1.018555
0.999023
1.014648
0.995117
0.995117
1.006836
0.983398
0.987305
0.983398
0.987305
1.014648
1.014648
1.010742
1.014648
1.010742
0.999023
0.991211
0.995117
0.979492
0.995117
0.991211
0.979492
0.983398
1.010742
0.991211
1.014648
0.983398
0.983398
0.987305
0.971680
0.983398
0.987305
0.991211
0.983398
1.010742
0.995117
0.987305
1.002930
0.995117
0.971680
0.975586
0.987305
1.010742
0.999023
0.999023
1.010742
0.959961
1.010742
1.010742
0.983398
0.991211
1.010742
0.991211
0.999023
0.995117
0.987305
0.991211
0.999023
0.995117
0.991211
0.979492
0.991211
0.991211
0.987305
1.010742
0.987305
1.010742
1.010742
1.010742
0.979492
0.999023
1.010742
1.014648
0.983398
1.053223
1.034180
1.022461
1.002930
1.034180
1.026367
1.010742
1.022461
1.022461
1.006836
1.002930
0.995117
1.006836
0.995117
1.010742
1.014648
1.034180
1.006836
1.014648
1.018555
1.022461
1.041504
1.045410
1.026367
1.034180
1.010742
1.018555
1.030273
1.026367
1.018555
1.014648
1.014648
1.014648
1.010742
1.010742
1.006836
1.034180
1.026367
1.018555
0.995117
0.979492
1.014648
0.983398
0.979492
0.959961
0.975586
0.920898
0.956055
0.944336
0.948242
0.975586
0.975586
1.030273
1.045410
1.045410
1.034180
1.030273
1.026367
1.038086
1.010742
0.991211
0.983398
0.975586
0.979492
0.967773
0.975586
0.956055
0.979492
0.956055
0.944336
0.952148
0.936523
0.948242
0.944336
0.963867
0.987305
0.999023
1.002930
1.014648
1.045410
1.026367
1.018555
0.999023
1.018555
0.995117
0.987305
0.971680
0.963867
0.971680
0.956055
0.956055
0.963867
0.952148
0.944336
0.967773
0.959961
0.936523
0.956055
0.924805
0.881836
0.905273
0.870606
0.866699
0.843262
0.800293
0.796387
0.808106
0.823731
0.827637
0.804199
0.788574
0.792481
0.788574
0.800293
0.780762
0.733887
0.741699
0.757324
0.737793
0.707031
0.664063
0.675781
0.648438
0.667969
0.648438
0.644531
0.625000
0.585938
0.589844
0.574219
0.578125
0.570313
0.574219
0.582031
0.554688
0.546875
0.480957
0.504394
0.496582
0.477051
0.512207
0.477051
0.437988
0.383301
0.402832
0.379395
0.364258
0.352539
0.313477
0.301758
0.297852
0.282227
0.235352
0.247070
0.247070
0.254883
0.243164
0.250977
0.208008
0.181152
0.161621
0.114746
0.114746
0.060059
0.052246
0.052246
0.021484
-0.017090
-0.017090
-0.020996
-0.040527
-0.028809
-0.060059
-0.075684
-0.141602
-0.137695
-0.118652
-0.149414
-0.137695
-0.157227
-0.176758
-0.200195
-0.235352
-0.286133
-0.297363
-0.387207
-0.387207
-0.371582
-0.414551
-0.395020
-0.398926
-0.418457
-0.422363
-0.445801
-0.492188
-0.511719
-0.523438
-0.527344
-0.566406
-0.531250
-0.515625
-0.511719
-0.582031
-0.613281
-0.675293
-0.679199
-0.655762
-0.683106
-0.659668
-0.694824
-0.722168
-0.753418
-0.769043
-0.757324
-0.753418
-0.757324
-0.761231
-0.757324
-0.769043
-0.791992
-0.803711
-0.807617
-0.788574
-0.799805
-0.803711
-0.776856
-0.799805
-0.827148
-0.842773
-0.877930
-0.901367
-0.901367
-0.897461
-0.916992
-0.924805
-0.909180
-0.913086
-0.924805
-0.928711
-0.940430
-0.952148
-0.932617
-0.909180
-0.940430
-0.928711
-0.924805
-0.901367
-0.893555
-0.889648
-0.881836
-0.893555
-0.909180
-0.932617
-0.944336
-0.936523
-0.936523
-0.940430
-0.948242
-0.940430
-0.920898
-0.940430
-0.928711
-0.932617
-0.948242
-0.967285
-0.952148
-0.986816
-0.948242
-0.940430
-0.952148
-0.963379
-0.967285
-0.971191
-0.959473
-0.944336
-0.971191
-0.986816
-0.971191
-0.959473
-0.975098
-0.952148
-0.963379
-0.963379
-0.959473
-0.990723
-0.967285
-0.982910
-0.971191
-0.967285
-0.971191
-0.990723
-0.959473
-0.940430
-0.944336
-0.967285
-0.990723
-1.002441
-1.037598
-1.037598
-1.053223
-1.057129
-1.053223
-1.049316
-1.033691
-1.006348
-0.982910
-0.971191
-0.971191
-0.986816
-0.971191
-0.994629
-0.998535
-1.002441
-0.986816
-1.002441
-1.021973
-1.014160
-1.037598
-1.033691
-1.033691
-1.021973
-1.006348
-1.014160
-1.014160
-1.002441
-1.006348
-1.010254
-1.002441
-1.025879
-1.025879
-1.014160
-1.002441
-1.006348
-0.998535
-1.002441
-0.986816
-1.002441
-1.002441
-1.002441
-1.029785
-1.033691
-1.018066
-0.994629
-0.948242
-0.971191
-0.952148
-0.990723
-1.002441
-1.002441
-1.006348
-1.018066
-1.018066
-1.014160
-1.033691
-1.002441
-1.018066
-0.979004
-0.994629
-0.998535
-1.025879
-0.998535
-0.998535
-0.990723
-1.014160
-1.021973
-1.021973
-0.998535
-1.014160
-0.998535
-0.998535
-0.990723
-0.990723
-0.998535
-1.002441
-1.021973
-1.006348
-1.010254
-1.002441
-0.994629
-0.990723
-0.994629
-1.014160
-0.998535
-0.998535
-1.018066
-1.010254
-1.010254
-1.025879
-1.006348
-1.010254
-0.990723
-1.021973
-0.990723
-1.025879
-1.010254
-0.990723
-0.990723
-0.994629
-0.986816
-0.971191
-0.990723
-1.002441
-0.998535
-1.018066
-0.994629
-0.986816
-0.998535
-1.002441
-1.010254
-1.033691
-1.021973
-1.006348
-1.025879
-0.990723
-0.975098
-0.986816
-0.986816
-0.994629
-1.006348
-0.975098
-0.998535
-0.994629
-0.998535
-1.010254
-0.994629
-0.982910
-0.998535
-0.979004
-0.986816
-0.994629
-0.986816
-0.998535
-0.998535
-0.994629
-0.979004
-1.002441
-0.998535
-1.006348
-1.010254
-1.010254
-0.990723
-0.998535
-0.986816
-0.998535
-1.014160
-0.979004
-1.002441
-1.006348
-1.006348
-0.998535
-0.998535
-0.982910
-0.986816
-0.971191
-0.990723
-1.002441
-0.975098
-0.975098
-1.006348
-1.010254
-0.998535
-1.014160
-1.021973
-1.010254
-0.994629
-0.994629
-0.986816
-0.998535
-0.998535
-1.021973
-0.994629
-0.998535
-1.002441
-0.998535
-1.006348
-0.994629
-0.998535
-1.014160
-1.025879
-1.002441
-0.994629
-0.979004
-1.002441
-0.998535
-1.006348
-1.010254
-1.014160
-1.006348
-0.986816
-0.979004
-0.994629
-0.998535
-0.986816
-0.990723
-0.986816
-1.014160
-1.006348
-1.018066
-0.990723
-1.006348
-0.986816
-1.002441
-1.006348
-1.006348
-1.002441
-0.994629
-0.982910
-0.971191
-0.986816
-0.979004
-0.990723
-1.018066
-1.006348
-0.998535
-0.986816
-0.971191
-0.998535
-1.002441
-1.010254
-1.010254
-0.990723
-1.002441
-0.986816
-0.979004
-0.979004
-0.990723
-1.002441
-0.975098
-0.998535
-0.971191
-1.002441
-1.010254
-1.021973
-1.018066
-1.002441
-0.994629
-1.002441
-1.002441
-0.990723
-0.990723
-1.018066
-1.010254
-1.002441
-1.002441
-0.998535
-1.002441
-1.002441
-0.998535
-1.025879
-0.994629
-1.010254
-0.990723
-1.002441
-0.990723
-1.006348
-0.975098
-1.006348
-0.986816
-0.990723
-0.975098
-1.002441
-1.002441
-0.986816
-1.002441
-0.975098
-0.994629
-1.010254
-1.006348
-0.990723
-0.994629
-0.986816
-1.006348
-0.990723
-0.963379
-0.971191
-0.975098
-1.010254
-0.998535
-1.006348
-0.979004
-0.998535
-0.994629
-0.986816
-0.994629
-0.998535
-1.010254
-1.002441
-0.986816
-0.990723
-0.986816
-0.990723
-1.021973
-1.010254
-0.975098
-1.002441
-1.018066
-1.006348
-1.025879
-0.986816
-1.014160
-1.018066
-1.014160
-1.006348
-1.010254
-0.990723
-1.014160
-1.006348
-1.018066
-1.002441
-1.006348
-0.986816
-0.986816
-0.994629
-0.986816
-0.986816
-0.986816
-0.990723
-0.986816
-0.998535
-1.002441
-1.002441
-1.010254
-1.010254
-0.990723
-1.006348
-0.990723
-1.010254
-1.014160
-1.010254
-0.998535
-0.986816
-0.990723
-1.002441
-0.986816
-1.002441
-0.994629
-1.002441
-0.998535
-0.998535
-0.982910
-0.990723
-0.986816
-0.998535
-1.002441
-1.018066
-1.002441
-0.994629
-1.014160
-1.010254
-0.990723
-1.002441
-0.956055
-0.994629
-0.971191
-0.990723
-0.994629
-0.990723
-0.994629
-0.982910
-1.006348
-0.990723
-0.998535
-0.994629
-1.002441
-1.006348
-1.010254
-1.021973
-0.990723
-0.986816
-0.971191
-0.986816
-0.994629
-0.998535
-0.998535
-0.967285
-0.990723
-0.986816
-0.975098
-0.990723
-1.025879
-1.002441
-0.998535
-1.010254
-1.010254
-1.014160
-1.014160
-0.998535
-0.998535
-1.014160
-0.994629
-1.021973
-1.006348
-0.998535
-0.990723
-0.998535
-0.990723
-0.986816
-0.982910
-1.018066
-1.002441
-0.990723
-0.998535
-1.010254
-1.006348
-1.006348
-0.998535
-1.002441
-1.002441
-0.979004
-0.975098
-0.990723
-1.006348
-1.006348
-0.998535
-1.018066
-0.986816
-1.006348
-1.033691
-0.990723
-0.982910
-0.994629
-0.994629
-1.002441
-1.010254
-0.986816
-1.010254
-1.018066
-1.025879
-0.990723
-0.994629
-1.021973
-1.006348
-1.014160
-1.014160
-1.006348
-0.994629
-1.010254
-1.014160
-1.018066
-1.021973
-0.994629
-1.029785
-0.994629
-1.006348
-1.037598
-1.014160
-1.021973
-0.998535
-0.998535
-1.025879
-1.018066
-1.025879
-1.033691
-1.014160
-1.014160
-1.029785
-1.029785
-1.018066
-1.002441
-1.037598
-1.029785
-1.021973
-1.018066
-1.033691
-1.014160
-1.002441
-1.014160
-1.025879
-1.014160
-1.014160
-1.014160
-1.010254
-1.014160
-1.033691
-0.998535
-1.021973
-1.014160
-1.021973
-0.971191
-0.979004
-0.986816
-0.956055
-0.963379
-0.986816
-0.998535
-0.975098
-0.975098
-0.986816
-0.963379
-0.967285
-0.956055
-0.952148
-0.948242
-0.956055
-0.959473
-0.948242
-0.936523
-0.940430
-0.924805
-0.944336
-0.928711
-0.932617
-0.916992
-0.909180
-0.916992
-0.893555
-0.881836
-0.885742
-0.877930
-0.897461
-0.870117
-0.862305
-0.862305
-0.866211
-0.881836
-0.885742
-0.870117
-0.870117
-0.862305
-0.881836
-0.885742
-0.850586
-0.862305
-0.803711
-0.765137
-0.757324
-0.737793
-0.737793
-0.690918
-0.706543
-0.710449
-0.706543
-0.718262
-0.718262
-0.706543
-0.675293
-0.644043
-0.628418
-0.609375
-0.597656
-0.628418
-0.632324
-0.644043
-0.632324
-0.655762
-0.632324
-0.597656
-0.562500
-0.535156
-0.535156
-0.542969
-0.527344
-0.527344
-0.500000
-0.496094
-0.507813
-0.480469
-0.449707
-0.453613
-0.410645
-0.414551
-0.430176
-0.414551
-0.434082
-0.426270
-0.434082
-0.422363
-0.410645
-0.371582
-0.363770
-0.359863
-0.371582
-0.398926
-0.363770
-0.320801
-0.344238
-0.312988
-0.320801
-0.320801
-0.278320
-0.320801
-0.316895
-0.301270
-0.258789
-0.262695
-0.270508
-0.278320
-0.278320
-0.305176
-0.254883
-0.247070
-0.223633
-0.204102
-0.180664
-0.176758
-0.223633
-0.208008
-0.243164
-0.231445
-0.247070
-0.215820
-0.204102
-0.157227
-0.172852
-0.153320
-0.176758
-0.157227
-0.149414
-0.125977
-0.157227
-0.133789
-0.137695
-0.125977
-0.141602
-0.125977
-0.087402
-0.075684
-0.067871
-0.048340
-0.024902
-0.020996
-0.060059
-0.056152
-0.099121
-0.083496
-0.071777
-0.075684
-0.048340
-0.052246
-0.063965
-0.071777
-0.067871
-0.028809
-0.056152
-0.063965
-0.036621
-0.020996
-0.005371
0.013672
0.017578
0.005859
-0.005371
-0.005371
-0.005371
-0.020996
-0.020996
-0.028809
-0.032715
-0.044434
-0.028809
-0.028809
-0.036621
-0.052246
-0.036621
-0.036621
-0.040527
-0.052246
-0.020996
-0.020996
-0.005371
0.009766
-0.028809
-0.032715
-0.024902
-0.024902
-0.028809
-0.017090
-0.005371
0.021484
0.021484
0.009766
-0.001465
0.001953
-0.013184
-0.017090
-0.005371
-0.005371
-0.001465
-0.017090
-0.017090
-0.017090
-0.032715
-0.024902
-0.032715
-0.032715
-0.024902
-0.028809
-0.020996
-0.009277
-0.009277
-0.044434
-0.044434
-0.063965
-0.044434
-0.044434
-0.036621
-0.036621
-0.017090
-0.024902
-0.013184
-0.017090
-0.020996
-0.052246
-0.028809
-0.036621
-0.024902
-0.017090
-0.036621
-0.044434
-0.024902
-0.032715
-0.036621
-0.020996
-0.060059
-0.024902
-0.056152
-0.044434
-0.040527
-0.036621
-0.040527
-0.056152
-0.067871
-0.024902
-0.044434
-0.032715
-0.040527
-0.056152
-0.036621
-0.040527
-0.032715
-0.024902
-0.024902
-0.036621
-0.048340
-0.052246
-0.032715
-0.052246
-0.056152
-0.067871
-0.052246
-0.079590
-0.036621
-0.056152
-0.024902
-0.052246
-0.024902
-0.040527
-0.067871
-0.017090
-0.044434
-0.013184
-0.005371
-0.032715
-0.036621
-0.017090
-0.024902
-0.060059
-0.020996
-0.020996
-0.040527
-0.017090
-0.044434
-0.052246
-0.044434
-0.056152
-0.056152
-0.048340
-0.052246
-0.067871
-0.044434
-0.052246
-0.056152
-0.056152
-0.044434
-0.040527
-0.040527
-0.056152
-0.044434
-0.044434
-0.052246
-0.028809
-0.044434
-0.056152
-0.063965
-0.056152
-0.056152
-0.032715
-0.056152
-0.067871
-0.040527
-0.067871
-0.079590
-0.063965
-0.067871
-0.067871
-0.060059
-0.079590
-0.071777
-0.052246
-0.052246
-0.063965
-0.052246
-0.056152
-0.032715
-0.067871
-0.052246
-0.071777
-0.067871
-0.060059
-0.044434
-0.067871
-0.060059
-0.075684
-0.087402
-0.048340
-0.075684
-0.071777
-0.083496
-0.079590
-0.071777
-0.071777
-0.075684
-0.060059
-0.083496
-0.079590
-0.067871
-0.095215
-0.071777
-0.083496
-0.052246
-0.060059
-0.071777
-0.052246
-0.067871
-0.056152
-0.067871
-0.071777
-0.067871
-0.063965
-0.071777
-0.067871
-0.063965
-0.056152
-0.056152
-0.067871
-0.056152
-0.056152
-0.075684
-0.087402
-0.067871
-0.060059
-0.087402
-0.071777
-0.060059
-0.063965
-0.052246
-0.036621
-0.052246
-0.063965
-0.063965
-0.060059
-0.056152
-0.056152
-0.044434
-0.052246
-0.075684
-0.075684
-0.071777
-0.060059
-0.079590
-0.075684
-0.067871
-0.063965
-0.079590
-0.071777
-0.071777
-0.071777
-0.091309
-0.071777
-0.079590
-0.079590
-0.075684
-0.083496
-0.079590
-0.056152
-0.056152
-0.063965
-0.052246
-0.083496
-0.056152
-0.063965
-0.048340
-0.079590
-0.075684
-0.063965
-0.087402
-0.063965
-0.056152
-0.044434
-0.052246
-0.052246
-0.063965
-0.052246
-0.052246
-0.044434
-0.056152
-0.044434
-0.036621
-0.052246
-0.060059
-0.056152
-0.040527
-0.071777
-0.040527
-0.063965
-0.067871
-0.067871
-0.056152
-0.067871
-0.079590
-0.071777
-0.060059
-0.071777
-0.087402
-0.056152
-0.071777
-0.083496
-0.060059
-0.083496
-0.067871
-0.083496
-0.056152
-0.060059
-0.087402
-0.052246
-0.056152
-0.063965
-0.067871
-0.075684
-0.063965
-0.063965
-0.071777
-0.060059
-0.067871
-0.063965
-0.067871
-0.071777
-0.067871
-0.063965
-0.056152
-0.060059
-0.044434
-0.044434
-0.048340
-0.056152
-0.044434
-0.048340
-0.040527
-0.036621
-0.052246
-0.052246
-0.063965
-0.048340
-0.060059
-0.052246
-0.067871
-0.052246
-0.036621
-0.032715
-0.040527
-0.052246
-0.024902
-0.052246
-0.063965
-0.056152
-0.044434
-0.040527
-0.056152
-0.060059
-0.048340
-0.052246
-0.060059
-0.052246
-0.048340
-0.087402
-0.056152
-0.048340
-0.048340
-0.060059
-0.052246
-0.052246
-0.048340
-0.067871
-0.071777
-0.040527
-0.048340
-0.032715
-0.052246
-0.056152
-0.056152
-0.083496
-0.060059
-0.079590
-0.099121
-0.071777
-0.083496
-0.056152
-0.071777
-0.048340
-0.079590
-0.067871
-0.071777
-0.083496
-0.099121
-0.087402
-0.071777
-0.079590
-0.067871
-0.075684
-0.079590
-0.067871
-0.087402
-0.114746
-0.114746
-0.083496
-0.087402
-0.071777
-0.067871
-0.060059
-0.032715
-0.036621
-0.028809
-0.060059
-0.036621
-0.036621
-0.067871
-0.095215
-0.056152
-0.063965
-0.060059
-0.063965
-0.067871
-0.083496
-0.087402
-0.114746
-0.071777
-0.083496
-0.091309
-0.305176
-0.052246
-0.060059
-0.067871
-0.141602
-0.079590
-0.087402
-0.075684
-0.056152
-0.079590
-0.071777
-0.060059
-0.067871
-0.079590
-0.099121
-0.099121
-0.095215
-0.075684
-0.036621
-0.036621
0.009766
-0.028809
-0.063965
-0.052246
-0.044434
-0.044434
-0.040527
0.001953
-0.017090
-0.009277
-0.028809
-0.036621
-0.020996
-0.013184
-0.009277
0.005859
0.005859
0.001953
0.013672
0.009766
-0.009277
-0.013184
-0.024902
-0.024902
-0.028809
0.005859
0.060059
0.056152
0.067871
0.067871
0.075684
0.052246
0.075684
0.075684
0.025391
0.029297
0.052246
0.009766
0.009766
0.048340
0.033203
0.033203
0.041016
0.056152
0.052246
0.052246
0.052246
0.056152
0.025391
0.021484
0.052246
0.048340
0.033203
0.063965
0.056152
0.071777
0.083496
0.087402
0.060059
0.052246
0.063965
0.079590
0.091309
0.099121
0.067871
0.060059
0.067871
0.033203
0.052246
0.037109
0.029297
0.044434
0.067871
0.071777
0.056152
0.067871
0.075684
0.071777
0.067871
0.056152
0.033203
0.044434
0.021484
0.037109
0.044434
0.041016
0.048340
0.071777
0.079590
0.052246
0.033203
0.044434
0.041016
0.079590
0.083496
0.091309
0.087402
0.079590
0.110840
0.056152
0.052246
0.063965
0.009766
0.041016
0.048340
0.037109
0.033203
0.044434
0.044434
0.060059
0.009766
0.021484
0.033203
0.009766
-0.001465
0.009766
0.009766
0.017578
0.005859
0.009766
0.009766
-0.009277
0.044434
0.313477
0.075684
-0.114746
-0.024902
-0.024902
-0.024902
-0.075684
-0.056152
-0.009277
0.037109
-0.091309
-0.099121
-0.106934
-0.060059
0.017578
0.001953
0.001953
-0.020996
0.025391
0.041016
-0.013184
-0.009277
-0.005371
-0.020996
-0.024902
-0.028809
-0.001465
-0.036621
-0.103027
-0.052246
0.005859
-0.001465
-0.020996
-0.040527
-0.028809
-0.013184
0.005859
0.037109
0.037109
0.001953
0.009766
0.005859
-0.020996
-0.056152
-0.028809
-0.036621
-0.040527
-0.056152
-0.079590
-0.052246
-0.040527
-0.048340
-0.071777
-0.048340
-0.040527
-0.052246
-0.024902
-0.024902
-0.040527
-0.056152
-0.079590
-0.087402
-0.103027
-0.087402
-0.071777
-0.079590
-0.091309
-0.060059
-0.067871
-0.067871
-0.075684
-0.067871
-0.052246
-0.052246
-0.032715
-0.036621
-0.032715
-0.036621
-0.017090
-0.005371
-0.013184
-0.005371
-0.020996
-0.036621
-0.048340
-0.036621
-0.017090
-0.036621
-0.024902
-0.020996
-0.032715
-0.040527
-0.056152
-0.052246
-0.036621
-0.040527
-0.052246
-0.052246
-0.075684
-0.071777
-0.067871
-0.063965
-0.083496
-0.071777
-0.075684
-0.044434
-0.079590
-0.071777
-0.060059
-0.067871
-0.071777
-0.060059
-0.060059
-0.083496
-0.067871
-0.052246
-0.056152
-0.024902
-0.024902
-0.028809
-0.020996
-0.044434
-0.048340
-0.052246
-0.040527
-0.028809
-0.024902
-0.056152
-0.040527
-0.024902
-0.017090
-0.048340
-0.036621
-0.048340
-0.040527
-0.056152
-0.063965
-0.083496
-0.079590
-0.095215
-0.056152
-0.056152
-0.060059
-0.044434
-0.052246
-0.067871
-0.071777
-0.063965
-0.067871
-0.032715
-0.032715
-0.063965
-0.040527
-0.052246
-0.048340
-0.060059
-0.060059
-0.052246
-0.079590
-0.063965
-0.063965
-0.079590
-0.075684
-0.079590
-0.063965
-0.071777
-0.071777
-0.060059
-0.083496
-0.063965
-0.091309
-0.083496
-0.060059
-0.052246
-0.048340
-0.052246
-0.071777
-0.067871
-0.079590
-0.071777
-0.079590
-0.060059
-0.075684
-0.071777
-0.099121
-0.067871
-0.103027
-0.125977
-0.099121
-0.071777
-0.103027
-0.099121
-0.087402
-0.103027
-0.114746
-0.103027
-0.099121
-0.114746
-0.110840
-0.118652
-0.087402
-0.083496
-0.083496
-0.091309
-0.095215
-0.079590
-0.095215
-0.083496
-0.114746
-0.106934
-0.091309
-0.091309
-0.099121
-0.106934
-0.114746
-0.114746
-0.125977
-0.118652
-0.133789
-0.129883
-0.125977
-0.114746
-0.122559
-0.118652
-0.125977
-0.103027
-0.103027
-0.091309
-0.087402
-0.103027
-0.091309
-0.095215
-0.067871
-0.071777
-0.079590
-0.087402
-0.071777
-0.095215
-0.099121
-0.114746
-0.087402
-0.075684
-0.095215
-0.099121
-0.091309
-0.114746
-0.099121
-0.114746
-0.110840
-0.087402
-0.095215
-0.095215
-0.075684
-0.114746
-0.099121
-0.083496
-0.071777
-0.083496
-0.095215
-0.083496
-0.083496
-0.099121
-0.095215
-0.114746
-0.095215
-0.114746
-0.106934
-0.087402
-0.091309
-0.103027
-0.075684
-0.114746
-0.095215
-0.083496
-0.083496
-0.091309
-0.091309
-0.079590
-0.083496
-0.083496
-0.091309
-0.091309
-0.106934
-0.087402
-0.114746
-0.083496
-0.099121
-0.103027
-0.114746
-0.103027
-0.087402
-0.095215
-0.110840
-0.114746
-0.122559
-0.114746
-0.099121
-0.114746
-0.106934
-0.118652
-0.114746
-0.099121
-0.110840
-0.122559
-0.083496
-0.091309
-0.099121
-0.099121
-0.091309
-0.091309
-0.087402
-0.095215
-0.106934
-0.095215
-0.095215
-0.079590
-0.114746
-0.095215
-0.118652
-0.099121
-0.099121
-0.063965
-0.067871
-0.071777
-0.099121
-0.087402
-0.079590
-0.060059
-0.083496
-0.063965
-0.087402
-0.091309
-0.079590
-0.079590
-0.091309
-0.095215
-0.075684
-0.083496
-0.060059
-0.052246
-0.060059
-0.067871
-0.048340
-0.071777
-0.075684
-0.083496
-0.079590
-0.083496
-0.099121
-0.087402
-0.083496
-0.067871
-0.087402
-0.063965
-0.060059
-0.099121
-0.103027
-0.087402
-0.091309
-0.099121
-0.118652
-0.125977
-0.118652
-0.129883
-0.125977
-0.125977
-0.099121
-0.114746
-0.095215
-0.099121
-0.083496
-0.079590
-0.075684
-0.099121
-0.099121
-0.114746
-0.099121
-0.099121
-0.087402
-0.129883
-0.118652
-0.141602
-0.129883
-0.133789
-0.091309
-0.099121
-0.114746
-0.091309
-0.099121
-0.114746
-0.103027
-0.125977
-0.114746
-0.114746
-0.099121
-0.114746
-0.118652
-0.095215
-0.118652
-0.106934
-0.118652
-0.114746
-0.103027
-0.095215
-0.087402
-0.103027
-0.095215
-0.099121
-0.103027
-0.071777
-0.079590
-0.087402
-0.114746
-0.114746
-0.114746
-0.118652
-0.103027
-0.083496
-0.063965
-0.060059
-0.079590
-0.036621
-0.067871
-0.083496
-0.133789
-0.149414
-0.149414
-0.153320
-0.114746
-0.114746
-0.091309
-0.114746
-0.095215
-0.095215
-0.099121
-0.168945
-0.137695
-0.083496
-0.079590
-0.036621
-0.013184
-0.024902
-0.083496
-0.044434
-0.032715
-0.028809
-0.052246
-0.087402
-0.075684
-0.044434
-0.052246
-0.001465
-0.040527
-0.052246
-0.044434
-0.060059
-0.060059
-0.095215
-0.114746
-0.095215
-0.099121
-0.083496
-0.067871
-0.040527
-0.060059
-0.063965
-0.060059
-0.044434
-0.091309
-0.087402
-0.087402
-0.071777
-0.056152
-0.091309
-0.056152
-0.036621
-0.017090
-0.013184
-0.005371
-0.024902
-0.017090
-0.009277
-0.028809
-0.036621
-0.060059
-0.056152
-0.052246
-0.075684
-0.067871
-0.091309
-0.079590
-0.087402
-0.013184
-0.087402
-0.067871
-0.067871
-0.075684
-0.075684
-0.095215
-0.087402
-0.103027
-0.103027
-0.114746
-0.067871
-0.137695
-0.091309
-0.114746
-0.079590
-0.079590
-0.099121
-0.133789
-0.075684
-0.125977
-0.122559
-0.103027
-0.075684
-0.114746
-0.103027
-0.125977
-0.087402
-0.060059
-0.067871
-0.095215
-0.095215
-0.145508
-0.145508
-0.137695
-0.149414
-0.145508
-0.114746
-0.149414
-0.118652
-0.110840
-0.075684
-0.161133
-0.141602
-0.133789
-0.133789
-0.129883
-0.149414
-0.114746
-0.157227
-0.118652
-0.137695
-0.122559
-0.114746
-0.118652
-0.161133
-0.290039
-0.250977
-0.188477
-0.247070
-0.165039
-0.133789
-0.145508
-0.161133
-0.114746
-0.118652
-0.114746
-0.087402
-0.075684
0.071777
-0.032715
-0.067871
-0.024902
-0.036621
-0.020996
-0.106934
-0.137695
-0.122559
-0.032715
-0.005371
0.052246
0.056152
0.063965
0.029297
0.044434
0.033203
0.091309
0.048340
0.029297
0.037109
0.041016
0.001953
0.001953
0.009766
0.009766
0.021484
0.009766
0.025391
0.033203
-0.005371
-0.013184
-0.005371
0.009766
-0.013184
-0.017090
0.021484
0.041016
0.048340
0.037109
0.091309
0.079590
0.087402
0.052246
0.044434
0.048340
0.063965
0.041016
0.091309
0.009766
0.009766
0.021484
0.037109
0.009766
-0.032715
0.005859
-0.009277
0.005859
-0.009277
0.017578
-0.009277
-0.087402
0.029297
0.025391
0.052246
0.009766
0.005859
-0.001465
-0.005371
0.005859
0.005859
0.021484
0.009766
0.025391
0.025391
0.021484
-0.017090
-0.020996
-0.017090
-0.044434
-0.036621
0.017578
0.005859
0.025391
0.009766
0.009766
0.009766
-0.009277
-0.009277
0.041016
0.021484
-0.005371
0.005859
-0.005371
0.005859
-0.020996
-0.028809
-0.052246
-0.024902
-0.020996
-0.040527
-0.024902
-0.052246
-0.017090
-0.005371
-0.020996
-0.009277
-0.032715
-0.036621
-0.009277
-0.009277
-0.017090
-0.017090
-0.017090
-0.024902
-0.009277
-0.048340
-0.028809
-0.028809
-0.052246
-0.013184
-0.009277
-0.032715
-0.040527
-0.013184
-0.024902
0.005859
-0.005371
0.009766
-0.005371
0.013672
0.001953
0.005859
-0.005371
0.017578
-0.009277
-0.001465
-0.001465
-0.020996
-0.028809
-0.028809
-0.020996
-0.044434
-0.020996
-0.013184
-0.017090
-0.020996
-0.017090
-0.005371
-0.024902
-0.024902
-0.052246
-0.020996
-0.028809
-0.005371
-0.005371
-0.001465
-0.005371
0.001953
-0.009277
-0.005371
0.009766
0.009766
-0.001465
-0.001465
-0.005371
-0.009277
-0.024902
0.001953
-0.009277
-0.009277
-0.020996
-0.036621
-0.048340
-0.036621
-0.017090
-0.005371
-0.009277
-0.005371
-0.009277
-0.009277
-0.024902
-0.024902
-0.036621
-0.017090
-0.024902
-0.009277
0.001953
-0.020996
-0.017090
-0.001465
-0.001465
-0.005371
0.005859
0.009766
0.025391
0.017578
0.021484
0.009766
0.009766
-0.020996
-0.009277
-0.024902
-0.020996
-0.032715
-0.032715
-0.032715
-0.036621
-0.040527
-0.052246
-0.032715
-0.040527
-0.040527
-0.020996
-0.028809
-0.020996
-0.009277
-0.013184
-0.052246
-0.028809
-0.028809
-0.009277
-0.005371
-0.005371
0.001953
0.009766
-0.009277
-0.020996
-0.024902
-0.032715
-0.036621
-0.017090
-0.020996
-0.024902
-0.048340
-0.032715
-0.028809
-0.052246
-0.036621
-0.036621
-0.040527
-0.032715
-0.036621
-0.036621
-0.036621
-0.040527
-0.036621
-0.052246
-0.024902
-0.020996
-0.036621
-0.020996
-0.017090
-0.013184
-0.005371
0.005859
0.005859
0.009766
0.005859
0.001953
-0.009277
0.009766
-0.013184
-0.020996
-0.036621
-0.013184
-0.028809
-0.048340
-0.040527
-0.017090
-0.028809
-0.028809
-0.028809
-0.020996
0.009766
0.001953
-0.001465
-0.044434
-0.009277
-0.036621
-0.048340
-0.032715
-0.020996
-0.024902
-0.017090
-0.005371
-0.020996
-0.013184
-0.005371
-0.005371
-0.020996
-0.020996
-0.013184
-0.024902
-0.009277
0.001953
-0.001465
-0.036621
-0.017090
-0.001465
-0.001465
-0.005371
-0.013184
-0.020996
-0.017090
-0.009277
-0.032715
-0.028809
-0.032715
-0.024902
-0.017090
-0.013184
-0.036621
-0.009277
-0.001465
-0.009277
-0.020996
-0.005371
-0.001465
-0.017090
-0.017090
-0.017090
0.013672
0.001953
-0.013184
0.001953
0.005859
-0.009277
-0.017090
-0.013184
-0.005371
-0.020996
-0.009277
-0.001465
-0.017090
-0.009277
-0.028809
-0.005371
0.009766
0.009766
0.009766
-0.005371
0.001953
0.005859
-0.005371
0.021484
0.017578
0.013672
0.009766
0.005859
0.009766
0.017578
-0.020996
0.009766
-0.020996
-0.001465
0.005859
-0.009277
-0.001465
0.005859
0.017578
0.009766
0.009766
0.001953
-0.024902
-0.009277
-0.020996
-0.017090
-0.017090
-0.009277
-0.017090
0.005859
0.017578
-0.005371
-0.001465
-0.009277
-0.024902
-0.009277
-0.005371
-0.013184
-0.017090
-0.028809
-0.009277
0.001953
0.001953
0.025391
0.029297
0.017578
0.009766
0.009766
0.009766
-0.020996
-0.001465
-0.005371
-0.017090
0.005859
0.009766
0.005859
-0.005371
0.013672
-0.001465
0.009766
0.033203
0.009766
0.021484
0.009766
-0.001465
0.009766
0.009766
0.009766
0.001953
-0.001465
0.001953
-0.005371
0.005859
0.001953
-0.028809
-0.001465
-0.005371
-0.009277
-0.001465
-0.036621
-0.024902
-0.005371
-0.001465
-0.005371
-0.001465
0.001953
0.013672
0.001953
0.021484
0.017578
0.005859
0.005859
0.013672
0.009766
0.009766
0.025391
0.044434
0.033203
-0.005371
0.009766
0.009766
0.009766
-0.001465
0.005859
-0.005371
-0.005371
-0.013184
-0.020996
-0.024902
-0.017090
-0.013184
-0.017090
0.005859
-0.028809
-0.005371
0.001953
0.005859
-0.005371
-0.013184
-0.013184
0.005859
-0.005371
-0.009277
-0.001465
0.009766
-0.005371
-0.013184
-0.001465
0.001953
-0.005371
0.005859
-0.005371
-0.009277
-0.005371
-0.001465
-0.009277
-0.005371
0.005859
-0.001465
0.001953
-0.020996
0.009766
0.001953
-0.001465
0.001953
-0.005371
0.009766
0.005859
0.005859
0.005859
-0.009277
-0.009277
0.005859
-0.020996
-0.009277
-0.005371
0.001953
-0.013184
-0.001465
0.005859
-0.020996
0.001953
-0.001465
-0.005371
-0.005371
-0.009277
-0.017090
-0.009277
-0.020996
-0.001465
-0.005371
0.005859
-0.001465
-0.013184
-0.009277
-0.017090
-0.017090
-0.017090
-0.009277
0.005859
-0.013184
-0.005371
-0.017090
-0.013184
-0.009277
-0.020996
-0.013184
-0.005371
-0.005371
0.037109
0.009766
0.025391
0.021484
0.009766
0.009766
0.009766
0.009766
0.025391
0.009766
0.009766
0.033203
0.025391
0.025391
0.037109
0.025391
0.044434
0.025391
0.025391
0.044434
0.005859
0.041016
0.041016
0.005859
0.033203
0.029297
0.029297
0.037109
0.037109
0.044434
0.044434
0.052246
0.071777
0.048340
0.044434
0.037109
0.025391
-0.005371
0.025391
0.041016
0.052246
-0.005371
0.048340
0.056152
-0.013184
0.009766
0.025391
0.033203
-0.005371
-0.067871
-0.024902
-0.052246
0.021484
0.037109
0.041016
0.091309
0.083496
0.067871
0.021484
0.009766
0.025391
0.025391
0.033203
0.052246
0.037109
0.029297
0.029297
0.029297
0.017578
-0.020996
-0.009277
-0.028809
-0.060059
-0.060059
-0.044434
-0.048340
-0.067871
-0.063965
-0.052246
-0.028809
-0.017090
-0.020996
-0.009277
-0.040527
-0.017090
-0.032715
-0.036621
-0.024902
-0.017090
-0.001465
-0.044434
-0.028809
-0.032715
-0.036621
-0.063965
-0.056152
-0.052246
-0.060059
-0.052246
-0.052246
-0.071777
-0.075684
-0.071777
-0.079590
-0.103027
-0.071777
-0.083496
-0.075684
-0.071777
-0.079590
-0.060059
-0.048340
-0.060059
-0.063965
-0.091309
-0.091309
-0.083496
-0.087402
-0.075684
-0.056152
-0.083496
-0.056152
-0.060059
-0.056152
-0.063965
-0.032715
-0.056152
-0.056152
-0.067871
-0.048340
-0.052246
-0.060059
-0.063965
-0.071777
-0.040527
-0.028809
-0.028809
-0.036621
-0.024902
-0.001465
-0.044434
-0.009277
-0.040527
-0.048340
-0.067871
-0.060059
-0.060059
-0.075684
-0.079590
-0.095215
-0.079590
-0.071777
-0.040527
-0.075684
-0.060059
-0.052246
-0.083496
-0.095215
-0.067871
-0.067871
-0.063965
-0.044434
-0.036621
-0.024902
-0.032715
-0.032715
-0.040527
-0.052246
-0.040527
-0.044434
-0.005371
-0.028809
-0.009277
-0.028809
-0.036621
-0.036621
-0.036621
-0.044434
-0.024902
-0.071777
-0.060059
-0.056152
-0.067871
-0.040527
-0.040527
-0.040527
-0.044434
-0.056152
-0.044434
-0.036621
-0.009277
-0.024902
-0.020996
0.001953
0.013672
-0.017090
0.005859
0.001953
-0.005371
-0.013184
-0.005371
-0.001465
-0.036621
-0.036621
-0.063965
-0.071777
-0.063965
-0.114746
-0.052246
-0.067871
-0.056152
-0.067871
-0.056152
-0.048340
-0.067871
-0.091309
-0.075684
-0.063965
-0.063965
-0.063965
-0.040527
-0.052246
-0.032715
-0.032715
-0.040527
-0.036621
-0.067871
-0.075684
-0.060059
-0.052246
-0.040527
-0.040527
-0.060059
-0.063965
-0.056152
-0.056152
-0.071777
-0.052246
-0.032715
-0.020996
-0.056152
-0.052246
-0.052246
-0.032715
-0.020996
-0.020996
-0.017090
-0.005371
-0.005371
-0.009277
-0.009277
-0.048340
-0.056152
-0.060059
-0.056152
-0.063965
-0.036621
-0.052246
-0.063965
-0.071777
-0.060059
-0.071777
-0.071777
-0.075684
-0.079590
-0.071777
-0.071777
-0.067871
-0.083496
-0.056152
-0.063965
-0.036621
-0.028809
-0.044434
-0.052246
-0.052246
-0.060059
-0.087402
-0.067871
-0.063965
-0.048340
-0.075684
-0.060059
-0.067871
-0.079590
-0.083496
-0.060059
-0.075684
-0.036621
-0.044434
-0.032715
-0.052246
-0.040527
-0.036621
-0.052246
-0.032715
-0.040527
-0.036621
-0.040527
-0.036621
-0.017090
-0.036621
-0.044434
-0.028809
-0.024902
-0.028809
-0.036621
-0.028809
-0.036621
-0.020996
-0.020996
-0.005371
-0.024902
-0.013184
-0.020996
-0.028809
-0.020996
-0.028809
-0.040527
-0.024902
-0.028809
-0.017090
-0.028809
-0.017090
-0.020996
-0.017090
-0.020996
-0.009277
-0.036621
-0.024902
-0.013184
-0.017090
-0.024902
-0.028809
-0.028809
-0.020996
-0.009277
-0.024902
-0.028809
-0.044434
-0.024902
-0.013184
-0.028809
-0.036621
-0.017090
-0.032715
-0.009277
-0.028809
-0.040527
-0.036621
-0.052246
-0.044434
-0.036621
-0.071777
-0.067871
-0.048340
-0.040527
-0.044434
-0.040527
-0.017090
-0.040527
-0.036621
-0.017090
0.009766
-0.024902
-0.056152
-0.052246
-0.052246
-0.024902
-0.028809
-0.005371
-0.001465
-0.009277
0.001953
0.005859
-0.013184
-0.013184
0.005859
-0.001465
0.005859
0.005859
0.001953
-0.028809
-0.048340
-0.024902
-0.009277
-0.013184
-0.024902
-0.020996
-0.028809
-0.013184
-0.009277
-0.036621
-0.017090
-0.013184
-0.005371
0.001953
-0.020996
-0.001465
0.001953
0.005859
0.005859
-0.005371
-0.013184
-0.009277
-0.013184
-0.009277
0.005859
-0.009277
-0.009277
-0.020996
-0.009277
-0.005371
-0.001465
-0.020996
-0.040527
-0.028809
-0.036621
-0.013184
-0.052246
-0.036621
-0.056152
-0.032715
-0.040527
-0.028809
-0.048340
-0.032715
-0.036621
-0.036621
-0.036621
-0.009277
-0.028809
-0.036621
-0.013184
-0.024902
0.005859
-0.009277
-0.024902
-0.036621
-0.017090
-0.036621
-0.020996
-0.028809
-0.052246
-0.052246
-0.020996
-0.036621
-0.036621
-0.032715
-0.052246
-0.036621
-0.036621
-0.052246
-0.056152
-0.052246
-0.044434
-0.032715
-0.028809
-0.024902
-0.005371
-0.028809
-0.024902
-0.020996
-0.028809
-0.005371
-0.001465
-0.001465
0.005859
-0.001465
-0.005371
-0.005371
0.009766
-0.020996
0.013672
0.021484
0.001953
0.037109
0.001953
-0.005371
-0.005371
-0.001465
-0.009277
-0.005371
-0.005371
-0.032715
-0.028809
-0.044434
-0.024902
-0.017090
-0.009277
-0.001465
-0.024902
-0.005371
-0.009277
-0.020996
0.009766
-0.009277
0.001953
0.009766
-0.013184
-0.044434
-0.028809
-0.024902
-0.024902
-0.036621
-0.020996
-0.024902
-0.028809
-0.028809
-0.020996
-0.028809
-0.020996
-0.005371
-0.032715
-0.013184
-0.017090
-0.001465
-0.040527
-0.028809
-0.013184
-0.017090
-0.024902
-0.040527
-0.009277
-0.024902
-0.009277
-0.013184
0.009766
-0.009277
-0.001465
-0.005371
0.001953
-0.017090
-0.020996
-0.017090
-0.013184
-0.013184
-0.017090
-0.013184
0.017578
-0.009277
-0.017090
0.013672
0.009766
0.021484
-0.005371
0.001953
-0.017090
-0.024902
-0.013184
-0.005371
-0.005371
-0.017090
-0.020996
0.001953
0.009766
0.025391
0.013672
-0.013184
0.001953
0.009766
-0.005371
0.001953
0.009766
0.005859
-0.001465
-0.024902
-0.005371
-0.024902
-0.036621
-0.024902
-0.032715
-0.024902
-0.032715
-0.028809
-0.020996
-0.020996
0.001953
0.005859
-0.017090
-0.017090
-0.040527
-0.028809
-0.028809
-0.036621
-0.013184
-0.005371
-0.017090
-0.020996
-0.032715
-0.032715
-0.020996
-0.028809
-0.024902
-0.001465
0.009766
-0.005371
-0.013184
-0.009277
-0.009277
-0.005371
-0.009277
-0.001465
-0.005371
-0.005371
-0.009277
-0.024902
-0.017090
-0.024902
-0.036621
-0.013184
-0.013184
-0.013184
-0.009277
-0.001465
-0.001465
-0.013184
-0.005371
-0.009277
-0.005371
0.005859
-0.001465
-0.013184
-0.013184
-0.005371
-0.013184
-0.013184
-0.028809
-0.020996
-0.024902
-0.040527
-0.056152
-0.017090
-0.044434
-0.083496
-0.052246
-0.020996
-0.032715
-0.060059
-0.056152
-0.056152
-0.020996
-0.009277
-0.013184
0.009766
0.005859
0.009766
0.009766
0.017578
-0.013184
-0.020996
-0.036621
-0.052246
-0.060059
-0.067871
-0.063965
-0.067871
-0.067871
-0.028809
-0.009277
-0.024902
-0.005371
-0.009277
-0.017090
-0.017090
-0.020996
-0.020996
-0.024902
-0.017090
-0.005371
-0.020996
-0.028809
0.005859
-0.017090
-0.052246
-0.024902
-0.036621
0.001953
-0.001465
0.021484
0.029297
0.001953
-0.036621
-0.032715
-0.063965
-0.044434
-0.067871
-0.083496
-0.114746
-0.075684
-0.099121
-0.153320
-0.149414
-0.067871
-0.060059
-0.063965
-0.063965
-0.075684
-0.075684
-0.095215
-0.095215
-0.079590
-0.052246
-0.052246
-0.017090
0.001953
0.029297
0.005859
0.001953
-0.028809
-0.048340
-0.063965
-0.114746
-0.095215
-0.091309
-0.091309
-0.122559
-0.118652
-0.122559
-0.122559
-0.114746
-0.067871
-0.052246
-0.071777
-0.095215
-0.079590
-0.079590
-0.056152
-0.048340
-0.024902
-0.052246
-0.024902
0.009766
0.025391
0.060059
0.060059
0.103027
0.099121
0.099121
0.122559
0.071777
0.056152
0.033203
0.063965
0.083496
0.033203
0.009766
-0.005371
0.009766
-0.013184
-0.044434
-0.040527
-0.032715
-0.024902
-0.020996
0.009766
0.048340
0.048340
0.087402
0.099121
0.060059
0.071777
0.106934
0.087402
0.060059
0.041016
0.052246
0.041016
0.048340
0.052246
0.063965
0.067871
0.106934
0.130371
0.079590
0.071777
0.056152
0.079590
0.099121
0.079590
0.048340
0.122559
0.173340
0.200684
0.185059
0.142090
0.033203
0.044434
0.223633
0.211914
0.165527
0.079590
0.067871
-0.017090
-0.067871
-0.122559
-0.118652
-0.044434
-0.009277
-0.020996
0.009766
0.005859
0.025391
0.025391
0.005859
-0.001465
-0.005371
0.001953
0.041016
0.044434
0.071777
0.075684
0.079590
0.067871
0.063965
0.075684
0.087402
0.099121
0.071777
0.060059
0.048340
0.071777
0.091309
0.110840
0.161621
0.169434
0.157715
0.114746
0.130371
0.106934
0.106934
0.099121
0.083496
0.060059
0.041016
0.029297
0.060059
0.063965
0.091309
0.095215
0.095215
0.099121
0.110840
0.095215
0.083496
0.056152
0.048340
0.048340
0.048340
0.048340
0.079590
0.106934
0.095215
0.110840
0.110840
0.118652
0.110840
0.114746
0.114746
0.075684
0.087402
0.087402
0.087402
0.052246
0.060059
0.067871
0.087402
0.060059
0.063965
0.029297
0.029297
-0.005371
-0.009277
-0.005371
-0.024902
0.009766
0.017578
0.025391
0.005859
0.009766
0.044434
0.079590
0.079590
0.091309
0.067871
0.071777
0.063965
0.071777
0.056152
0.013672
0.029297
0.009766
-0.005371
0.005859
-0.001465
-0.001465
-0.024902
-0.040527
-0.048340
-0.017090
0.005859
0.005859
0.009766
0.013672
0.009766
0.025391
0.029297
0.013672
0.037109
-0.020996
-0.005371
0.009766
-0.005371
0.009766
-0.020996
-0.020996
0.001953
-0.017090
-0.005371
-0.009277
-0.036621
-0.017090
-0.032715
-0.044434
-0.017090
-0.028809
-0.001465
0.029297
0.009766
0.017578
0.021484
0.009766
0.009766
0.005859
-0.013184
-0.005371
-0.001465
-0.032715
-0.036621
-0.036621
-0.040527
-0.060059
-0.060059
-0.083496
-0.056152
-0.060059
-0.087402
-0.075684
-0.060059
-0.056152
-0.052246
-0.028809
-0.032715
-0.009277
0.009766
0.021484
0.033203
0.021484
0.017578
0.025391
0.017578
0.001953
0.009766
0.013672
-0.005371
-0.013184
-0.020996
-0.020996
-0.048340
-0.052246
-0.044434
-0.083496
-0.056152
-0.067871
-0.067871
-0.075684
-0.075684
-0.063965
-0.028809
-0.017090
-0.009277
-0.005371
0.005859
-0.013184
-0.013184
-0.020996
-0.036621
-0.032715
-0.009277
0.001953
-0.009277
0.009766
-0.005371
-0.001465
-0.020996
-0.028809
-0.017090
-0.052246
-0.032715
-0.017090
-0.009277
-0.013184
-0.036621
-0.052246
-0.020996
-0.040527
-0.028809
-0.052246
-0.013184
-0.024902
-0.052246
-0.040527
-0.028809
-0.020996
-0.036621
-0.020996
-0.028809
-0.013184
-0.017090
-0.001465
-0.020996
-0.024902
-0.040527
-0.052246
-0.060059
-0.067871
-0.032715
-0.028809
-0.028809
-0.017090
-0.020996
0.001953
0.001953
0.029297
0.001953
0.009766
-0.001465
0.005859
-0.017090
-0.024902
-0.005371
-0.005371
-0.013184
-0.001465
-0.032715
-0.040527
-0.036621
-0.009277
-0.028809
-0.017090
-0.001465
-0.005371
-0.024902
-0.017090
-0.013184
-0.024902
-0.017090
-0.040527
-0.048340
-0.024902
-0.020996
-0.013184
0.001953
-0.013184
-0.013184
-0.024902
-0.020996
-0.013184
-0.020996
-0.024902
-0.005371
-0.005371
-0.013184
-0.005371
-0.005371
-0.017090
-0.024902
-0.036621
-0.044434
-0.036621
-0.020996
-0.036621
-0.052246
-0.040527
-0.067871
-0.060059
-0.036621
-0.060059
-0.056152
-0.020996
-0.017090
-0.028809
-0.020996
-0.017090
-0.024902
-0.017090
-0.013184
-0.020996
0.001953
-0.009277
-0.013184
-0.020996
-0.017090
-0.005371
-0.024902
-0.044434
-0.036621
-0.013184
-0.024902
-0.032715
-0.028809
-0.024902
-0.009277
-0.013184
-0.020996
-0.017090
-0.017090
-0.017090
-0.017090
-0.028809
-0.017090
-0.001465
-0.028809
-0.001465
-0.017090
-0.024902
-0.020996
-0.017090
-0.005371
0.001953
-0.005371
0.009766
-0.036621
0.001953
0.005859
-0.013184
-0.013184
-0.001465
0.005859
-0.001465
0.009766
0.009766
0.001953
-0.001465
0.001953
-0.009277
-0.005371
0.001953
0.001953
0.013672
-0.001465
-0.005371
0.017578
-0.013184
0.013672
0.009766
-0.013184
0.001953
-0.005371
-0.020996
-0.020996
-0.017090
-0.009277
-0.024902
-0.017090
-0.028809
-0.036621
-0.032715
-0.028809
-0.024902
-0.017090
-0.017090
0.005859
-0.028809
-0.017090
0.001953
-0.013184
0.001953
-0.009277
-0.005371
-0.001465
-0.017090
0.005859
-0.024902
-0.028809
-0.032715
-0.024902
-0.040527
-0.028809
-0.024902
-0.009277
-0.040527
-0.009277
-0.024902
-0.036621
-0.036621
-0.005371
-0.005371
-0.013184
-0.017090
-0.001465
-0.032715
-0.028809
-0.001465
-0.017090
-0.020996
-0.028809
-0.032715
-0.036621
-0.020996
-0.040527
-0.017090
-0.017090
-0.001465
-0.005371
-0.013184
-0.020996
-0.005371
-0.024902
-0.024902
-0.020996
-0.036621
-0.032715
-0.040527
-0.044434
-0.060059
-0.040527
-0.052246
-0.071777
-0.032715
-0.028809
0.001953
-0.009277
0.009766
0.052246
0.033203
0.041016
0.048340
0.052246
0.063965
0.044434
-0.040527
-0.009277
-0.005371
-0.036621
-0.056152
-0.063965
-0.060059
-0.071777
-0.060059
-0.052246
-0.048340
-0.056152
-0.060059
-0.083496
-0.032715
-0.052246
-0.125977
-0.196289
-0.149414
-0.122559
-0.125977
-0.079590
-0.079590
-0.091309
-0.083496
-0.052246
-0.013184
0.013672
0.033203
0.044434
0.037109
0.021484
0.025391
0.052246
0.067871
0.060059
0.099121
0.099121
0.071777
0.079590
0.087402
0.130371
0.177246
0.181152
0.211914
0.211914
0.177246
0.173340
0.185059
0.177246
0.079590
0.056152
-0.087402
-0.172852
-0.165039
-0.079590
-0.036621
-0.020996
-0.087402
-0.095215
-0.071777
-0.044434
-0.067871
-0.099121
-0.114746
-0.145508
-0.087402
-0.048340
0.005859
0.037109
0.041016
0.063965
0.005859
-0.017090
-0.099121
-0.129883
-0.196289
-0.235352
-0.250977
-0.239258
-0.188477
-0.223633
-0.293457
-0.290039
-0.270508
-0.312988
-0.282227
-0.312988
-0.332520
-0.332520
-0.301270
-0.239258
-0.223633
-0.172852
-0.153320
-0.099121
-0.091309
-0.099121
-0.157227
-0.227539
-0.223633
-0.172852
-0.145508
-0.145508
-0.153320
-0.133789
-0.157227
-0.196289
-0.208008
-0.254883
-0.262695
-0.250977
-0.274414
-0.293457
-0.312988
-0.282227
-0.282227
-0.247070
-0.211914
-0.200195
-0.211914
-0.204102
-0.215820
-0.172852
-0.149414
-0.192383
-0.196289
-0.211914
-0.231445
-0.239258
-0.243164
-0.239258
-0.274414
-0.309082
-0.290039
-0.286133
-0.219727
-0.180664
-0.192383
-0.192383
-0.211914
-0.227539
-0.258789
-0.266602
-0.258789
-0.262695
-0.243164
-0.270508
-0.278320
-0.297363
-0.328613
-0.293457
-0.332520
-0.250977
-0.239258
-0.239258
-0.215820
-0.153320
-0.227539
-0.239258
-0.235352
-0.208008
-0.211914
-0.239258
-0.223633
-0.227539
-0.200195
-0.145508
-0.165039
-0.145508
-0.118652
-0.122559
-0.114746
-0.133789
-0.118652
-0.087402
-0.083496
-0.067871
-0.067871
-0.106934
-0.056152
-0.052246
-0.024902
-0.024902
-0.020996
-0.009277
0.037109
0.025391
0.009766
0.044434
0.029297
0.044434
0.037109
0.009766
0.041016
0.009766
0.041016
0.052246
0.044434
0.048340
0.041016
0.044434
0.048340
0.052246
0.056152
0.029297
0.029297
0.017578
0.005859
0.211914
-0.005371
0.037109
-0.013184
0.025391
-0.001465
0.001953
0.009766
0.009766
0.009766
0.029297
0.041016
0.021484
0.009766
0.033203
0.041016
0.017578
-0.005371
-0.009277
-0.013184
-0.001465
-0.005371
0.025391
0.021484
0.029297
0.005859
0.009766
-0.028809
-0.024902
-0.009277
0.009766
0.009766
-0.001465
0.029297
-0.024902
-0.005371
0.041016
0.063965
0.033203
0.009766
0.044434
0.052246
0.052246
0.052246
0.060059
0.052246
0.052246
0.083496
0.083496
0.083496
0.095215
0.071777
0.087402
0.075684
0.063965
0.071777
0.071777
0.083496
0.067871
0.048340
0.052246
0.056152
0.044434
0.052246
0.060059
0.013672
0.009766
0.044434
0.044434
0.048340
0.044434
0.021484
0.017578
0.005859
0.001953
0.037109
-0.001465
-0.020996
0.009766
0.021484
0.033203
0.025391
-0.020996
0.009766
-0.017090
0.021484
0.005859
-0.005371
-0.009277
0.009766
-0.013184
-0.036621
-0.017090
-0.005371
-0.024902
-0.036621
-0.017090
-0.020996
-0.005371
-0.048340
-0.009277
-0.024902
-0.036621
-0.048340
-0.028809
-0.032715
-0.048340
-0.036621
-0.017090
-0.036621
-0.040527
-0.067871
-0.036621
-0.005371
-0.020996
-0.024902
-0.017090
-0.013184
-0.005371
-0.020996
-0.032715
-0.032715
-0.028809
-0.032715
-0.044434
-0.020996
-0.020996
-0.009277
-0.020996
0.005859
-0.020996
-0.017090
-0.017090
-0.087402
-0.036621
-0.024902
0.005859
0.005859
-0.005371
-0.005371
0.001953
0.013672
-0.013184
-0.028809
-0.032715
-0.005371
-0.024902
-0.009277
-0.040527
-0.017090
-0.009277
-0.005371
0.005859
-0.028809
-0.009277
-0.013184
-0.056152
-0.036621
-0.044434
-0.044434
-0.009277
0.021484
-0.013184
-0.044434
-0.020996
-0.032715
-0.036621
-0.048340
-0.028809
-0.028809
-0.028809
-0.024902
-0.052246
-0.040527
-0.024902
-0.005371
-0.028809
-0.001465
-0.052246
-0.060059
0.009766
-0.001465
-0.028809
-0.040527
-0.020996
-0.024902
-0.009277
-0.024902
-0.024902
-0.032715
-0.052246
-0.032715
-0.036621
-0.044434
-0.013184
-0.013184
-0.040527
-0.028809
-0.020996
-0.036621
-0.040527
-0.044434
-0.036621
-0.040527
-0.024902
-0.044434
-0.040527
-0.024902
-0.020996
-0.013184
-0.005371
-0.020996
-0.020996
-0.020996
-0.044434
-0.028809
-0.024902
-0.048340
-0.001465
-0.017090
-0.005371
-0.013184
-0.020996
-0.017090
-0.028809
-0.028809
-0.044434
-0.032715
-0.032715
-0.032715
-0.044434
-0.048340
-0.017090
-0.040527
-0.044434
-0.048340
-0.017090
-0.040527
-0.036621
-0.032715
-0.028809
-0.036621
-0.040527
-0.024902
-0.044434
-0.036621
-0.060059
-0.032715
-0.048340
-0.040527
-0.075684
-0.071777
-0.067871
-0.044434
-0.028809
-0.040527
-0.036621
-0.017090
-0.036621
-0.056152
-0.048340
-0.024902
-0.048340
-0.044434
-0.052246
-0.071777
-0.063965
-0.056152
-0.067871
-0.067871
-0.118652
-0.075684
-0.060059
-0.020996
-0.067871
-0.052246
-0.020996
-0.052246
-0.024902
-0.052246
-0.036621
-0.036621
-0.032715
-0.075684
-0.052246
-0.040527
-0.024902
-0.060059
-0.083496
-0.079590
-0.048340
-0.052246
-0.060059
-0.083496
-0.079590
-0.079590
-0.075684
-0.099121
-0.103027
-0.075684
-0.087402
-0.079590
-0.099121
-0.079590
-0.087402
-0.075684
-0.083496
-0.125977
-0.063965
-0.052246
-0.067871
-0.067871
-0.091309
-0.103027
-0.071777
-0.071777
-0.060059
-0.071777
-0.067871
-0.071777
-0.079590
-0.056152
-0.083496
-0.095215
-0.067871
-0.067871
-0.083496
-0.079590
-0.087402
-0.091309
-0.079590
-0.095215
-0.071777
-0.091309
-0.075684
-0.099121
-0.087402
-0.063965
-0.071777
-0.087402
-0.083496
-0.129883
-0.114746
-0.071777
-0.075684
-0.125977
-0.133789
-0.099121
-0.087402
-0.110840
-0.133789
-0.110840
-0.075684
-0.071777
-0.091309
-0.056152
-0.110840
-0.083496
-0.133789
-0.103027
-0.137695
-0.122559
-0.122559
-0.125977
-0.106934
-0.125977
-0.125977
-0.125977
-0.122559
-0.118652
-0.122559
-0.114746
-0.114746
-0.106934
-0.118652
-0.063965
-0.056152
-0.063965
-0.075684
-0.087402
-0.106934
-0.091309
-0.083496
-0.122559
-0.099121
-0.087402
-0.063965
-0.044434
-0.032715
-0.032715
-0.028809
-0.017090
-0.040527
-0.028809
-0.052246
-0.083496
-0.067871
-0.083496
-0.067871
-0.075684
-0.056152
-0.056152
-0.075684
-0.114746
-0.137695
-0.168945
-0.180664
-0.223633
-0.231445
-0.211914
-0.192383
-0.168945
-0.133789
-0.176758
-0.153320
-0.149414
-0.157227
-0.153320
-0.137695
-0.161133
-0.176758
-0.180664
-0.180664
-0.176758
-0.196289
-0.204102
-0.219727
-0.239258
-0.247070
-0.278320
-0.278320
-0.286133
-0.301270
-0.305176
-0.293457
-0.274414
-0.239258
-0.243164
-0.258789
-0.274414
-0.278320
-0.286133
-0.286133
-0.282227
-0.301270
-0.286133
-0.262695
-0.278320
-0.254883
-0.297363
-0.262695
-0.301270
-0.286133
-0.270508
-0.290039
-0.286133
-0.286133
-0.324707
-0.336426
-0.324707
-0.309082
-0.316895
-0.301270
-0.274414
-0.274414
-0.258789
-0.262695
-0.250977
-0.211914
-0.176758
-0.141602
-0.122559
-0.114746
-0.161133
-0.157227
-0.184570
-0.192383
-0.180664
-0.211914
-0.211914
-0.215820
-0.219727
-0.196289
-0.200195
-0.165039
-0.141602
-0.122559
-0.106934
-0.114746
-0.114746
-0.083496
-0.079590
-0.079590
-0.079590
-0.079590
-0.024902
-0.013184
-0.017090
0.005859
-0.005371
-0.013184
-0.020996
-0.024902
-0.040527
-0.048340
-0.052246
-0.032715
-0.028809
-0.028809
-0.017090
-0.013184
0.005859
-0.005371
0.009766
0.005859
-0.017090
-0.020996
-0.020996
-0.036621
-0.040527
-0.024902
-0.024902
0.005859
-0.001465
0.001953
0.009766
0.009766
0.001953
0.009766
0.044434
0.033203
0.060059
0.017578
0.037109
0.021484
0.044434
0.021484
0.021484
0.025391
0.041016
0.037109
0.009766
0.041016
0.025391
-0.005371
-0.020996
-0.024902
-0.009277
0.005859
0.044434
0.009766
-0.005371
-0.036621
-0.048340
-0.009277
0.005859
0.021484
0.009766
-0.013184
-0.005371
-0.005371
0.013672
0.005859
0.001953
0.009766
-0.013184
-0.024902
-0.020996
-0.013184
-0.044434
-0.024902
-0.024902
-0.024902
0.017578
0.025391
0.029297
0.009766
0.005859
-0.001465
-0.005371
-0.020996
-0.017090
-0.020996
-0.028809
-0.001465
0.013672
-0.005371
0.005859
-0.032715
-0.024902
-0.024902
-0.036621
-0.040527
-0.052246
-0.032715
-0.024902
-0.005371
-0.017090
0.017578
0.009766
0.017578
0.017578
0.037109
0.017578
0.033203
0.009766
0.033203
0.033203
0.009766
0.001953
0.001953
0.005859
-0.005371
-0.001465
-0.005371
0.009766
0.025391
0.009766
0.029297
0.009766
0.009766
0.005859
0.025391
0.009766
0.033203
0.037109
0.029297
0.044434
0.041016
0.048340
0.060059
0.041016
0.044434
0.052246
0.060059
0.048340
0.033203
0.060059
0.017578
-0.013184
0.005859
0.005859
-0.005371
-0.001465
-0.005371
0.009766
0.009766
0.009766
-0.005371
0.060059
0.041016
0.029297
0.025391
0.009766
0.009766
0.009766
0.013672
-0.013184
0.009766
0.009766
0.001953
0.029297
0.017578
0.021484
0.009766
0.001953
0.005859
-0.032715
-0.020996
0.013672
0.021484
-0.001465
-0.013184
-0.009277
0.017578
-0.005371
0.001953
0.009766
0.029297
-0.001465
0.021484
0.009766
0.001953
0.009766
0.005859
0.025391
0.017578
0.025391
0.021484
0.025391
0.009766
0.021484
0.013672
0.009766
-0.005371
-0.020996
-0.020996
-0.005371
0.001953
0.005859
0.009766
0.009766
-0.024902
0.001953
0.009766
-0.017090
0.009766
0.009766
0.021484
0.013672
0.009766
-0.009277
-0.013184
0.005859
0.005859
0.009766
0.009766
-0.009277
-0.005371
-0.005371
-0.013184
-0.020996
-0.036621
-0.009277
0.001953
-0.005371
-0.001465
-0.005371
-0.005371
0.009766
0.001953
0.009766
0.013672
0.001953
-0.005371
-0.009277
-0.009277
-0.009277
0.005859
-0.005371
-0.036621
-0.032715
-0.024902
-0.009277
-0.001465
-0.005371
-0.024902
0.005859
-0.013184
-0.013184
0.001953
-0.005371
0.005859
-0.017090
-0.013184
-0.001465
-0.005371
0.013672
0.009766
-0.020996
-0.024902
-0.001465
0.001953
-0.005371
0.021484
0.009766
0.009766
0.009766
0.001953
-0.009277
0.005859
0.013672
0.009766
0.001953
-0.001465
0.005859
0.009766
0.009766
0.009766
0.009766
0.037109
0.029297
0.017578
0.005859
0.001953
-0.001465
0.005859
0.009766
0.001953
0.025391
0.009766
0.009766
0.009766
-0.005371
0.009766
0.052246
0.017578
0.025391
0.029297
0.041016
0.017578
0.044434
0.009766
0.009766
0.005859
0.009766
0.009766
0.001953
-0.005371
-0.013184
-0.020996
-0.017090
-0.009277
-0.020996
-0.017090
-0.013184
-0.013184
-0.009277
-0.013184
-0.009277
-0.005371
0.009766
-0.009277
-0.009277
-0.001465
0.001953
0.005859
0.001953
0.009766
-0.028809
-0.013184
0.001953
-0.013184
-0.013184
-0.024902
-0.028809
-0.024902
-0.024902
-0.032715
-0.036621
-0.032715
-0.040527
-0.017090
-0.013184
0.001953
0.001953
-0.013184
-0.024902
-0.009277
0.001953
-0.005371
0.013672
-0.009277
-0.001465
0.001953
0.001953
-0.005371
-0.048340
-0.056152
-0.056152
-0.024902
-0.032715
-0.020996
-0.024902
-0.052246
-0.044434
-0.032715
-0.009277
-0.020996
-0.024902
0.001953
0.005859
0.025391
0.013672
-0.024902
0.005859
0.017578
-0.001465
-0.017090
-0.052246
-0.028809
-0.009277
-0.020996
0.005859
-0.028809
-0.017090
-0.032715
-0.036621
-0.028809
-0.009277
-0.009277
-0.020996
-0.036621
-0.024902
-0.024902
0.001953
0.009766
0.005859
-0.013184
0.001953
-0.017090
-0.024902
-0.032715
-0.005371
-0.024902
-0.048340
-0.013184
-0.017090
-0.040527
-0.032715
-0.044434
-0.017090
-0.040527
-0.028809
-0.017090
-0.020996
-0.024902
-0.044434
-0.005371
-0.040527
-0.048340
-0.036621
-0.040527
-0.036621
-0.020996
-0.036621
-0.024902
-0.024902
-0.048340
-0.013184
-0.005371
-0.009277
-0.001465
-0.009277
-0.009277
-0.032715
-0.024902
-0.020996
-0.032715
-0.017090
-0.024902
-0.028809
-0.009277
-0.020996
-0.017090
-0.052246
-0.013184
-0.017090
-0.024902
-0.036621
-0.009277
-0.036621
-0.028809
-0.024902
-0.024902
-0.040527
-0.028809
-0.036621
-0.052246
-0.044434
-0.028809
-0.036621
-0.020996
-0.020996
-0.028809
-0.036621
-0.024902
-0.020996
-0.036621
-0.036621
-0.032715
-0.052246
-0.036621
-0.048340
-0.036621
-0.052246
-0.001465
-0.032715
-0.040527
-0.032715
-0.036621
-0.036621
-0.040527
-0.017090
-0.024902
-0.036621
-0.020996
-0.017090
-0.017090
-0.048340
-0.024902
0.009766
-0.009277
-0.005371
0.005859
-0.005371
-0.036621
-0.017090
-0.028809
-0.013184
0.001953
-0.009277
-0.032715
-0.067871
-0.056152
-0.052246
-0.024902
-0.009277
-0.009277
-0.028809
-0.032715
-0.020996
-0.001465
0.001953
-0.009277
-0.020996
-0.009277
-0.052246
-0.032715
-0.028809
-0.024902
-0.017090
-0.009277
-0.001465
-0.013184
-0.009277
-0.005371
-0.028809
-0.028809
-0.036621
-0.032715
-0.083496
-0.048340
-0.060059
-0.060059
-0.063965
-0.052246
-0.052246
-0.020996
-0.017090
-0.017090
-0.032715
-0.032715
-0.176758
-0.028809
-0.044434
-0.052246
-0.036621
-0.024902
-0.024902
-0.028809
-0.017090
-0.005371
-0.036621
-0.052246
-0.060059
-0.063965
-0.040527
-0.040527
-0.020996
-0.036621
-0.052246
-0.028809
-0.028809
-0.020996
-0.009277
-0.024902
-0.020996
-0.052246
-0.020996
-0.036621
-0.036621
-0.009277
-0.024902
-0.044434
-0.009277
-0.091309
-0.083496
-0.048340
-0.040527
-0.032715
-0.083496
-0.067871
-0.063965
-0.060059
-0.067871
-0.052246
-0.052246
-0.063965
-0.067871
-0.067871
-0.063965
-0.044434
-0.052246
-0.040527
-0.036621
-0.040527
-0.052246
-0.071777
-0.063965
-0.048340
-0.052246
-0.063965
-0.056152
-0.063965
-0.044434
-0.087402
-0.060059
-0.040527
-0.060059
-0.048340
-0.056152
-0.060059
-0.056152
-0.032715
-0.036621
-0.028809
-0.036621
-0.052246
-0.028809
-0.028809
-0.044434
-0.028809
-0.044434
-0.036621
-0.036621
-0.036621
-0.032715
-0.009277
-0.020996
-0.024902
-0.032715
-0.028809
-0.028809
-0.032715
-0.048340
-0.028809
-0.028809
-0.056152
-0.024902
-0.024902
-0.028809
-0.028809
-0.040527
-0.056152
-0.040527
-0.048340
-0.048340
-0.060059
-0.067871
-0.036621
-0.044434
-0.020996
-0.040527
-0.032715
-0.060059
-0.052246
-0.040527
-0.048340
-0.079590
-0.044434
-0.044434
-0.052246
-0.036621
-0.060059
-0.040527
-0.056152
-0.067871
-0.032715
-0.036621
-0.044434
-0.056152
-0.040527
-0.052246
-0.044434
-0.024902
-0.020996
-0.032715
-0.036621
-0.040527
-0.028809
-0.005371
-0.024902
-0.009277
-0.032715
-0.040527
-0.052246
-0.036621
-0.044434
-0.052246
-0.052246
-0.052246
-0.048340
-0.056152
-0.052246
-0.052246
-0.024902
-0.020996
-0.044434
-0.040527
-0.032715
-0.036621
-0.020996
-0.036621
-0.020996
-0.020996
-0.040527
-0.040527
-0.024902
-0.040527
-0.052246
-0.048340
-0.067871
-0.056152
-0.048340
-0.020996
-0.028809
-0.036621
-0.060059
-0.044434
-0.036621
-0.024902
-0.024902
-0.024902
-0.024902
-0.032715
-0.001465
-0.032715
-0.044434
-0.048340
-0.017090
-0.036621
-0.009277
-0.020996
-0.024902
-0.032715
-0.013184
-0.009277
-0.017090
-0.028809
-0.032715
-0.013184
-0.044434
-0.036621
-0.040527
-0.017090
-0.052246
-0.036621
-0.005371
-0.036621
-0.028809
-0.017090
-0.036621
-0.024902
-0.028809
-0.024902
-0.028809
-0.009277
-0.024902
-0.040527
-0.032715
-0.040527
-0.044434
-0.036621
-0.060059
-0.032715
-0.052246
-0.052246
-0.028809
-0.017090
-0.024902
-0.020996
-0.032715
-0.036621
-0.009277
-0.009277
-0.028809
-0.040527
-0.013184
-0.032715
-0.013184
-0.013184
-0.036621
-0.032715
-0.036621
-0.044434
-0.040527
-0.040527
-0.052246
-0.020996
-0.040527
-0.020996
-0.044434
-0.036621
-0.048340
-0.013184
-0.020996
-0.052246
-0.056152
-0.052246
-0.052246
-0.036621
-0.036621
-0.052246
-0.040527
-0.044434
-0.056152
-0.056152
-0.056152
-0.036621
-0.048340
-0.044434
-0.052246
-0.032715
-0.005371
-0.032715
-0.020996
0.001953
-0.020996
-0.009277
-0.036621
-0.024902
-0.044434
-0.036621
-0.036621
-0.052246
-0.036621
-0.036621
-0.028809
-0.017090
-0.017090
-0.048340
-0.009277
-0.028809
-0.032715
-0.036621
-0.017090
-0.020996
-0.036621
-0.032715
-0.056152
-0.032715
-0.009277
-0.036621
-0.020996
-0.040527
-0.020996
-0.024902
-0.020996
-0.024902
-0.009277
-0.032715
-0.032715
-0.036621
-0.024902
-0.060059
-0.013184
-0.036621
-0.036621
-0.036621
-0.060059
-0.020996
-0.032715
-0.036621
-0.001465
-0.032715
-0.028809
-0.005371
-0.024902
-0.009277
-0.024902
-0.013184
-0.020996
-0.024902
-0.032715
-0.036621
-0.024902
-0.028809
-0.028809
-0.013184
-0.032715
-0.075684
-0.032715
-0.028809
-0.036621
-0.024902
-0.036621
-0.028809
-0.032715
-0.028809
-0.024902
-0.040527
-0.028809
-0.032715
-0.028809
-0.017090
-0.013184
-0.013184
-0.020996
-0.040527
-0.028809
-0.036621
-0.036621
-0.040527
-0.001465
-0.032715
-0.009277
-0.052246
-0.036621
-0.044434
-0.032715
-0.036621
-0.056152
-0.052246
-0.009277
-0.024902
-0.052246
-0.044434
-0.028809
-0.017090
-0.036621
-0.013184
-0.028809
-0.028809
-0.036621
-0.005371
-0.036621
-0.024902
-0.052246
-0.020996
-0.020996
0.005859
0.005859
-0.005371
0.009766
-0.044434
-0.028809
-0.028809
-0.020996
-0.056152
-0.052246
-0.075684
-0.060059
-0.099121
-0.079590
-0.114746
-0.087402
-0.087402
-0.079590
-0.063965
-0.056152
-0.052246
-0.060059
-0.048340
-0.079590
-0.060059
-0.052246
-0.052246
-0.044434
-0.024902
-0.032715
-0.005371
-0.020996
-0.017090
-0.052246
-0.052246
-0.052246
-0.071777
-0.067871
-0.079590
-0.071777
-0.083496
-0.052246
-0.024902
-0.036621
-0.048340
-0.048340
-0.060059
-0.052246
-0.052246
-0.071777
-0.087402
-0.071777
-0.087402
-0.114746
-0.087402
-0.103027
-0.106934
-0.079590
-0.063965
-0.075684
-0.067871
-0.083496
-0.075684
-0.071777
-0.087402
-0.079590
-0.063965
-0.060059
-0.028809
-0.024902
-0.044434
-0.052246
-0.044434
-0.063965
-0.099121
-0.075684
-0.083496
-0.079590
-0.099121
-0.071777
-0.071777
-0.091309
-0.079590
